   86.000000000000000       0.14925472261092498        5.8550116892543821E-003
   86.049999999999997       0.14030496245335999        4.8988029459148888E-003
   86.099999999999994       0.15652133979209820        6.6307801600786545E-003
   86.149999999999991       0.15900384622037761        6.8012377219393346E-003
   86.199999999999989       0.15236596602323360        6.3702708141811270E-003
   86.249999999999986       0.15981443220815880        6.4353868367910926E-003
   86.299999999999983       0.16182969989739868        6.0558909902507022E-003
   86.349999999999980       0.16713276099049934        6.8355121127174701E-003
   86.399999999999977       0.17594900815814940        7.7750773670161501E-003
   86.449999999999974       0.16809620957990190        6.5019701387882111E-003
   86.499999999999972       0.17640050902742424        6.6386522574395160E-003
   86.549999999999969       0.16964260381704180        6.2740042448138156E-003
   86.599999999999966       0.18377920257723468        7.9820061281313959E-003
   86.649999999999963       0.18987118067623943        7.8533046299886968E-003
   86.699999999999960       0.18322845049119516        6.4929799737476618E-003
   86.749999999999957       0.19357936724614511        7.1136958728067043E-003
   86.799999999999955       0.19472373688040687        7.5433521146767617E-003
   86.849999999999952       0.20574833502559653        8.2022355506604760E-003
   86.899999999999949       0.19461913308152140        7.2645184779001242E-003
   86.949999999999946       0.18963227102708133        5.9549984416511648E-003
   86.999999999999943       0.20009002633198444        6.7804095587216326E-003
   87.049999999999940       0.20102019538410762        6.7177069959827211E-003
   87.099999999999937       0.21059967230278201        7.4992896271415801E-003
   87.149999999999935       0.21727617943769181        8.2050770433289427E-003
   87.199999999999932       0.23776075934028038        9.5110693580026714E-003
   87.249999999999929       0.21427039667751080        7.7838532977831205E-003
   87.299999999999926       0.23253435706791736        8.3942205746367037E-003
   87.349999999999923       0.23862477978185787        8.2135569131950928E-003
   87.399999999999920       0.23192391318186661        7.4173932385077782E-003
   87.449999999999918       0.24483080239645116        7.8896128596397819E-003
   87.499999999999915       0.24420991939010864        8.0813556997032191E-003
   87.549999999999912       0.27190210582379831        1.0228150094813147E-002
   87.599999999999909       0.27027144554284965        1.0070023448562632E-002
   87.649999999999906       0.26606367644348355        8.3220528951332348E-003
   87.699999999999903       0.25731685205767696        7.8803817467814289E-003
   87.749999999999901       0.28983745458256255        9.9294132334194797E-003
   87.799999999999898       0.28523334762231833        9.9793904828334758E-003
   87.849999999999895       0.29240190175432634        9.4517662169118430E-003
   87.899999999999892       0.29592416232837221        9.8922779176575330E-003
   87.949999999999889       0.30222773224092392        9.8607839826139396E-003
   87.999999999999886       0.31595390770085169        9.8261535260843781E-003
   88.049999999999883       0.32073358786650447        1.0951466978382285E-002
   88.099999999999881       0.32435075706443972        1.0209405821181017E-002
   88.149999999999878       0.33942093505300358        1.1047959099078856E-002
   88.199999999999875       0.32152816568406467        9.8510871118300918E-003
   88.249999999999872       0.34851660203785356        1.0671387321219451E-002
   88.299999999999869       0.35754084491732840        1.0964408169432369E-002
   88.349999999999866       0.35034642541204863        9.8061043657061125E-003
   88.399999999999864       0.38595700244254727        1.1194984728418173E-002
   88.449999999999861       0.37367565333114539        1.1232089239644541E-002
   88.499999999999858       0.38406918462769835        1.1394296125561866E-002
   88.549999999999855       0.38547099190798073        1.0584145835898413E-002
   88.599999999999852       0.42162381144837363        1.2807095920934947E-002
   88.649999999999849       0.42659982361428572        1.1431662403185733E-002
   88.699999999999847       0.42328925186983474        1.1691810819502969E-002
   88.749999999999844       0.43668304448406620        1.1055330091067106E-002
   88.799999999999841       0.44269331590643163        1.1365375669843920E-002
   88.849999999999838       0.45256877161013237        1.1364921768004415E-002
   88.899999999999835       0.49149889234303179        1.3146982585847048E-002
   88.949999999999832       0.50871488017876143        1.3190414291959109E-002
   88.999999999999829       0.50680525941984600        1.3268854580539188E-002
   89.049999999999827       0.52106450647587832        1.3226288391482275E-002
   89.099999999999824       0.52286402744039706        1.3178455512624572E-002
   89.149999999999821       0.56736637813932478        1.4865001409821978E-002
   89.199999999999818       0.56766012701853863        1.3475100614683993E-002
   89.249999999999815       0.58955337715196676        1.4225186667462947E-002
   89.299999999999812       0.63143332691100817        1.5948866009548673E-002
   89.349999999999810       0.61041790883125446        1.4996727116639583E-002
   89.399999999999807       0.63903501763691994        1.4047964470722716E-002
   89.449999999999804       0.67874966173863427        1.6788741158956774E-002
   89.499999999999801       0.70192343446562933        1.6617445498845283E-002
   89.549999999999798       0.69592867336561548        1.5493826815085323E-002
   89.599999999999795       0.74577782829285799        1.6408758548719388E-002
   89.649999999999793       0.74775148695888938        1.5771962349045817E-002
   89.699999999999790       0.76917543082509066        1.6627853677296536E-002
   89.749999999999787       0.81607864723526913        1.6940036086808198E-002
   89.799999999999784       0.86407383818351524        1.8215758859809292E-002
   89.849999999999781       0.86114281240972890        1.7474193262409496E-002
   89.899999999999778       0.91529189545982959        1.8899669839956768E-002
   89.949999999999775       0.92511583348691728        1.7896393419105306E-002
   89.999999999999773       0.98247461807706993        1.9918798710986025E-002
   90.049999999999770       0.97822577029675928        1.8619616759041682E-002
   90.099999999999767        1.0150145528765169        1.8332709199431689E-002
   90.149999999999764        1.0925867121747126        2.0812081768434184E-002
   90.199999999999761        1.1370674970192538        2.1513936460319131E-002
   90.249999999999758        1.1553265959747603        2.1445029239460983E-002
   90.299999999999756        1.1904102407069062        2.0463005729737256E-002
   90.349999999999753        1.2587687779637278        2.2683537468110786E-002
   90.399999999999750        1.3019787507458043        2.1957238604538638E-002
   90.449999999999747        1.3451135143355681        2.3097689561712417E-002
   90.499999999999744        1.4148686384536022        2.3785733679778209E-002
   90.549999999999741        1.4173196087291988        2.2263610708832093E-002
   90.599999999999739        1.4331567423374441        2.2477517164417569E-002
   90.649999999999736        1.5288239117895692        2.3948476490197157E-002
   90.699999999999733        1.5473692503682583        2.3980500592580806E-002
   90.749999999999730        1.6576750681156112        2.4871319612417751E-002
   90.799999999999727        1.7212426332830959        2.6340317686851137E-002
   90.849999999999724        1.7432862209333422        2.6688090306621209E-002
   90.899999999999721        1.7486951938667874        2.5014581730433128E-002
   90.949999999999719        1.8006395032861160        2.5556580931051707E-002
   90.999999999999716        1.9196357112094684        2.7959096048596119E-002
   91.049999999999713        1.9441779910121810        2.8395515807016342E-002
   91.099999999999710        1.9669022775908249        2.7426048733936094E-002
   91.149999999999707        2.0521791456506628        2.8882877214760062E-002
   91.199999999999704        2.0422615426486006        2.7687503743973930E-002
   91.249999999999702        2.1685135189891045        2.9591873960718783E-002
   91.299999999999699        2.1926571228492673        3.0959516981616086E-002
   91.349999999999696        2.1734827807066410        2.8692481600481268E-002
   91.399999999999693        2.1770444263618507        2.9204514102027651E-002
   91.449999999999690        2.2209859424458918        3.0817515264480445E-002
   91.499999999999687        2.1799145863514036        2.8935059486944876E-002
   91.549999999999685        2.2276818853427103        2.9588993946917684E-002
   91.599999999999682        2.2604255969547813        3.0986216975508893E-002
   91.649999999999679        2.2093922079522343        2.9589332301982522E-002
   91.699999999999676        2.1812995926328425        2.8744863728400523E-002
   91.749999999999673        2.2131217465916975        3.0168914659859016E-002
   91.799999999999670        2.1358390688504585        2.9156039045809230E-002
   91.849999999999667        2.1095563622427460        2.9144419112922364E-002
   91.899999999999665        2.0754856903506926        2.8834407877229625E-002
   91.949999999999662        2.0054330263721574        2.6941764236968348E-002
   91.999999999999659        2.0409845839894638        2.9315811436201173E-002
   92.049999999999656        1.9298990419027093        2.7507377137321511E-002
   92.099999999999653        1.8952363972296080        2.6276078876717707E-002
   92.149999999999650        1.8283251725198326        2.7283536677824245E-002
   92.199999999999648        1.8240960132972315        2.7762380134567530E-002
   92.249999999999645        1.7097253883640868        2.4740929723500334E-002
   92.299999999999642        1.6846079386576076        2.5316487910370698E-002
   92.349999999999639        1.6421465085085487        2.4648320954485829E-002
   92.399999999999636        1.5815772973471167        2.3922215477791459E-002
   92.449999999999633        1.5414185819791291        2.3758516994724227E-002
   92.499999999999631        1.5117241393277543        2.4139609637904548E-002
   92.549999999999628        1.4704690051800726        2.4400426174308591E-002
   92.599999999999625        1.3523865140346152        2.1372573513274547E-002
   92.649999999999622        1.3347503704971295        2.2347111006513935E-002
   92.699999999999619        1.3102042832642635        2.1067468236693688E-002
   92.749999999999616        1.2841040511190585        2.1803609945354449E-002
   92.799999999999613        1.2203880602202359        2.1979150455930605E-002
   92.849999999999611        1.1920535506591659        2.0569275894659806E-002
   92.899999999999608        1.1577976130204075        2.0527547807491272E-002
   92.949999999999605        1.1362417330520975        2.0235893868954472E-002
   92.999999999999602        1.0693213410087807        1.9098341609193600E-002
   93.049999999999599        1.0452305686707002        1.9711975968808682E-002
   93.099999999999596        1.0048674205341304        1.8326975632338621E-002
   93.149999999999594       0.97294367311961216        1.8272982079420304E-002
   93.199999999999591       0.95018165861225379        1.7909778169199277E-002
   93.249999999999588       0.92145534173170318        1.7848528132105631E-002
   93.299999999999585       0.88232548310670389        1.7000211294979393E-002
   93.349999999999582       0.89397466852342977        1.7854791940590437E-002
   93.399999999999579       0.82695639417199651        1.5865336659227500E-002
   93.449999999999577       0.78758367057952650        1.5330570709056418E-002
   93.499999999999574       0.81370380490008742        1.7371891559015491E-002
   93.549999999999571       0.77044917191627249        1.5114131691521218E-002
   93.599999999999568       0.76202384920786315        1.5708392469236922E-002
   93.649999999999565       0.75030451882556126        1.5354780260279276E-002
   93.699999999999562       0.69888566108940509        1.4406290944682406E-002
   93.749999999999559       0.72775442166123250        1.5079319573075716E-002
   93.799999999999557       0.68914063318213470        1.4459107003077594E-002
   93.849999999999554       0.64239254625184694        1.3155872475875931E-002
   93.899999999999551       0.65167371890239745        1.4251288059097656E-002
   93.949999999999548       0.65868747361132030        1.5054912231598697E-002
   93.999999999999545       0.62422557134634649        1.3786670659362907E-002
   94.049999999999542       0.60347826495013435        1.3099561147215506E-002
   94.099999999999540       0.59463322198721136        1.3111120016593612E-002
   94.149999999999537       0.58659585336598519        1.2768983994778323E-002
   94.199999999999534       0.55837312127612870        1.2166461804034703E-002
   94.249999999999531       0.56592931989220607        1.2751912373103944E-002
   94.299999999999528       0.53715678352914797        1.1711580004620621E-002
   94.349999999999525       0.53973658291513926        1.2394919824535685E-002
   94.399999999999523       0.51255023307018333        1.1573663375616420E-002
   94.449999999999520       0.50627956832161014        1.0909774679129602E-002
   94.499999999999517       0.51259082058411654        1.1661250797332146E-002
   94.549999999999514       0.49273650889855547        1.1247153424982968E-002
   94.599999999999511       0.50449835299945700        1.1434831117359403E-002
   94.649999999999508       0.48997550241932381        1.1319364806028014E-002
   94.699999999999505       0.46783843482301007        1.0411983257016630E-002
   94.749999999999503       0.47257001236890278        1.1218176346399071E-002
   94.799999999999500       0.45291801254051012        1.0832939615777516E-002
   94.849999999999497       0.45061482599195518        1.0052314205433130E-002
   94.899999999999494       0.42716544263848977        9.4069791287237966E-003
   94.949999999999491       0.42630726808326425        9.4626870617241735E-003
   94.999999999999488       0.43053559622746718        1.0253572368798789E-002
   95.049999999999486       0.41288885539044995        9.4304814732476903E-003
   95.099999999999483       0.40224015046696004        9.2038552706991787E-003
   95.149999999999480       0.39608986252860173        9.2370186395637939E-003
   95.199999999999477       0.39094131349576411        8.8501863519512627E-003
   95.249999999999474       0.38213080482234790        8.4145731635437669E-003
   95.299999999999471       0.38985637798863704        9.1138400343278442E-003
   95.349999999999469       0.37551215421895601        8.4092335741912296E-003
   95.399999999999466       0.37347895431138545        8.0789405307119724E-003
   95.449999999999463       0.37009388075962207        8.1739721219349776E-003
   95.499999999999460       0.37124576070451215        8.1416346707330195E-003
   95.549999999999457       0.35203390695272607        7.4760593128304995E-003
   95.599999999999454       0.37347485262164370        8.8747083339432743E-003
   95.649999999999451       0.34738501292122292        7.3997590744586082E-003
   95.699999999999449       0.34281119932934112        7.1433707740438564E-003
   95.749999999999446       0.35202312735386337        8.0916422718453358E-003
   95.799999999999443       0.33462407549102030        7.3457275978516326E-003
   95.849999999999440       0.33156558182919232        7.1527518022043756E-003
   95.899999999999437       0.34816464227062072        7.7700346540489507E-003
   95.949999999999434       0.33123647139713741        7.1703565187691744E-003
