  0.59999999999999998        0.0000000000000000        0.0000000000000000     
  0.60599999999999998        0.0000000000000000        0.0000000000000000     
  0.61199999999999999        0.0000000000000000        0.0000000000000000     
  0.61799999999999999        3.5643107163382521       0.10790251578803127     
  0.62400000000000000        10.532616923231041       0.17086865225356973     
  0.63000000000000000        10.461519144165713       0.16812732980951156     
  0.63600000000000001        10.618292832883068       0.17105083954136596     
  0.64200000000000002        10.948315782783816       0.17787056686045624     
  0.64800000000000002        11.053335553455092       0.18153486284217021     
  0.65400000000000003        11.281723730724828       0.18001126360057298     
  0.66000000000000003        11.219409520317303       0.17531844369622643     
  0.66600000000000004        11.141036565469539       0.17252493097759922     
  0.67200000000000004        11.672051383313150       0.18830518178310895     
  0.67800000000000005        11.762088136022728       0.19040211022854769     
  0.68400000000000005        11.750452022994097       0.17664339192570946     
  0.69000000000000006        11.931283585671636       0.19359451813170717     
  0.69600000000000006        12.062865608736706       0.19825605485314199     
  0.70200000000000007        11.959854651906339       0.18127112034339507     
  0.70800000000000007        12.036363472569166       0.18230187583862509     
  0.71400000000000008        12.137057511670056       0.18820805214497888     
  0.72000000000000008        12.185982895899073       0.18154891658574074     
  0.72600000000000009        12.722011714844156       0.19354575386281092     
  0.73200000000000010        12.511288946551090       0.19158029254302084     
  0.73800000000000010        12.949330651788488       0.20599540504840347     
  0.74400000000000011        12.797012759388776       0.19676671608580298     
  0.75000000000000011        12.811092435669186       0.18650583070689850     
  0.75600000000000012        13.007189409970715       0.19379759693809998     
  0.76200000000000012        13.162642310316350       0.19248177153593846     
  0.76800000000000013        13.546774206927426       0.21039646510286480     
  0.77400000000000013        13.328596065130943       0.18769503992497996     
  0.78000000000000014        13.747146996664867       0.21491927489873539     
  0.78600000000000014        13.485815641066988       0.18806508503252078     
  0.79200000000000015        13.623135101660090       0.19062402948157697     
  0.79800000000000015        14.137227689088421       0.21457902357161590     
  0.80400000000000016        14.289384474634263       0.20799073841644367     
  0.81000000000000016        14.266180837771117       0.19467817864021295     
  0.81600000000000017        14.394496424184194       0.20161665728513659     
  0.82200000000000017        14.395809532604609       0.20135500478506524     
  0.82800000000000018        14.685369790089467       0.20763016712968663     
  0.83400000000000019        14.733493143476363       0.20569205795147241     
  0.84000000000000019        15.026856247400927       0.20961972018285047     
  0.84600000000000020        14.981316298274990       0.21374419575226050     
  0.85200000000000020        15.361389418320456       0.21695344342870515     
  0.85800000000000021        15.573130183305153       0.20893879017883582     
  0.86400000000000021        15.981394634113947       0.22047062794414909     
  0.87000000000000022        15.724292805638617       0.21967546945727859     
  0.87600000000000022        16.289556332198053       0.22162997416967500     
  0.88200000000000023        16.134980074780106       0.21814864723816169     
  0.88800000000000023        16.336888751014111       0.21478612802226346     
  0.89400000000000024        16.722566212791474       0.22313354830915463     
  0.90000000000000024        16.725682987032883       0.21999045003741419     
  0.90600000000000025        17.143682804825399       0.22722669119846281     
  0.91200000000000025        17.250761396363156       0.22595976443654628     
  0.91800000000000026        17.374034645494660       0.23520462854916105     
  0.92400000000000027        17.544534011824297       0.21401430894073045     
  0.93000000000000027        18.369223088813051       0.24303211695056787     
  0.93600000000000028        18.664058028015891       0.24416463158741861     
  0.94200000000000028        18.492849948421231       0.23803156279977483     
  0.94800000000000029        18.560527773744766       0.23867294582570892     
  0.95400000000000029        18.845446367455285       0.23534432697208341     
  0.96000000000000030        19.289076669975461       0.23326353057685104     
  0.96600000000000030        19.447735374035044       0.24549424551132998     
  0.97200000000000031        19.684152594278263       0.23858075139808876     
  0.97800000000000031        20.076214707261393       0.23723873788781846     
  0.98400000000000032        20.891977382171511       0.26571101811922571     
  0.99000000000000032        21.338268976215137       0.26070829950058949     
  0.99600000000000022        21.296236902134741       0.25861438971883099     
   1.0020000000000002        22.216949306458446       0.27097542802016650     
   1.0080000000000002        22.041204401242869       0.24917502591793728     
   1.0140000000000002        22.851627182651761       0.26827820925499524     
   1.0200000000000002        22.928894049547925       0.26333391516044996     
   1.0260000000000002        23.960032092405196       0.27322408756673161     
   1.0320000000000003        24.271227736646360       0.26682019709174104     
   1.0380000000000003        25.019349715206463       0.28163323015691188     
   1.0440000000000003        25.448694270624145       0.27303059664784718     
   1.0500000000000003        26.282925138180591       0.28634166673533934     
   1.0560000000000003        26.643664355963487       0.28021622201420759     
   1.0620000000000003        28.034422751106412       0.28944575114483923     
   1.0680000000000003        29.543301968437241       0.30538335155991719     
   1.0740000000000003        30.357587616158714       0.30414812037000583     
   1.0800000000000003        31.873465215274479       0.31299026964497390     
   1.0860000000000003        34.536397808073396       0.34276990035297883     
   1.0920000000000003        35.221991073421563       0.33052304955819078     
   1.0980000000000003        37.822972649732463       0.33884328038898598     
   1.1040000000000003        40.511244510386710       0.36345589531485212     
   1.1100000000000003        44.067974615807685       0.38896100928631611     
   1.1160000000000003        46.179224948689971       0.38037333386081695     
   1.1220000000000003        47.505533855641289       0.39134969530570385     
   1.1280000000000003        46.351948141226615       0.39940692642895026     
   1.1340000000000003        39.458573516816458       0.35417125425446550     
   1.1400000000000003        30.646516557259631       0.28877333971026103     
   1.1460000000000004        23.736571935176016       0.24928286590009882     
   1.1520000000000004        18.523503277791583       0.20471105643849835     
   1.1580000000000004        15.152218633694565       0.16764092730685373     
   1.1640000000000004        12.966340136627835       0.14107283271766405     
   1.1700000000000004        11.351673580875778       0.12762234741755377     
   1.1760000000000004        10.031430225508826       0.10451383629098973     
   1.1820000000000004        9.1799301371615130        9.5501491140624270E-002
   1.1880000000000004        8.4133914353664832        8.2888011435337347E-002
   1.1940000000000004        7.8868827381723365        7.2609100591884621E-002
   1.2000000000000004        7.3856911297201204        6.4262556380011729E-002
   1.2060000000000004        7.0692432908415759        5.7411222659005716E-002
   1.2120000000000004        6.7787440775804688        5.0670922320143169E-002
   1.2180000000000004        6.5651700039192740        4.4600665884474200E-002
   1.2240000000000004        6.4504130269900442        3.9476261675420204E-002
   1.2300000000000004        6.3624594754457853        3.3401565374585010E-002
   1.2360000000000004        6.2442970884417965        2.5979409797539717E-002
   1.2420000000000004        1.4838618565600890        8.9623576301985555E-003
   1.2480000000000004        0.0000000000000000        0.0000000000000000     
   1.2540000000000004        0.0000000000000000        0.0000000000000000     
   1.2600000000000005        0.0000000000000000        0.0000000000000000     
   1.2660000000000005        0.0000000000000000        0.0000000000000000     
   1.2720000000000005        0.0000000000000000        0.0000000000000000     
   1.2780000000000005        0.0000000000000000        0.0000000000000000     
   1.2840000000000005        0.0000000000000000        0.0000000000000000     
   1.2900000000000005        0.0000000000000000        0.0000000000000000     
   1.2960000000000005        0.0000000000000000        0.0000000000000000     
   1.3020000000000005        0.0000000000000000        0.0000000000000000     
   1.3080000000000005        0.0000000000000000        0.0000000000000000     
   1.3140000000000005        0.0000000000000000        0.0000000000000000     
   1.3200000000000005        0.0000000000000000        0.0000000000000000     
   1.3260000000000005        0.0000000000000000        0.0000000000000000     
   1.3320000000000005        0.0000000000000000        0.0000000000000000     
   1.3380000000000005        0.0000000000000000        0.0000000000000000     
   1.3440000000000005        0.0000000000000000        0.0000000000000000     
   1.3500000000000005        0.0000000000000000        0.0000000000000000     
   1.3560000000000005        0.0000000000000000        0.0000000000000000     
   1.3620000000000005        0.0000000000000000        0.0000000000000000     
   1.3680000000000005        0.0000000000000000        0.0000000000000000     
   1.3740000000000006        0.0000000000000000        0.0000000000000000     
   1.3800000000000006        0.0000000000000000        0.0000000000000000     
   1.3860000000000006        0.0000000000000000        0.0000000000000000     
   1.3920000000000006        0.0000000000000000        0.0000000000000000     
   1.3980000000000006        0.0000000000000000        0.0000000000000000     
   1.4040000000000006        0.0000000000000000        0.0000000000000000     
   1.4100000000000006        0.0000000000000000        0.0000000000000000     
   1.4160000000000006        0.0000000000000000        0.0000000000000000     
   1.4220000000000006        0.0000000000000000        0.0000000000000000     
   1.4280000000000006        0.0000000000000000        0.0000000000000000     
   1.4340000000000006        0.0000000000000000        0.0000000000000000     
   1.4400000000000006        0.0000000000000000        0.0000000000000000     
   1.4460000000000006        0.0000000000000000        0.0000000000000000     
   1.4520000000000006        0.0000000000000000        0.0000000000000000     
   1.4580000000000006        0.0000000000000000        0.0000000000000000     
   1.4640000000000006        0.0000000000000000        0.0000000000000000     
   1.4700000000000006        0.0000000000000000        0.0000000000000000     
   1.4760000000000006        0.0000000000000000        0.0000000000000000     
   1.4820000000000007        0.0000000000000000        0.0000000000000000     
   1.4880000000000007        0.0000000000000000        0.0000000000000000     
   1.4940000000000007        0.0000000000000000        0.0000000000000000     
   1.5000000000000007        0.0000000000000000        0.0000000000000000     
   1.5060000000000007        0.0000000000000000        0.0000000000000000     
   1.5120000000000007        0.0000000000000000        0.0000000000000000     
   1.5180000000000007        0.0000000000000000        0.0000000000000000     
   1.5240000000000007        0.0000000000000000        0.0000000000000000     
   1.5300000000000007        0.0000000000000000        0.0000000000000000     
   1.5360000000000007        0.0000000000000000        0.0000000000000000     
   1.5420000000000007        0.0000000000000000        0.0000000000000000     
   1.5480000000000007        0.0000000000000000        0.0000000000000000     
   1.5540000000000007        0.0000000000000000        0.0000000000000000     
   1.5600000000000007        0.0000000000000000        0.0000000000000000     
   1.5660000000000007        0.0000000000000000        0.0000000000000000     
   1.5720000000000007        0.0000000000000000        0.0000000000000000     
   1.5780000000000007        0.0000000000000000        0.0000000000000000     
   1.5840000000000007        0.0000000000000000        0.0000000000000000     
   1.5900000000000007        0.0000000000000000        0.0000000000000000     
   1.5960000000000008        0.0000000000000000        0.0000000000000000     
   1.6020000000000008        0.0000000000000000        0.0000000000000000     
   1.6080000000000008        0.0000000000000000        0.0000000000000000     
   1.6140000000000008        0.0000000000000000        0.0000000000000000     
   1.6200000000000008        0.0000000000000000        0.0000000000000000     
   1.6260000000000008        0.0000000000000000        0.0000000000000000     
   1.6320000000000008        0.0000000000000000        0.0000000000000000     
   1.6380000000000008        0.0000000000000000        0.0000000000000000     
   1.6440000000000008        0.0000000000000000        0.0000000000000000     
   1.6500000000000008        0.0000000000000000        0.0000000000000000     
   1.6560000000000008        0.0000000000000000        0.0000000000000000     
   1.6620000000000008        0.0000000000000000        0.0000000000000000     
   1.6680000000000008        0.0000000000000000        0.0000000000000000     
   1.6740000000000008        0.0000000000000000        0.0000000000000000     
   1.6800000000000008        0.0000000000000000        0.0000000000000000     
   1.6860000000000008        0.0000000000000000        0.0000000000000000     
   1.6920000000000008        0.0000000000000000        0.0000000000000000     
   1.6980000000000008        0.0000000000000000        0.0000000000000000     
   1.7040000000000008        0.0000000000000000        0.0000000000000000     
   1.7100000000000009        0.0000000000000000        0.0000000000000000     
   1.7160000000000009        0.0000000000000000        0.0000000000000000     
   1.7220000000000009        0.0000000000000000        0.0000000000000000     
   1.7280000000000009        0.0000000000000000        0.0000000000000000     
   1.7340000000000009        0.0000000000000000        0.0000000000000000     
   1.7400000000000009        0.0000000000000000        0.0000000000000000     
   1.7460000000000009        0.0000000000000000        0.0000000000000000     
   1.7520000000000009        0.0000000000000000        0.0000000000000000     
   1.7580000000000009        0.0000000000000000        0.0000000000000000     
   1.7640000000000009        0.0000000000000000        0.0000000000000000     
   1.7700000000000009        0.0000000000000000        0.0000000000000000     
   1.7760000000000009        0.0000000000000000        0.0000000000000000     
   1.7820000000000009        0.0000000000000000        0.0000000000000000     
   1.7880000000000009        0.0000000000000000        0.0000000000000000     
   1.7940000000000009        0.0000000000000000        0.0000000000000000     
