   0.0000000000000000        3.3585407763817083        1.0538802446147758E-002
  0.50000000000000000       0.86967399638914389        5.3302924827269864E-003
   1.0000000000000000       0.49737730242185496        4.0604162578797712E-003
   1.5000000000000000       0.33989306707508993        3.3181463461119591E-003
   2.0000000000000000       0.25437088661333424        2.7397455440103555E-003
   2.5000000000000000       0.19958220135058843        2.4437319597082454E-003
   3.0000000000000000       0.17039574887514458        2.3301728352800883E-003
   3.5000000000000000       0.14345524081219532        2.1806983505041613E-003
   4.0000000000000000       0.12264938928961949        2.0071618098888829E-003
   4.5000000000000000       0.11091442656001151        2.0411455601524399E-003
   5.0000000000000000        9.3821107498456138E-002   1.7821342329069629E-003
   5.5000000000000000        8.3313282296866409E-002   1.5461974641068884E-003
   6.0000000000000000        7.4598702825388108E-002   1.5417827107517617E-003
   6.5000000000000000        6.6580807516412863E-002   1.4382080450038044E-003
   7.0000000000000000        6.1716157738305542E-002   1.4043815478598388E-003
   7.5000000000000000        5.4971785380651485E-002   1.3329056986567671E-003
   8.0000000000000000        4.9749755038523247E-002   1.1885138619760983E-003
   8.5000000000000000        4.7640338673572744E-002   1.3939342501455027E-003
   9.0000000000000000        4.1875251751866148E-002   1.1451188953746400E-003
   9.5000000000000000        3.8692700926531390E-002   1.1439912104059340E-003
   10.000000000000000        3.2925462916906081E-002   8.7094796242527680E-004
   10.500000000000000        3.2735222244254493E-002   1.1732009289890995E-003
   11.000000000000000        3.0882897571712267E-002   1.1060945440542957E-003
   11.500000000000000        2.8973023025393140E-002   1.0108554629922573E-003
   12.000000000000000        2.6541386770082800E-002   9.8698302786460676E-004
   12.500000000000000        2.3881827406032043E-002   9.7475661230501823E-004
   13.000000000000000        2.1293812694863513E-002   7.9244509403961498E-004
   13.500000000000000        2.1193139647903626E-002   1.0283739277888624E-003
   14.000000000000000        1.7986917828768031E-002   7.3029739627040742E-004
   14.500000000000000        1.8042796609431970E-002   9.4616744347873077E-004
   15.000000000000000        1.4854814320242734E-002   6.8100519870163950E-004
   15.500000000000000        1.3228662949105310E-002   5.7760346843901218E-004
   16.000000000000000        1.3269905823496653E-002   6.9494266051350342E-004
   16.500000000000000        1.1860365993174193E-002   6.9715948491151658E-004
   17.000000000000000        1.0480501594409972E-002   6.5254230304915585E-004
   17.500000000000000        9.6989332080164043E-003   5.5551326245281609E-004
   18.000000000000000        8.2826226090035211E-003   5.5113450044366004E-004
   18.500000000000000        7.1583910421659175E-003   4.5414249226632784E-004
   19.000000000000000        5.1892641879254450E-003   2.6289222899036468E-004
   19.500000000000000        4.9991932375467495E-003   2.9499000460769749E-004
   20.000000000000000        4.5731994175771742E-003   4.3135031374374365E-004
   20.500000000000000        3.1934740155137170E-003   3.2835375314361689E-004
   21.000000000000000        2.4352121786756554E-003   2.8164005841331422E-004
   21.500000000000000        1.8571284723708653E-003   2.3577190880753082E-004
   22.000000000000000        1.5158363595690456E-003   1.4190991375495935E-004
   22.500000000000000        1.0623661954444136E-003   7.8006717631411366E-005
   23.000000000000000        8.4831030978627575E-004   6.8033164198479348E-005
   23.500000000000000        6.7713364743094437E-004   6.2898017573674984E-005
   24.000000000000000        5.2510522985406872E-004   6.7693940836910472E-005
   24.500000000000000        4.2132567515467729E-004   5.7300361807187248E-005
   25.000000000000000        2.7871973991433691E-004   3.1797854349146578E-005
   25.500000000000000        4.6007626950521753E-004   1.7700933229738351E-004
   26.000000000000000        5.1254375531469758E-004   2.3309479949890701E-004
   26.500000000000000        3.3321749681882037E-004   1.0227324420027235E-004
   27.000000000000000        3.7910128159423406E-004   1.6060604541496648E-004
   27.500000000000000        1.4080929502591029E-004   3.0994109430549266E-005
   28.000000000000000        9.0190908505780143E-005   1.5041971980770474E-005
   28.500000000000000        1.2028650113098771E-004   2.3326991096318628E-005
   29.000000000000000        3.5397804475605955E-004   2.3516185192303467E-004
   29.500000000000000        6.1271618780874023E-005   9.6452709710034598E-006
   30.000000000000000        7.3101174765998037E-005   1.1908621467899513E-005
   30.500000000000000        5.6724848919988960E-005   1.7648741115095319E-005
   31.000000000000000        4.6864505499912115E-005   1.0664562762159488E-005
   31.500000000000000        3.2015454548029781E-005   8.3251625189201108E-006
   32.000000000000000        3.0744196469118395E-005   1.0058668579093478E-005
   32.500000000000000        3.0122320124553291E-005   1.5434588484213720E-005
   33.000000000000000        1.3318017260824792E-005   3.7431250321440138E-006
   33.500000000000000        1.5464417960736787E-005   4.7771705274936450E-006
   34.000000000000000        1.5359031872849950E-005   4.9539642437521351E-006
   34.500000000000000        1.6009884159827589E-005   7.8730125005080248E-006
   35.000000000000000        3.3143001326458167E-006   1.5481554121902786E-006
   35.500000000000000        6.3374355359956656E-006   2.3504366232077928E-006
   36.000000000000000        2.4820314975897030E-006   1.3519339671865239E-006
   36.500000000000000        6.4912308180509681E-006   2.8454276726317510E-006
   37.000000000000000        6.5488597463288260E-007   5.1045096890808807E-007
   37.500000000000000        0.0000000000000000        0.0000000000000000     
   38.000000000000000        0.0000000000000000        0.0000000000000000     
   38.500000000000000        0.0000000000000000        0.0000000000000000     
   39.000000000000000        0.0000000000000000        0.0000000000000000     
   39.500000000000000        0.0000000000000000        0.0000000000000000     
   40.000000000000000        0.0000000000000000        0.0000000000000000     
   40.500000000000000        0.0000000000000000        0.0000000000000000     
   41.000000000000000        0.0000000000000000        0.0000000000000000     
   41.500000000000000        0.0000000000000000        0.0000000000000000     
   42.000000000000000        0.0000000000000000        0.0000000000000000     
   42.500000000000000        0.0000000000000000        0.0000000000000000     
   43.000000000000000        0.0000000000000000        0.0000000000000000     
   43.500000000000000        0.0000000000000000        0.0000000000000000     
   44.000000000000000        0.0000000000000000        0.0000000000000000     
   44.500000000000000        0.0000000000000000        0.0000000000000000     
   45.000000000000000        0.0000000000000000        0.0000000000000000     
   45.500000000000000        0.0000000000000000        0.0000000000000000     
   46.000000000000000        0.0000000000000000        0.0000000000000000     
   46.500000000000000        0.0000000000000000        0.0000000000000000     
   47.000000000000000        0.0000000000000000        0.0000000000000000     
   47.500000000000000        0.0000000000000000        0.0000000000000000     
   48.000000000000000        0.0000000000000000        0.0000000000000000     
   48.500000000000000        0.0000000000000000        0.0000000000000000     
   49.000000000000000        0.0000000000000000        0.0000000000000000     
   49.500000000000000        0.0000000000000000        0.0000000000000000     
   50.000000000000000        0.0000000000000000        0.0000000000000000     
   50.500000000000000        0.0000000000000000        0.0000000000000000     
   51.000000000000000        0.0000000000000000        0.0000000000000000     
   51.500000000000000        0.0000000000000000        0.0000000000000000     
   52.000000000000000        0.0000000000000000        0.0000000000000000     
   52.500000000000000        0.0000000000000000        0.0000000000000000     
   53.000000000000000        0.0000000000000000        0.0000000000000000     
   53.500000000000000        0.0000000000000000        0.0000000000000000     
   54.000000000000000        0.0000000000000000        0.0000000000000000     
   54.500000000000000        0.0000000000000000        0.0000000000000000     
   55.000000000000000        0.0000000000000000        0.0000000000000000     
   55.500000000000000        0.0000000000000000        0.0000000000000000     
   56.000000000000000        0.0000000000000000        0.0000000000000000     
   56.500000000000000        0.0000000000000000        0.0000000000000000     
   57.000000000000000        0.0000000000000000        0.0000000000000000     
   57.500000000000000        0.0000000000000000        0.0000000000000000     
   58.000000000000000        0.0000000000000000        0.0000000000000000     
   58.500000000000000        0.0000000000000000        0.0000000000000000     
   59.000000000000000        0.0000000000000000        0.0000000000000000     
   59.500000000000000        0.0000000000000000        0.0000000000000000     
   60.000000000000000        0.0000000000000000        0.0000000000000000     
   60.500000000000000        0.0000000000000000        0.0000000000000000     
   61.000000000000000        0.0000000000000000        0.0000000000000000     
   61.500000000000000        0.0000000000000000        0.0000000000000000     
   62.000000000000000        0.0000000000000000        0.0000000000000000     
   62.500000000000000        0.0000000000000000        0.0000000000000000     
   63.000000000000000        0.0000000000000000        0.0000000000000000     
   63.500000000000000        0.0000000000000000        0.0000000000000000     
   64.000000000000000        0.0000000000000000        0.0000000000000000     
   64.500000000000000        0.0000000000000000        0.0000000000000000     
   65.000000000000000        0.0000000000000000        0.0000000000000000     
   65.500000000000000        0.0000000000000000        0.0000000000000000     
   66.000000000000000        0.0000000000000000        0.0000000000000000     
   66.500000000000000        0.0000000000000000        0.0000000000000000     
   67.000000000000000        0.0000000000000000        0.0000000000000000     
   67.500000000000000        0.0000000000000000        0.0000000000000000     
   68.000000000000000        0.0000000000000000        0.0000000000000000     
   68.500000000000000        0.0000000000000000        0.0000000000000000     
   69.000000000000000        0.0000000000000000        0.0000000000000000     
   69.500000000000000        0.0000000000000000        0.0000000000000000     
   70.000000000000000        0.0000000000000000        0.0000000000000000     
   70.500000000000000        0.0000000000000000        0.0000000000000000     
   71.000000000000000        0.0000000000000000        0.0000000000000000     
   71.500000000000000        0.0000000000000000        0.0000000000000000     
   72.000000000000000        0.0000000000000000        0.0000000000000000     
   72.500000000000000        0.0000000000000000        0.0000000000000000     
   73.000000000000000        0.0000000000000000        0.0000000000000000     
   73.500000000000000        0.0000000000000000        0.0000000000000000     
   74.000000000000000        0.0000000000000000        0.0000000000000000     
   74.500000000000000        0.0000000000000000        0.0000000000000000     
   75.000000000000000        0.0000000000000000        0.0000000000000000     
   75.500000000000000        0.0000000000000000        0.0000000000000000     
   76.000000000000000        0.0000000000000000        0.0000000000000000     
   76.500000000000000        0.0000000000000000        0.0000000000000000     
   77.000000000000000        0.0000000000000000        0.0000000000000000     
   77.500000000000000        0.0000000000000000        0.0000000000000000     
   78.000000000000000        0.0000000000000000        0.0000000000000000     
   78.500000000000000        0.0000000000000000        0.0000000000000000     
   79.000000000000000        0.0000000000000000        0.0000000000000000     
   79.500000000000000        0.0000000000000000        0.0000000000000000     
   80.000000000000000        0.0000000000000000        0.0000000000000000     
   80.500000000000000        0.0000000000000000        0.0000000000000000     
   81.000000000000000        0.0000000000000000        0.0000000000000000     
   81.500000000000000        0.0000000000000000        0.0000000000000000     
   82.000000000000000        0.0000000000000000        0.0000000000000000     
   82.500000000000000        0.0000000000000000        0.0000000000000000     
   83.000000000000000        0.0000000000000000        0.0000000000000000     
   83.500000000000000        0.0000000000000000        0.0000000000000000     
   84.000000000000000        0.0000000000000000        0.0000000000000000     
   84.500000000000000        0.0000000000000000        0.0000000000000000     
   85.000000000000000        0.0000000000000000        0.0000000000000000     
   85.500000000000000        0.0000000000000000        0.0000000000000000     
   86.000000000000000        0.0000000000000000        0.0000000000000000     
   86.500000000000000        0.0000000000000000        0.0000000000000000     
   87.000000000000000        0.0000000000000000        0.0000000000000000     
   87.500000000000000        0.0000000000000000        0.0000000000000000     
   88.000000000000000        0.0000000000000000        0.0000000000000000     
   88.500000000000000        0.0000000000000000        0.0000000000000000     
   89.000000000000000        0.0000000000000000        0.0000000000000000     
   89.500000000000000        0.0000000000000000        0.0000000000000000     
   90.000000000000000        0.0000000000000000        0.0000000000000000     
   90.500000000000000        0.0000000000000000        0.0000000000000000     
   91.000000000000000        0.0000000000000000        0.0000000000000000     
   91.500000000000000        0.0000000000000000        0.0000000000000000     
   92.000000000000000        0.0000000000000000        0.0000000000000000     
   92.500000000000000        0.0000000000000000        0.0000000000000000     
   93.000000000000000        0.0000000000000000        0.0000000000000000     
   93.500000000000000        0.0000000000000000        0.0000000000000000     
   94.000000000000000        0.0000000000000000        0.0000000000000000     
   94.500000000000000        0.0000000000000000        0.0000000000000000     
   95.000000000000000        0.0000000000000000        0.0000000000000000     
   95.500000000000000        0.0000000000000000        0.0000000000000000     
   96.000000000000000        0.0000000000000000        0.0000000000000000     
   96.500000000000000        0.0000000000000000        0.0000000000000000     
   97.000000000000000        0.0000000000000000        0.0000000000000000     
   97.500000000000000        0.0000000000000000        0.0000000000000000     
   98.000000000000000        0.0000000000000000        0.0000000000000000     
   98.500000000000000        0.0000000000000000        0.0000000000000000     
   99.000000000000000        0.0000000000000000        0.0000000000000000     
   99.500000000000000        0.0000000000000000        0.0000000000000000     
