   86.000000000000000       0.18011659841339869        8.2400860221053807E-003
   86.049999999999997       0.16880844078216514        6.2244967177137785E-003
   86.099999999999994       0.18319857879325474        6.7203814773930913E-003
   86.149999999999991       0.17708480580115987        7.0022756934206461E-003
   86.199999999999989       0.20186828648809468        9.2751693687078123E-003
   86.249999999999986       0.19274618371418459        7.7883875386135781E-003
   86.299999999999983       0.19650359407973206        6.8366310733990153E-003
   86.349999999999980       0.19968581083535256        8.4185306269138425E-003
   86.399999999999977       0.21366064346409752        8.9602735342017275E-003
   86.449999999999974       0.20543454351756082        7.7807296652627235E-003
   86.499999999999972       0.20113407011542969        6.9736243101812647E-003
   86.549999999999969       0.20070326503264282        6.6041856890106344E-003
   86.599999999999966       0.20401288933691400        6.9607578688562662E-003
   86.649999999999963       0.21107681488306040        7.0992039832280434E-003
   86.699999999999960       0.22704631884756010        8.3159733320913049E-003
   86.749999999999957       0.23861916970871314        9.6919033532246058E-003
   86.799999999999955       0.22544192725648302        8.6187229887601385E-003
   86.849999999999952       0.23935147821273453        9.4482075566203992E-003
   86.899999999999949       0.24070850734180435        8.1688502857840510E-003
   86.949999999999946       0.23862115692640948        7.7067461447014717E-003
   86.999999999999943       0.24325690925221735        8.2744779748203465E-003
   87.049999999999940       0.23967459308038064        7.1102140166603043E-003
   87.099999999999937       0.27478718240082040        1.0458503947405993E-002
   87.149999999999935       0.26482974517441610        8.9747236311912733E-003
   87.199999999999932       0.27305137654694417        9.9240882506753478E-003
   87.249999999999929       0.27139729126245560        8.9292236615764516E-003
   87.299999999999926       0.27793941620809515        8.9653366333319294E-003
   87.349999999999923       0.29983534199518141        1.1207661906559625E-002
   87.399999999999920       0.29600391581914931        9.9482838799253188E-003
   87.449999999999918       0.31397924520370241        1.1124366916535804E-002
   87.499999999999915       0.31782377760789227        1.0274554954470883E-002
   87.549999999999912       0.33332008984066663        1.1390704738235937E-002
   87.599999999999909       0.31441540055829109        1.0276579628663785E-002
   87.649999999999906       0.34031971674311223        1.1027309346459424E-002
   87.699999999999903       0.33230753658559320        1.0577952956884856E-002
   87.749999999999901       0.33524405587021994        1.0257715268395135E-002
   87.799999999999898       0.34413328265691634        1.0700531027711379E-002
   87.849999999999895       0.35942372290944563        1.0587502280849974E-002
   87.899999999999892       0.36573197080053027        1.1095440756548955E-002
   87.949999999999889       0.37177895534239158        1.0578092207695499E-002
   87.999999999999886       0.39559519275936134        1.1865020706667787E-002
   88.049999999999883       0.40402282460883421        1.2471540658098678E-002
   88.099999999999881       0.40466609873815917        1.2609370537180071E-002
   88.149999999999878       0.43353822220181931        1.3410880328634810E-002
   88.199999999999875       0.42547385617980754        1.1607868923588652E-002
   88.249999999999872       0.44815732068146347        1.3079887082017842E-002
   88.299999999999869       0.44547630229040591        1.2193382796062305E-002
   88.349999999999866       0.46239922194385658        1.2448593141831138E-002
   88.399999999999864       0.47549348107615436        1.2788623019819447E-002
   88.449999999999861       0.46518712514528171        1.1809878706647308E-002
   88.499999999999858       0.51919918695880896        1.3640830959557747E-002
   88.549999999999855       0.51520423238335411        1.2811304438343381E-002
   88.599999999999852       0.54316333877642886        1.4358569954323211E-002
   88.649999999999849       0.53126383592198545        1.3511399784321140E-002
   88.699999999999847       0.54573140924407859        1.3031755816379144E-002
   88.749999999999844       0.58051391217101178        1.4552645553269990E-002
   88.799999999999841       0.58857394301909294        1.4077819612296556E-002
   88.849999999999838       0.64040666967741455        1.6523320679038514E-002
   88.899999999999835       0.64816754112946784        1.6457531865537174E-002
   88.949999999999832       0.65469935487445508        1.6480639588432593E-002
   88.999999999999829       0.68185514057816698        1.6005996834119161E-002
   89.049999999999827       0.71699569980600453        1.7614635039195213E-002
   89.099999999999824       0.74206857553940675        1.7524354024712960E-002
   89.149999999999821       0.75730257684766311        1.7351821481869822E-002
   89.199999999999818       0.79647371132001499        1.8153011571033342E-002
   89.249999999999815       0.80309634801912066        1.7585387190077465E-002
   89.299999999999812       0.84081547936134438        1.8647100388508669E-002
   89.349999999999810       0.88895643226623233        1.9511453594358279E-002
   89.399999999999807       0.89972794562134317        1.8520822566566456E-002
   89.449999999999804       0.95282422289682034        2.1230394233655744E-002
   89.499999999999801       0.94748468144450970        1.8507894611967182E-002
   89.549999999999798       0.99115147029703887        2.0280845226994668E-002
   89.599999999999795        1.0109317723153217        1.9923473555549829E-002
   89.649999999999793        1.0564201258743851        2.0401843377549911E-002
   89.699999999999790        1.0939825882857170        2.1157060521592594E-002
   89.749999999999787        1.1707554916042484        2.2568469595455609E-002
   89.799999999999784        1.1929517615268965        2.2993271089919862E-002
   89.849999999999781        1.1924444608774742        2.0766738707385657E-002
   89.899999999999778        1.3053982220408413        2.4599941089739195E-002
   89.949999999999775        1.3200760629026314        2.2846376427156305E-002
   89.999999999999773        1.3839621852541217        2.3998922126685973E-002
   90.049999999999770        1.4508446536768433        2.4907087650938551E-002
   90.099999999999767        1.4409901576487392        2.3595950972772037E-002
   90.149999999999764        1.4709779430385064        2.3367300841828503E-002
   90.199999999999761        1.5700061792008957        2.5399891103340708E-002
   90.249999999999758        1.5617618783025600        2.4359545618743955E-002
   90.299999999999756        1.6725239086045851        2.5297456014016503E-002
   90.349999999999753        1.7724645300331059        2.7742542279579539E-002
   90.399999999999750        1.7994327521994067        2.8133562437501480E-002
   90.449999999999747        1.7822837220069450        2.6286457054848458E-002
   90.499999999999744        1.8577131901630930        2.7363303500182665E-002
   90.549999999999741        1.9368159769484676        2.8448302347296173E-002
   90.599999999999739        1.9852170995317369        3.0094753240025050E-002
   90.649999999999736        2.0103856140363345        2.8435649460912826E-002
   90.699999999999733        2.1063805264228441        3.1198684892957317E-002
   90.749999999999730        2.1002595139955607        2.9459241590917763E-002
   90.799999999999727        2.2066186378340653        3.1163484840080271E-002
   90.849999999999724        2.2261732212984282        3.1553226842274344E-002
   90.899999999999721        2.2106999288888129        3.0845335032558201E-002
   90.949999999999719        2.2150619464026420        3.0458541771937398E-002
   90.999999999999716        2.2777447181949140        3.2673355365344069E-002
   91.049999999999713        2.2268046953830622        2.9951328731640216E-002
   91.099999999999710        2.2919620585927705        3.1841646495645387E-002
   91.149999999999707        2.3089066450225353        3.2696306593929025E-002
   91.199999999999704        2.2247450605705299        3.0518515122687558E-002
   91.249999999999702        2.2091436512094136        2.9766122522409753E-002
   91.299999999999699        2.2467186243778210        3.1023884105493740E-002
   91.349999999999696        2.1995517329621785        3.1416568089555438E-002
   91.399999999999693        2.1380960601322352        3.0004057621899179E-002
   91.449999999999690        2.1234023397196600        3.1268597763665369E-002
   91.499999999999687        2.0592696936714989        2.8528373757646625E-002
   91.549999999999685        2.0392550238608971        2.9578194528404489E-002
   91.599999999999682        2.0109362596205989        3.0234232516626158E-002
   91.649999999999679        1.9448953182966542        2.8350328282683312E-002
   91.699999999999676        1.8394633049126692        2.7492607865338334E-002
   91.749999999999673        1.8541000236212173        2.8583392538254655E-002
   91.799999999999670        1.7441734462274066        2.6296831253151669E-002
   91.849999999999667        1.7076974352576473        2.6659173452614857E-002
   91.899999999999665        1.7023924164490591        2.6630956655457279E-002
   91.949999999999662        1.5804531986940005        2.4029230318721836E-002
   91.999999999999659        1.5700901254956607        2.4444728359072632E-002
   92.049999999999656        1.5260474743879240        2.5670735257933546E-002
   92.099999999999653        1.4850039774896355        2.4792157855929208E-002
   92.149999999999650        1.4085849030068449        2.3546680477559406E-002
   92.199999999999648        1.3440383714637170        2.2987973414559864E-002
   92.249999999999645        1.3357508194584737        2.2689167490539130E-002
   92.299999999999642        1.2949538505400140        2.2140021329289702E-002
   92.349999999999639        1.2388347285380850        2.2564791557934078E-002
   92.399999999999636        1.1950324590395935        2.1725135984260954E-002
   92.449999999999633        1.1795895179381821        2.1284428916920721E-002
   92.499999999999631        1.1595983093617555        2.1566517097450930E-002
   92.549999999999628        1.0930461672184981        2.0789306210695788E-002
   92.599999999999625        1.0351057464145048        1.9947126045050820E-002
   92.649999999999622        1.0217610508558361        1.9657159300641242E-002
   92.699999999999619        1.0022787928574377        1.9739763701846817E-002
   92.749999999999616       0.95983204228883112        1.8408542002238928E-002
   92.799999999999613       0.94853121184858058        1.8945322407729163E-002
   92.849999999999611       0.89464573663692437        1.8670519502710217E-002
   92.899999999999608       0.85367434062338654        1.6285846658068721E-002
   92.949999999999605       0.87297107711079380        1.8161722285262617E-002
   92.999999999999602       0.80803710316805188        1.5806185803890878E-002
   93.049999999999599       0.79989614127355513        1.7773895700581105E-002
   93.099999999999596       0.76951948594866271        1.6149220454107861E-002
   93.149999999999594       0.76568446782830235        1.6438486355449984E-002
   93.199999999999591       0.73579742711831675        1.5292442182258066E-002
   93.249999999999588       0.73075199822316461        1.6509056015741003E-002
   93.299999999999585       0.69941348184472441        1.4392562190313440E-002
   93.349999999999582       0.71126026411934529        1.6172767057590423E-002
   93.399999999999579       0.67150703250952826        1.4754692398057351E-002
   93.449999999999577       0.62355902601898527        1.3164518771594625E-002
   93.499999999999574       0.64164379429749285        1.4550727667609018E-002
   93.549999999999571       0.63566454047278942        1.4389639709214768E-002
   93.599999999999568       0.61244298371040973        1.4021798482523141E-002
   93.649999999999565       0.59468760547602129        1.3128694408936666E-002
   93.699999999999562       0.59243939394619927        1.3996374969456438E-002
   93.749999999999559       0.58538109306018371        1.3453792545475751E-002
   93.799999999999557       0.55411300790013085        1.2577642428605545E-002
   93.849999999999554       0.55912056948835265        1.3526848027590280E-002
   93.899999999999551       0.53199872247017921        1.2544320286455220E-002
   93.949999999999548       0.53879491936919777        1.3497351631915511E-002
   93.999999999999545       0.52251778207636157        1.3188418888819100E-002
   94.049999999999542       0.49705076886692656        1.0999084119189727E-002
   94.099999999999540       0.47716186704043057        1.1010053676498604E-002
   94.149999999999537       0.47864079525614239        1.1258617523688055E-002
   94.199999999999534       0.47825079155844713        1.1910512929064315E-002
   94.249999999999531       0.46191313706822301        1.0878754074969646E-002
   94.299999999999528       0.46769334033160570        1.1172088363317874E-002
   94.349999999999525       0.45290737576619400        1.1274909645037011E-002
   94.399999999999523       0.43290895394987622        1.0029429385047554E-002
   94.449999999999520       0.42149007513620884        9.9927107411470692E-003
   94.499999999999517       0.44630994018345621        1.0886727498489275E-002
   94.549999999999514       0.41366419968826890        9.8631401923208843E-003
   94.599999999999511       0.42063847810455551        1.0083895087823059E-002
   94.649999999999508       0.42919353606239935        1.1024115378510824E-002
   94.699999999999505       0.39096017447010606        9.3272632887499898E-003
   94.749999999999503       0.40831530665037102        1.0241386883314711E-002
   94.799999999999500       0.40282009069597502        1.0529974730333774E-002
   94.849999999999497       0.38567991341407731        8.9932413534094431E-003
   94.899999999999494       0.37330107885386549        8.8317918097769732E-003
   94.949999999999491       0.37174618374154050        8.8763351823239467E-003
   94.999999999999488       0.36854477211663655        9.1982426164949876E-003
   95.049999999999486       0.36210567431941232        8.4348940441224957E-003
   95.099999999999483       0.34957124629254238        8.0349897246923003E-003
   95.149999999999480       0.34916425810486096        8.4841080969066951E-003
   95.199999999999477       0.33385388102949698        7.8531738525085409E-003
   95.249999999999474       0.33529639910506320        7.7455094458084295E-003
   95.299999999999471       0.33609789843952398        7.5803926424167899E-003
   95.349999999999469       0.32616329819910572        7.1735755317247265E-003
   95.399999999999466       0.33690057697544379        7.9752567499750005E-003
   95.449999999999463       0.32666603503977698        7.6348916941393619E-003
   95.499999999999460       0.31826870473228053        7.0878606098572980E-003
   95.549999999999457       0.31551065087627228        7.2790091146515317E-003
   95.599999999999454       0.34671776509600644        8.6786767727466668E-003
   95.649999999999451       0.31819029332474746        7.1187587930440629E-003
   95.699999999999449       0.30827007002363493        6.7835739850739948E-003
   95.749999999999446       0.31069123593442804        7.0151620258070615E-003
   95.799999999999443       0.30676709508948113        6.9072427348250221E-003
   95.849999999999440       0.29865165696480406        6.6644187802300560E-003
   95.899999999999437       0.30844608193062478        6.9858598259520408E-003
   95.949999999999434       0.29950183932549101        6.6901625464059209E-003
