  -2.0000000000000000        0.0000000000000000        0.0000000000000000     
  -1.9800000000000000        0.0000000000000000        0.0000000000000000     
  -1.9600000000000000        0.0000000000000000        0.0000000000000000     
  -1.9399999999999999        0.0000000000000000        0.0000000000000000     
  -1.9199999999999999        0.0000000000000000        0.0000000000000000     
  -1.8999999999999999        0.0000000000000000        0.0000000000000000     
  -1.8799999999999999        0.0000000000000000        0.0000000000000000     
  -1.8599999999999999        0.0000000000000000        0.0000000000000000     
  -1.8399999999999999        0.0000000000000000        0.0000000000000000     
  -1.8199999999999998        0.0000000000000000        0.0000000000000000     
  -1.7999999999999998        0.0000000000000000        0.0000000000000000     
  -1.7799999999999998        0.0000000000000000        0.0000000000000000     
  -1.7599999999999998        0.0000000000000000        0.0000000000000000     
  -1.7399999999999998        0.0000000000000000        0.0000000000000000     
  -1.7199999999999998        0.0000000000000000        0.0000000000000000     
  -1.6999999999999997        0.0000000000000000        0.0000000000000000     
  -1.6799999999999997        0.0000000000000000        0.0000000000000000     
  -1.6599999999999997        0.0000000000000000        0.0000000000000000     
  -1.6399999999999997        0.0000000000000000        0.0000000000000000     
  -1.6199999999999997        0.0000000000000000        0.0000000000000000     
  -1.5999999999999996        0.0000000000000000        0.0000000000000000     
  -1.5799999999999996        0.0000000000000000        0.0000000000000000     
  -1.5599999999999996        0.0000000000000000        0.0000000000000000     
  -1.5399999999999996        0.0000000000000000        0.0000000000000000     
  -1.5199999999999996        0.0000000000000000        0.0000000000000000     
  -1.4999999999999996        0.0000000000000000        0.0000000000000000     
  -1.4799999999999995        0.0000000000000000        0.0000000000000000     
  -1.4599999999999995        0.0000000000000000        0.0000000000000000     
  -1.4399999999999995        0.0000000000000000        0.0000000000000000     
  -1.4199999999999995        0.0000000000000000        0.0000000000000000     
  -1.3999999999999995        0.0000000000000000        0.0000000000000000     
  -1.3799999999999994        0.0000000000000000        0.0000000000000000     
  -1.3599999999999994        0.0000000000000000        0.0000000000000000     
  -1.3399999999999994        0.0000000000000000        0.0000000000000000     
  -1.3199999999999994       0.19777342133112630        1.4636840210170232E-002
  -1.2999999999999994       0.97907888517823993        4.4154528503559741E-002
  -1.2799999999999994        1.3815179582756787        4.4021909553897114E-002
  -1.2599999999999993        1.7056300641935800        5.3902677951833462E-002
  -1.2399999999999993        1.9237662575515651        5.3362871680528848E-002
  -1.2199999999999993        2.0086800533349991        4.5132347435304060E-002
  -1.1999999999999993        2.2973804493714574        4.9725979106287385E-002
  -1.1799999999999993        2.6267930037766583        5.5592701085694501E-002
  -1.1599999999999993        2.7372537442124045        4.8839125771399775E-002
  -1.1399999999999992        3.1227815783941866        6.4139400949826578E-002
  -1.1199999999999992        3.4987442710488827        6.9812475169493779E-002
  -1.0999999999999992        3.6776929492981529        6.9903412321614580E-002
  -1.0799999999999992        3.8922541085401994        7.3519725826332247E-002
  -1.0599999999999992        4.0270721591045300        6.8823156890947756E-002
  -1.0399999999999991        4.2663452692130805        7.7095070698891058E-002
  -1.0199999999999991        4.4149758439109528        7.7300315267677250E-002
 -0.99999999999999911        4.5588130730814216        8.0202292279991011E-002
 -0.97999999999999909        4.7122799396028237        8.4055009647260565E-002
 -0.95999999999999908        4.7596092862877990        8.2941979040927996E-002
 -0.93999999999999906        4.9084302024329025        8.2560169813909484E-002
 -0.91999999999999904        4.8548299502794192        7.5724082651239824E-002
 -0.89999999999999902        5.1009318112475288        8.3356266735858053E-002
 -0.87999999999999901        5.2458149365906692        8.2087106257278081E-002
 -0.85999999999999899        5.3391898366485320        8.9064870643944874E-002
 -0.83999999999999897        5.3110868286662418        8.1867504849990447E-002
 -0.81999999999999895        5.3956688105250974        8.2054033071475296E-002
 -0.79999999999999893        5.7893323521725204        9.4950368510131444E-002
 -0.77999999999999892        5.7527470261948084        8.8220825990327698E-002
 -0.75999999999999890        5.7594078475344750        8.9947890905889019E-002
 -0.73999999999999888        5.8085124019285281        8.8556801539050101E-002
 -0.71999999999999886        5.9250381699316410        8.6506871200572280E-002
 -0.69999999999999885        6.0623921979231925        9.1380353760083674E-002
 -0.67999999999999883        6.2409688288293168        9.4635765356157142E-002
 -0.65999999999999881        6.1266558333709318        8.8852328003121067E-002
 -0.63999999999999879        6.2228506714747303        9.1050322819787546E-002
 -0.61999999999999877        6.1684821331660435        8.5834124500153763E-002
 -0.59999999999999876        6.2990495399322652        8.6224255703299155E-002
 -0.57999999999999874        6.1648532681384092        8.3832867728298899E-002
 -0.55999999999999872        6.5393616994774622        9.6090604215038816E-002
 -0.53999999999999870        6.3489047317622891        8.6523234543457422E-002
 -0.51999999999999869        6.4917852380084060        9.1105130063872816E-002
 -0.49999999999999867        6.4744398790806956        9.2782734970341826E-002
 -0.47999999999999865        6.5227209768281007        9.2396188603350235E-002
 -0.45999999999999863        6.3530471344634787        8.8872242748252880E-002
 -0.43999999999999861        6.5163870245997177        8.7598113242283823E-002
 -0.41999999999999860        6.4959635024995412        8.5555530308313449E-002
 -0.39999999999999858        6.5815137069106608        9.2951818981178477E-002
 -0.37999999999999856        6.5834390974953862        9.4730284417288591E-002
 -0.35999999999999854        6.5808295184547196        8.9498345420151837E-002
 -0.33999999999999853        6.6267829983821400        9.2656809508178603E-002
 -0.31999999999999851        6.4056301331089820        8.3252370108404070E-002
 -0.29999999999999849        6.7339279768877489        9.6042980075456655E-002
 -0.27999999999999847        6.5696149984864602        9.1094619753662898E-002
 -0.25999999999999845        6.7404221010312346        9.4009047058514650E-002
 -0.23999999999999846        6.5496622825372732        9.4557371261865614E-002
 -0.21999999999999847        6.5077551160642244        9.2995586331834135E-002
 -0.19999999999999848        6.4195425981081540        9.1139486335689593E-002
 -0.17999999999999849        6.4128144360056094        8.4928154937925646E-002
 -0.15999999999999850        6.3391869898002344        8.6222494900073693E-002
 -0.13999999999999851        6.1917991567015216        8.0632394375028435E-002
 -0.11999999999999851        6.4748701681961842        9.2042936817868709E-002
  -9.9999999999998507E-002   6.1739289879656285        8.2977021764138889E-002
  -7.9999999999998503E-002   6.0346574874140755        8.2356052176242187E-002
  -5.9999999999998499E-002   6.3242489743015291        9.1624107223044926E-002
  -3.9999999999998495E-002   6.1371254916603624        8.7112088226839759E-002
  -1.9999999999998495E-002   6.0060647975482500        7.8362621451183861E-002
   1.5057399771478686E-015   5.9788706081938354        8.1380866290738374E-002
   2.0000000000001506E-002   6.0751661376087807        8.3660937974219182E-002
   4.0000000000001507E-002   5.8206952932353273        8.2063788551976810E-002
   6.0000000000001510E-002   5.8015198711645324        7.6520108914000476E-002
   8.0000000000001514E-002   5.8456316706457674        8.0939064547619982E-002
  0.10000000000000152        5.8677212061574329        8.5841256791241466E-002
  0.12000000000000151        5.7095507921732418        7.5097576117574130E-002
  0.14000000000000151        5.8229728072202711        8.1635535472091916E-002
  0.16000000000000150        5.6776159481620745        8.0875612193635218E-002
  0.18000000000000149        5.5960435467154515        7.9102925263298138E-002
  0.20000000000000148        5.6059530925716450        8.1072804673742213E-002
  0.22000000000000147        5.4541628316237416        7.4470526623426958E-002
  0.24000000000000146        5.5398906755172961        7.8624000892348625E-002
  0.26000000000000145        5.4245917241076214        7.5752699551254590E-002
  0.28000000000000147        5.3058613275628614        7.6392944236782168E-002
  0.30000000000000149        5.6097007740419853        8.2496341251020538E-002
  0.32000000000000151        5.2381432454993417        7.1635208573703577E-002
  0.34000000000000152        5.2600743602659445        7.7303212293965876E-002
  0.36000000000000154        5.2543195201089494        7.7810313140724716E-002
  0.38000000000000156        5.1816681388305375        7.2306703009966583E-002
  0.40000000000000158        5.2232773993212991        7.6963582698549832E-002
  0.42000000000000159        5.0030889999473267        7.0183284853483935E-002
  0.44000000000000161        5.1018591119952674        7.5720856734423539E-002
  0.46000000000000163        4.9220576000104312        7.3201619342877389E-002
  0.48000000000000165        4.9713417011909611        6.9603327875422075E-002
  0.50000000000000167        4.9401922218362984        7.4266833166850191E-002
  0.52000000000000168        4.9119528739290175        7.4160005094060039E-002
  0.54000000000000170        4.8442484128383114        7.1093188427583665E-002
  0.56000000000000172        4.6848072346842597        7.1579412357406572E-002
  0.58000000000000174        4.6868485558699016        7.5707461869761336E-002
  0.60000000000000175        4.7146990157083506        7.2997740901060523E-002
  0.62000000000000177        4.5534148127928384        6.4541787281471641E-002
  0.64000000000000179        4.4502969876016252        6.6786396219668281E-002
  0.66000000000000181        4.4569554020931275        6.7882916829544657E-002
  0.68000000000000183        4.3133040179461002        6.8192168473506592E-002
  0.70000000000000184        4.3579998121545813        7.1040094402819859E-002
  0.72000000000000186        4.1677078676246220        6.5133699792741764E-002
  0.74000000000000188        4.0826556564540626        5.9081660761292197E-002
  0.76000000000000190        4.0619239597575181        6.6294080220494850E-002
  0.78000000000000191        3.9437478885849155        6.5809658286690470E-002
  0.80000000000000193        3.9499426789626750        6.5478183658854730E-002
  0.82000000000000195        3.8285556765411850        6.3028507049053550E-002
  0.84000000000000197        3.8051795754683946        6.3085134969939546E-002
  0.86000000000000199        3.6369424853524999        6.0862286214652971E-002
  0.88000000000000200        3.6099868001854407        5.8108257957584515E-002
  0.90000000000000202        3.4398278372805207        5.8721526469958103E-002
  0.92000000000000204        3.4242484056155003        6.1101910620581623E-002
  0.94000000000000206        3.3108019766626779        5.5288043944457695E-002
  0.96000000000000207        3.1875675531851657        5.4473208463874191E-002
  0.98000000000000198        3.2544160259237946        6.2589968539555993E-002
   1.0000000000000020        3.1089307743907226        5.6224141632417401E-002
   1.0200000000000020        2.9785479205863332        5.8892510436004450E-002
   1.0400000000000020        2.9199412035722623        5.8837881696471285E-002
   1.0600000000000021        2.7988557781332717        5.5992667154240575E-002
   1.0800000000000021        2.5370027369885637        4.6240306221548885E-002
   1.1000000000000021        2.3311038506013637        4.3969785172470521E-002
   1.1200000000000021        2.1204610094480731        4.1374491143142608E-002
   1.1400000000000021        1.8543312262561975        3.7298707598876095E-002
   1.1600000000000021        1.8737634731256299        4.4138845115571659E-002
   1.1800000000000022        1.5735697822066088        3.9753492655305415E-002
   1.2000000000000022        1.3960458129296964        3.4497999733150209E-002
   1.2200000000000022        1.2661331526156667        3.7878852225384542E-002
   1.2400000000000022        1.0518688243055443        3.1179133761743111E-002
   1.2600000000000022       0.98547671995762842        4.1242952347642019E-002
   1.2800000000000022       0.66938252519447372        3.6480700271148851E-002
   1.3000000000000023        9.5758710298452371E-002   5.2996983889177533E-003
   1.3200000000000023        0.0000000000000000        0.0000000000000000     
   1.3400000000000023        0.0000000000000000        0.0000000000000000     
   1.3600000000000023        0.0000000000000000        0.0000000000000000     
   1.3800000000000023        0.0000000000000000        0.0000000000000000     
   1.4000000000000024        0.0000000000000000        0.0000000000000000     
   1.4200000000000024        0.0000000000000000        0.0000000000000000     
   1.4400000000000024        0.0000000000000000        0.0000000000000000     
   1.4600000000000024        0.0000000000000000        0.0000000000000000     
   1.4800000000000024        0.0000000000000000        0.0000000000000000     
   1.5000000000000024        0.0000000000000000        0.0000000000000000     
   1.5200000000000025        0.0000000000000000        0.0000000000000000     
   1.5400000000000025        0.0000000000000000        0.0000000000000000     
   1.5600000000000025        0.0000000000000000        0.0000000000000000     
   1.5800000000000025        0.0000000000000000        0.0000000000000000     
   1.6000000000000025        0.0000000000000000        0.0000000000000000     
   1.6200000000000025        0.0000000000000000        0.0000000000000000     
   1.6400000000000026        0.0000000000000000        0.0000000000000000     
   1.6600000000000026        0.0000000000000000        0.0000000000000000     
   1.6800000000000026        0.0000000000000000        0.0000000000000000     
   1.7000000000000026        0.0000000000000000        0.0000000000000000     
   1.7200000000000026        0.0000000000000000        0.0000000000000000     
   1.7400000000000027        0.0000000000000000        0.0000000000000000     
   1.7600000000000027        0.0000000000000000        0.0000000000000000     
   1.7800000000000027        0.0000000000000000        0.0000000000000000     
   1.8000000000000027        0.0000000000000000        0.0000000000000000     
   1.8200000000000027        0.0000000000000000        0.0000000000000000     
   1.8400000000000027        0.0000000000000000        0.0000000000000000     
   1.8600000000000028        0.0000000000000000        0.0000000000000000     
   1.8800000000000028        0.0000000000000000        0.0000000000000000     
   1.9000000000000028        0.0000000000000000        0.0000000000000000     
   1.9200000000000028        0.0000000000000000        0.0000000000000000     
   1.9400000000000028        0.0000000000000000        0.0000000000000000     
   1.9600000000000029        0.0000000000000000        0.0000000000000000     
   1.9800000000000026        0.0000000000000000        0.0000000000000000     
