   40.000000000000000        0.0000000000000000        0.0000000000000000     
   40.299999999999997        0.0000000000000000        0.0000000000000000     
   40.599999999999994        0.0000000000000000        0.0000000000000000     
   40.899999999999991        1.3511111310899851E-006   1.3511110830778321E-006
   41.199999999999989        1.0733047976758970E-006   1.0733047595356782E-006
   41.499999999999986        9.3877140608456348E-007   9.3877137272503049E-007
   41.799999999999983        1.0241875885877827E-005   8.7775100604418919E-006
   42.099999999999980        1.1925689292471662E-006   1.1925688868688591E-006
   42.399999999999977        1.2465773010405887E-006   1.2465772567430778E-006
   42.699999999999974        4.4675732943775930E-006   3.4356338443376025E-006
   42.999999999999972        5.4982480519353337E-006   4.5081433387189103E-006
   43.299999999999969        8.4537682187191174E-006   6.2591196560985066E-006
   43.599999999999966        2.1130153886491324E-005   1.7244381343657169E-005
   43.899999999999963        8.0294440612307023E-006   5.0645170462585583E-006
   44.199999999999960        9.5059017051974371E-006   4.4544358950589683E-006
   44.499999999999957        9.4006773744885228E-006   4.7408731995535763E-006
   44.799999999999955        4.9777473910890506E-006   2.9550018615371412E-006
   45.099999999999952        9.3043193699294207E-006   4.5912590491016461E-006
   45.399999999999949        6.5688304621425212E-006   3.0262454285276630E-006
   45.699999999999946        1.9845751400336111E-005   1.1760990667791428E-005
   45.999999999999943        2.1381013681991677E-005   9.3917709479836824E-006
   46.299999999999940        9.6819676414540423E-006   4.1287925118025500E-006
   46.599999999999937        2.2609152118216129E-005   1.0340968508738898E-005
   46.899999999999935        4.9247712371608471E-005   1.7654946716626565E-005
   47.199999999999932        3.3071528925499267E-005   1.0518252088320729E-005
   47.499999999999929        5.8331381053390394E-005   1.7159392848756244E-005
   47.799999999999926        6.8554456337529079E-005   3.5922412755457172E-005
   48.099999999999923        2.5313638085070055E-005   7.6349155697783890E-006
   48.399999999999920        7.1396033549749478E-005   1.5323744997758504E-005
   48.699999999999918        5.1419807309203066E-005   1.6455740760875001E-005
   48.999999999999915        1.3438486771813078E-004   6.1122305117493231E-005
   49.299999999999912        8.7972986745405116E-005   1.7269632044749566E-005
   49.599999999999909        1.5904793113849424E-004   2.8284417171038137E-005
   49.899999999999906        7.9866871262683117E-002   3.0771339577037441E-003
   50.199999999999903       0.12549022604291360        3.7754562403738289E-003
   50.499999999999901       0.12960355249143110        3.2444736225746311E-003
   50.799999999999898       0.13019066528923856        3.0722777031883803E-003
   51.099999999999895       0.14130966472545023        3.6872754952311957E-003
   51.399999999999892       0.13681594371463721        3.0753066304678241E-003
   51.699999999999889       0.13871268637777853        3.3712301424887875E-003
   51.999999999999886       0.14333447021943929        3.3530840631096821E-003
   52.299999999999883       0.15339494121244732        3.9120236454707486E-003
   52.599999999999881       0.15079646195450525        3.6977297091060320E-003
   52.899999999999878       0.15512767058598087        3.7724060689367403E-003
   53.199999999999875       0.15229250175205322        3.6020370226795420E-003
   53.499999999999872       0.15142403149261757        3.4638486447727528E-003
   53.799999999999869       0.15731981482454271        3.5411346306798951E-003
   54.099999999999866       0.16205090667611974        3.9160884534927354E-003
   54.399999999999864       0.15951822552488440        3.5553498650933474E-003
   54.699999999999861       0.15815112719248742        3.3686569708088723E-003
   54.999999999999858       0.16196127586513309        3.5098126881207615E-003
   55.299999999999855       0.16905394302326959        3.9957513849179106E-003
   55.599999999999852       0.16922109311562400        3.6497351748916163E-003
   55.899999999999849       0.15870685396138598        3.1231438636976816E-003
   56.199999999999847       0.16345430229307090        3.3970845980265483E-003
   56.499999999999844       0.16215197355678618        3.2312017131587399E-003
   56.799999999999841       0.16139812640738319        3.2936058910539956E-003
   57.099999999999838       0.16970529952942467        3.6104070130506104E-003
   57.399999999999835       0.16579633291062221        3.3549365927529138E-003
   57.699999999999832       0.17569755284481484        4.1027149393810291E-003
   57.999999999999829       0.17413592457239510        3.7269135097628800E-003
   58.299999999999827       0.17217001774569715        3.6885484317990360E-003
   58.599999999999824       0.18465156305723465        4.2202012999510603E-003
   58.899999999999821       0.18358363737860706        4.0597050285143916E-003
   59.199999999999818       0.17713521097296167        3.6032137199764887E-003
   59.499999999999815       0.18347259724499543        4.1154512608561110E-003
   59.799999999999812       0.17599591378317053        3.4836464301407702E-003
   60.099999999999810       0.18996072499859049        3.9259965601522451E-003
   60.399999999999807       0.18450150742723567        3.9185587564257640E-003
   60.699999999999804       0.18412233021885299        3.8403121399214831E-003
   60.999999999999801       0.19053643186328453        4.0360037184145655E-003
   61.299999999999798       0.18627890497111738        3.6929792270512097E-003
   61.599999999999795       0.19343080604473240        4.2148768082239975E-003
   61.899999999999793       0.19668353931664168        4.2553729247184306E-003
   62.199999999999790       0.19330667980024571        3.8379599287651045E-003
   62.499999999999787       0.19582664092100288        3.8432526165361335E-003
   62.799999999999784       0.19903820316896445        4.3698344875922508E-003
   63.099999999999781       0.19686855728013267        4.1050914018621407E-003
   63.399999999999778       0.20342435179931320        4.4970818199442288E-003
   63.699999999999775       0.20410313165159327        4.2503733725660223E-003
   63.999999999999773       0.20503134333588979        3.9821969671772805E-003
   64.299999999999770       0.20072045416739218        4.1706403676368235E-003
   64.599999999999767       0.20308893679928172        4.2070081294701637E-003
   64.899999999999764       0.20410975755505897        3.8875263752300927E-003
   65.199999999999761       0.21256838489602911        4.4104627071633829E-003
   65.499999999999758       0.20807202848229642        4.0515035356874203E-003
   65.799999999999756       0.21554823282383287        4.3280165135913175E-003
   66.099999999999753       0.21315744359424260        4.3494373951414797E-003
   66.399999999999750       0.20574658722557962        3.7707930907762369E-003
   66.699999999999747       0.20903414969588532        3.7372180305365915E-003
   66.999999999999744       0.21814320051201666        4.2575185633679071E-003
   67.299999999999741       0.21790582401323044        3.9374354590989329E-003
   67.599999999999739       0.22184893505322723        4.3622658304967353E-003
   67.899999999999736       0.22473977140366830        4.3423738250972285E-003
   68.199999999999733       0.23552857591712192        4.6186069907522527E-003
   68.499999999999730       0.22793545824156833        4.6763646794328465E-003
   68.799999999999727       0.22637931488469809        4.5672269074170267E-003
   69.099999999999724       0.23693851089865298        4.5786401377043290E-003
   69.399999999999721       0.22957438703954014        4.2411606500977472E-003
   69.699999999999719       0.23193535665703055        4.3802627211746957E-003
   69.999999999999716       0.24342397653261796        4.5817186316017269E-003
   70.299999999999713       0.23264509258514632        4.1927890415936345E-003
   70.599999999999710       0.24095525990521638        4.4955203624626548E-003
   70.899999999999707       0.24392959355002730        4.7567564883514053E-003
   71.199999999999704       0.23175389284014733        4.0959394656453997E-003
   71.499999999999702       0.24096248285477040        4.4688463698606224E-003
   71.799999999999699       0.25113334674868470        4.6607445220172190E-003
   72.099999999999696       0.24788227182784001        4.5088432646472948E-003
   72.399999999999693       0.24517124516619412        4.2942555779713308E-003
   72.699999999999690       0.25497389804016657        4.9410782599078606E-003
   72.999999999999687       0.25460205443555972        4.6602650405227495E-003
   73.299999999999685       0.25340131542871375        4.7680539327517651E-003
   73.599999999999682       0.24770531718964081        4.3641344279293694E-003
   73.899999999999679       0.25582606087874765        4.4834618291177356E-003
   74.199999999999676       0.25827461229341053        4.4783933822501818E-003
   74.499999999999673       0.25703640425390939        4.8300848075649803E-003
   74.799999999999670       0.26902959232279944        5.2197680151618905E-003
   75.099999999999667       0.25989322901430417        4.5204371507591148E-003
   75.399999999999665       0.26484424459264821        4.5923274809244940E-003
   75.699999999999662       0.26836871427921333        4.5483092333262276E-003
   75.999999999999659       0.26963850481532786        4.8068007101047285E-003
   76.299999999999656       0.26316806137817189        4.1014250921591281E-003
   76.599999999999653       0.27573488985857830        5.0359646647765094E-003
   76.899999999999650       0.28636238162983796        5.2714374120990878E-003
   77.199999999999648       0.27820103753553260        4.6805604755591115E-003
   77.499999999999645       0.28643458270725108        4.8837323539203028E-003
   77.799999999999642       0.28920611314531425        5.0070483104292796E-003
   78.099999999999639       0.29471722291650060        5.4454236659158984E-003
   78.399999999999636       0.29257673811400781        4.8163655886754178E-003
   78.699999999999633       0.29401038673625646        4.8348628254995668E-003
   78.999999999999631       0.29968320061416109        4.7225165778768318E-003
   79.299999999999628       0.29892486221786685        4.8399092425039768E-003
   79.599999999999625       0.29470997446825953        4.7497078686775844E-003
   79.899999999999622       0.29940671357182574        5.0041768839477977E-003
   80.199999999999619       0.31281366654558895        5.5276926459581930E-003
   80.499999999999616       0.31513534198542970        5.2159015695407542E-003
   80.799999999999613       0.31025603321967038        4.9652339919595712E-003
   81.099999999999611       0.31594394122649017        4.9882584065407513E-003
   81.399999999999608       0.32329338902382165        5.4702053315829613E-003
   81.699999999999605       0.31982385892955834        4.7369415824427916E-003
   81.999999999999602       0.33654075294188679        5.4468535359920370E-003
   82.299999999999599       0.33816483525553975        5.4820350038290444E-003
   82.599999999999596       0.33719700742327796        4.9804642583722285E-003
   82.899999999999594       0.35222229846181785        5.4033081512175219E-003
   83.199999999999591       0.35400637016436609        5.5697431736359054E-003
   83.499999999999588       0.36340937304184334        5.9359270612349057E-003
   83.799999999999585       0.35792073200215785        5.0351949660784488E-003
   84.099999999999582       0.36740617380042639        5.5211311717715391E-003
   84.399999999999579       0.37332430799021804        5.6107979197278415E-003
   84.699999999999577       0.38352546903200363        5.7121903351250291E-003
   84.999999999999574       0.37922338461175503        5.3725640941810517E-003
   85.299999999999571       0.38823743994752602        5.6029995520349082E-003
   85.599999999999568       0.41024038999831491        5.8553752738834857E-003
   85.899999999999565       0.40813435191204689        5.9571933887394620E-003
   86.199999999999562       0.41286528200864431        5.7896725813461076E-003
   86.499999999999559       0.43695005738241299        5.9633748506865338E-003
   86.799999999999557       0.44980708960739613        6.2192748263943717E-003
   87.099999999999554       0.44930823786352886        6.1020769513883515E-003
   87.399999999999551       0.47338216649346160        6.3558478510303811E-003
   87.699999999999548       0.49091560725272720        6.8513330819485021E-003
   87.999999999999545       0.49439639638635074        6.3400675767129790E-003
   88.299999999999542       0.53381919401624867        7.3489949413749591E-003
   88.599999999999540       0.53446933809537545        6.7589290282182007E-003
   88.899999999999537       0.55814866952676412        7.1742991781729082E-003
   89.199999999999534       0.58555431124950730        7.3748018811058656E-003
   89.499999999999531       0.59346069402310764        7.4683506998173589E-003
   89.799999999999528       0.59660686261500684        7.4077420029317253E-003
   90.099999999999525       0.61297094987532386        7.8029111763095313E-003
   90.399999999999523       0.59856011321581015        7.7335768566297453E-003
   90.699999999999520       0.55788998471498386        7.2800816465093364E-003
   90.999999999999517       0.48626070816040784        6.4558746293914074E-003
   91.299999999999514       0.41034028233577680        5.6433318755340174E-003
   91.599999999999511       0.36172701364428778        5.3262182932450435E-003
   91.899999999999508       0.30993167833606855        4.8890668411039982E-003
   92.199999999999505       0.25501667800183264        4.0441356161279429E-003
   92.499999999999503       0.23029069317958259        3.8753986177167414E-003
   92.799999999999500       0.20056247095909491        3.3983865267778256E-003
   93.099999999999497       0.18830934614258343        3.4108509394372493E-003
   93.399999999999494       0.16855720881325337        2.8174558448123286E-003
   93.699999999999491       0.14732029165144298        2.4108939937693146E-003
   93.999999999999488       0.13721442823215085        2.4557680886386777E-003
   94.299999999999486       0.12619843882140980        1.9546083894024509E-003
   94.599999999999483       0.12445522684210064        2.0375463307388316E-003
   94.899999999999480       0.11475944174654822        1.8567718864835789E-003
   95.199999999999477       0.10852258524281129        1.7059876191202908E-003
   95.499999999999474       0.10229297720658795        1.5005702710066164E-003
   95.799999999999471        9.9071828798841743E-002   1.4125326808174755E-003
   96.099999999999469        9.2766918801522075E-002   1.2807306358403976E-003
   96.399999999999466        9.1877181084931703E-002   1.2709266444336047E-003
   96.699999999999463        8.7251176588670473E-002   1.1306012720293454E-003
   96.999999999999460        8.4239363720974639E-002   1.0235632197600495E-003
   97.299999999999457        8.1906067946753119E-002   1.0041206456537109E-003
   97.599999999999454        7.9763795111336522E-002   9.2779326859650756E-004
   97.899999999999451        7.7620812264333247E-002   8.4600216591295514E-004
   98.199999999999449        7.4351952695957790E-002   7.5849308967053234E-004
   98.499999999999446        7.4219309552133739E-002   7.1001175154895000E-004
   98.799999999999443        7.0990176925347578E-002   6.3798782098156031E-004
   99.099999999999440        6.8443904103721309E-002   5.6311326056433081E-004
   99.399999999999437        6.3522166344491898E-002   4.7027498032980010E-004
   99.699999999999434        4.7061299200984022E-002   3.2124319563307840E-004
