 -0.50000000000000000        3.6629209618371163E-002   9.5996351738714004E-003
 -0.49500000000000000        4.8051887586209950E-002   1.2550974566738690E-002
 -0.48999999999999999        2.5363365915074817E-002   3.4964085910497078E-003
 -0.48499999999999999        4.2642176740309755E-002   1.3266289299945904E-002
 -0.47999999999999998        3.9997760187107198E-002   1.1213709523180636E-002
 -0.47499999999999998        2.6762061335542438E-002   3.8370990633686364E-003
 -0.46999999999999997        3.7269831313883006E-002   5.8572787775898107E-003
 -0.46499999999999997        3.1185254785629765E-002   4.9414610485069609E-003
 -0.45999999999999996        3.6330883530662939E-002   1.2189882943527013E-002
 -0.45499999999999996        3.6330618700202474E-002   7.2440218836896742E-003
 -0.44999999999999996        4.1483391271310878E-002   6.2881820713076167E-003
 -0.44499999999999995        4.9836794647164631E-002   1.0610652555095855E-002
 -0.43999999999999995        3.9912959566157792E-002   1.0290531550320264E-002
 -0.43499999999999994        5.3021825886913496E-002   7.2241980305391886E-003
 -0.42999999999999994        5.6232198540105215E-002   1.0850809057055774E-002
 -0.42499999999999993        4.1775867540926596E-002   7.2813399983985613E-003
 -0.41999999999999993        4.5975592140219713E-002   5.4635168640194834E-003
 -0.41499999999999992        5.6328679981647700E-002   7.3538791813283488E-003
 -0.40999999999999992        7.4477928854609604E-002   1.2893595639259441E-002
 -0.40499999999999992        5.5432875023371013E-002   6.9991818960012855E-003
 -0.39999999999999991        6.0772074092160920E-002   8.1195512612848870E-003
 -0.39499999999999991        6.3021565208962738E-002   7.3063191001292230E-003
 -0.38999999999999990        8.6206727075815531E-002   1.7278560825590820E-002
 -0.38499999999999990        9.8602146276823427E-002   2.5964907445960243E-002
 -0.37999999999999989        7.3663378602672080E-002   8.5333339695806056E-003
 -0.37499999999999989        7.3872149825544672E-002   1.0326874957398934E-002
 -0.36999999999999988        9.1609641343335185E-002   1.8507794681372057E-002
 -0.36499999999999988        7.3614571864917350E-002   7.0102700378584324E-003
 -0.35999999999999988       0.10090598498096744        1.7179326566445698E-002
 -0.35499999999999987       0.11804424171278199        1.8991318471074242E-002
 -0.34999999999999987        8.4730130247478969E-002   7.1501270608735172E-003
 -0.34499999999999986       0.13048749216310587        1.9450361186168268E-002
 -0.33999999999999986        9.5473594244635501E-002   8.4467752185868293E-003
 -0.33499999999999985       0.13537939161489990        1.9165318185799734E-002
 -0.32999999999999985       0.10086075581335191        8.3214117547521574E-003
 -0.32499999999999984       0.14608238905864235        1.7386771969266062E-002
 -0.31999999999999984       0.14522218552507735        1.6106261492078475E-002
 -0.31499999999999984       0.16260032731228458        2.2176623882090466E-002
 -0.30999999999999983       0.12909570087353206        1.1877701150520064E-002
 -0.30499999999999983       0.17253610053773574        2.4811505645571427E-002
 -0.29999999999999982       0.18966415114213389        2.1802260732487727E-002
 -0.29499999999999982       0.20900810373906181        2.1681360666794092E-002
 -0.28999999999999981       0.19349446252110800        2.2159698205448601E-002
 -0.28499999999999981       0.21103186651548253        2.1877562121949065E-002
 -0.27999999999999980       0.21447197181686550        1.4083376093504654E-002
 -0.27499999999999980       0.22121422832064849        2.1957433927915559E-002
 -0.26999999999999980       0.27250543884283251        2.3519204261525158E-002
 -0.26499999999999979       0.24750127908683647        1.4545075348090639E-002
 -0.25999999999999979       0.35448239507191193        3.2510925466104790E-002
 -0.25499999999999978       0.33180891480620051        2.9421390912862930E-002
 -0.24999999999999978       0.33275439260471540        2.4318156511170311E-002
 -0.24499999999999977       0.43111501721460810        3.5834162427778288E-002
 -0.23999999999999977       0.40691413370894258        2.5048969590640461E-002
 -0.23499999999999976       0.43488033392803027        3.1760944124713218E-002
 -0.22999999999999976       0.47832814830307735        3.6427760739555920E-002
 -0.22499999999999976       0.61524453734887063        4.2518486694120991E-002
 -0.21999999999999975       0.66377138978682704        5.3972671572783161E-002
 -0.21499999999999975       0.63424353645404830        4.0110379333629820E-002
 -0.20999999999999974       0.83039670010214939        5.3855587477809962E-002
 -0.20499999999999974       0.85183314811722244        4.4918478738597063E-002
 -0.19999999999999973        1.0033630655878865        5.4636444680768108E-002
 -0.19499999999999973        1.1483655286168439        6.6731491731744100E-002
 -0.18999999999999972        1.1705718232074889        5.8209829844492307E-002
 -0.18499999999999972        1.4519929234188931        8.3661700313396536E-002
 -0.17999999999999972        1.7006835351708265        8.4236256476405522E-002
 -0.17499999999999971        1.9143611969210665        9.4453440826763310E-002
 -0.16999999999999971        2.3320354586473973       0.10626155018360918     
 -0.16499999999999970        2.7212339855763354       0.12256221119217950     
 -0.15999999999999970        3.1253924800614041       0.13631277069171421     
 -0.15499999999999969        3.5409262299717477       0.13272332640566206     
 -0.14999999999999969        4.3989229662370812       0.17193830184696712     
 -0.14499999999999968        5.1141622820770811       0.17612032775106939     
 -0.13999999999999968        6.4088994604642906       0.20496368433489251     
 -0.13499999999999968        8.2666379120412028       0.25529418785131608     
 -0.12999999999999967        10.506786243546951       0.30051813445308984     
 -0.12499999999999967        12.981602940227738       0.33628565349215700     
 -0.11999999999999966        16.965580855305436       0.38479240804812825     
 -0.11499999999999966        25.368402594885687       0.51622559424530567     
 -0.10999999999999965        35.307093062967667       0.61628049996468748     
 -0.10499999999999965        50.187200792290909       0.73537029907447360     
  -9.9999999999999645E-002   70.133343525342610       0.89352820141410816     
  -9.4999999999999640E-002   79.368353620522257       0.87964631156435580     
  -8.9999999999999636E-002   80.179066253644763       0.82292442655063724     
  -8.4999999999999631E-002   73.278159393481886       0.70870350945653393     
  -7.9999999999999627E-002   64.218694322252844       0.59104667066586847     
  -7.4999999999999623E-002   57.722725850237779       0.52274705904910657     
  -6.9999999999999618E-002   51.383739393712126       0.43465355512910903     
  -6.4999999999999614E-002   47.355538053589100       0.40589652876614601     
  -5.9999999999999616E-002   42.710437355225949       0.33205975821277411     
  -5.4999999999999619E-002   40.082975960817507       0.29971875445444868     
  -4.9999999999999621E-002   38.143657491849183       0.25414503387315879     
  -4.4999999999999624E-002   36.521282602840429       0.23838090181797916     
  -3.9999999999999626E-002   35.357385233506619       0.20365166507693147     
  -3.4999999999999629E-002   34.917102265917499       0.18989655878071401     
  -2.9999999999999628E-002   34.820635712576234       0.16771053283788256     
  -2.4999999999999627E-002   35.577436701394596       0.16154222176659574     
  -1.9999999999999626E-002   37.354335686447840       0.15036797641011415     
  -1.4999999999999625E-002   40.352701299711910       0.15392291666677377     
  -9.9999999999996238E-003   47.092237240225529       0.13756006162573023     
  -4.9999999999996237E-003   84.474533204940144       0.14126295707668188     
   3.7643499428696714E-016   84.243429677103293       0.14029098820995325     
   5.0000000000003765E-003   47.208496503045765       0.13960700652139460     
   1.0000000000000377E-002   40.445460703377648       0.14430728637000192     
   1.5000000000000378E-002   37.130470944792002       0.15148467818485617     
   2.0000000000000379E-002   35.396085801416078       0.16286912522492292     
   2.5000000000000380E-002   34.981926327828575       0.17479504399395535     
   3.0000000000000377E-002   34.912905052604906       0.19341247184757857     
   3.5000000000000378E-002   35.831482222392957       0.21580058233191673     
   4.0000000000000376E-002   36.787710721742492       0.23757472277579880     
   4.5000000000000373E-002   38.367274224664314       0.26802118563641036     
   5.0000000000000371E-002   40.666057124580952       0.30287568116496449     
   5.5000000000000368E-002   42.696533637357497       0.32814959253069237     
   6.0000000000000366E-002   46.602214845277693       0.37468426361117557     
   6.5000000000000363E-002   52.037202733851387       0.45210616341856202     
   7.0000000000000367E-002   57.384666078952677       0.50712112313876745     
   7.5000000000000372E-002   64.706259947069938       0.58654878761766571     
   8.0000000000000376E-002   73.218408778361592       0.70126537898789931     
   8.5000000000000381E-002   79.516718411355569       0.81160564524048928     
   9.0000000000000385E-002   78.254692281030714       0.85728303538224726     
   9.5000000000000390E-002   67.854174326427497       0.84915900483374640     
  0.10000000000000039        51.609931359280004       0.76159089028377647     
  0.10500000000000040        35.575771307513442       0.62118092816248893     
  0.11000000000000040        24.813541536082564       0.50763673210183780     
  0.11500000000000041        17.555460196423834       0.38823086822272090     
  0.12000000000000041        12.680392032354245       0.31346001767555981     
  0.12500000000000042        10.325164244343609       0.29302128161811869     
  0.13000000000000042        7.8997035516618945       0.24140496144973603     
  0.13500000000000043        6.6369677241764569       0.22273926623344992     
  0.14000000000000043        5.0736441350466350       0.17633008225563104     
  0.14500000000000043        4.2094370950252653       0.15766501067724042     
  0.15000000000000044        3.5391590778475437       0.15080363042336223     
  0.15500000000000044        2.7687298352599248       0.11672991815266295     
  0.16000000000000045        2.5417204905272159       0.10488622221434640     
  0.16500000000000045        2.2623333928256555       0.10631593031212444     
  0.17000000000000046        1.9580105944501502        9.9916595377601045E-002
  0.17500000000000046        1.7630303629794870        9.2645019816379320E-002
  0.18000000000000047        1.5417006386969772        8.7909220078253969E-002
  0.18500000000000047        1.2967783054585009        7.4780267790302252E-002
  0.19000000000000047        1.0847588390147826        6.5101177885736369E-002
  0.19500000000000048       0.88660886096448321        4.9515863999903112E-002
  0.20000000000000048       0.92562006254417095        6.3996111569602887E-002
  0.20500000000000049       0.74611978689219027        4.0940037283964843E-002
  0.21000000000000049       0.65754786683119859        3.4870572056778619E-002
  0.21500000000000050       0.58226772567137697        3.1166599597776935E-002
  0.22000000000000050       0.54684625014323318        3.6444065551143399E-002
  0.22500000000000051       0.49475010273601672        3.4890688919535388E-002
  0.23000000000000051       0.45606776311259689        4.1992564155193396E-002
  0.23500000000000051       0.48380899238993402        4.5511489211143570E-002
  0.24000000000000052       0.43428773936050158        3.9289977896373403E-002
  0.24500000000000050       0.34193163432477414        2.9426113784685782E-002
  0.25000000000000050       0.39062906566256683        3.5510586099123768E-002
  0.25500000000000050       0.36292827165166314        3.3139596763146664E-002
  0.26000000000000051       0.24570044391388962        1.7100129054130282E-002
  0.26500000000000051       0.23173121035338098        1.7030005811375690E-002
  0.27000000000000052       0.22921510170045528        1.9891464323656134E-002
  0.27500000000000052       0.22026575354523073        1.9924086144137994E-002
  0.28000000000000053       0.20661672924399871        1.8685364816835866E-002
  0.28500000000000053       0.18779329897043728        1.9374263025249885E-002
  0.29000000000000054       0.21286182430565329        2.3498731947464435E-002
  0.29500000000000054       0.17701899389030509        1.5657000749749281E-002
  0.30000000000000054       0.15544847233909198        1.3597262448934014E-002
  0.30500000000000055       0.18233487323428485        2.2625538250169715E-002
  0.31000000000000055       0.14370596941214239        1.2757973747883677E-002
  0.31500000000000056       0.14163397005258474        1.6546224539450947E-002
  0.32000000000000056       0.12867375004865922        1.4458524154774334E-002
  0.32500000000000057       0.12133426540468159        1.3075109634416068E-002
  0.33000000000000057       0.10308777566489721        9.3453126099043490E-003
  0.33500000000000058       0.12270556500488516        1.5230392330950721E-002
  0.34000000000000058       0.14291269034257437        2.2605933710880950E-002
  0.34500000000000058        7.0455043717498889E-002   6.0558602135480548E-003
  0.35000000000000059        9.0537901187378061E-002   1.0566498767750886E-002
  0.35500000000000059        9.8502865024259936E-002   1.8100833068876176E-002
  0.36000000000000060        7.5055161315593755E-002   1.0071191484252080E-002
  0.36500000000000060        7.3991495629220722E-002   1.3379550531067807E-002
  0.37000000000000061       0.10375548828181934        1.4302403138607237E-002
  0.37500000000000061        6.4747741820215615E-002   8.1520989359412845E-003
  0.38000000000000062        8.8855022781923643E-002   1.3372926883289355E-002
  0.38500000000000062        5.4109274584555327E-002   5.8048891408788291E-003
  0.39000000000000062        6.3645410976590974E-002   8.1814973727001618E-003
  0.39500000000000063        6.3776821334286610E-002   1.7276704297870139E-002
  0.40000000000000063        6.0376227418293252E-002   9.0614198713459305E-003
  0.40500000000000064        5.3190260196112449E-002   5.7775542625018396E-003
  0.41000000000000064        3.4991061036918923E-002   3.1168334109732704E-003
  0.41500000000000065        5.3058469144689917E-002   1.0589111230914222E-002
  0.42000000000000065        3.7880403560525806E-002   4.4465474211385593E-003
  0.42500000000000066        4.2065213491620089E-002   4.2930635605288939E-003
  0.43000000000000066        5.6983811626786410E-002   1.7430151197235622E-002
  0.43500000000000066        3.4362055882876927E-002   3.0030208825451345E-003
  0.44000000000000067        3.3642272623769578E-002   3.9100731527862394E-003
  0.44500000000000067        4.0040344789535026E-002   4.9221758598867148E-003
  0.45000000000000068        5.0261581246014007E-002   8.3427865334120433E-003
  0.45500000000000068        5.1215089575830666E-002   1.7880137379569592E-002
  0.46000000000000069        4.1284159440175078E-002   1.0462405280501241E-002
  0.46500000000000069        4.1552380120200905E-002   9.1102080766556383E-003
  0.47000000000000069        2.3578060415557042E-002   3.6438690023246974E-003
  0.47500000000000070        4.2609386648895367E-002   1.0077374397699068E-002
  0.48000000000000070        3.3047892981879601E-002   7.8568005981731852E-003
  0.48500000000000071        2.6454130594847702E-002   5.8252441984781318E-003
  0.49000000000000071        2.4351535709927385E-002   3.7671125228992846E-003
  0.49500000000000066        2.9465449180737395E-002   4.5242052483184889E-003
