  0.59999999999999998        14.565414060491053       0.23420588793576488     
  0.60599999999999998        15.014818918619238       0.25312933346041566     
  0.61199999999999999        15.006193483859295       0.23387199424324198     
  0.61799999999999999        14.797641669784568       0.22447524171053801     
  0.62400000000000000        14.696323538069509       0.21801051813320912     
  0.63000000000000000        15.716023487498779       0.25885914773834462     
  0.63600000000000001        15.590937584855178       0.24477400920619807     
  0.64200000000000002        16.258366195664241       0.27034899067491908     
  0.64800000000000002        16.507154817057025       0.26262882537294080     
  0.65400000000000003        16.309632371888309       0.25682547788228027     
  0.66000000000000003        16.900200714268820       0.26133863636039800     
  0.66600000000000004        16.815254283412369       0.25907607993220838     
  0.67200000000000004        17.207539824962499       0.26440444662096035     
  0.67800000000000005        17.729162470169257       0.28947850980413786     
  0.68400000000000005        17.714006728625414       0.25778015983574454     
  0.69000000000000006        18.066233658970980       0.28597612180122900     
  0.69600000000000006        18.111622378410232       0.28846919538597815     
  0.70200000000000007        18.593926015854375       0.27654207800640757     
  0.70800000000000007        18.411182474636270       0.28459324432308125     
  0.71400000000000008        18.933207518768231       0.27690545560482610     
  0.72000000000000008        19.143183440772091       0.28227914376261171     
  0.72600000000000009        19.196832992551151       0.28404315989568296     
  0.73200000000000010        19.035211057760261       0.25469259827375401     
  0.73800000000000010        19.884296101815739       0.28181533352733423     
  0.74400000000000011        20.150904299675325       0.28788663040625539     
  0.75000000000000011        21.342178435248972       0.31945855755977487     
  0.75600000000000012        20.753251448564733       0.30471039305241465     
  0.76200000000000012        20.972271605504215       0.29016657153097342     
  0.76800000000000013        21.741644761085663       0.30323793588007869     
  0.77400000000000013        21.546020689750453       0.29550125598223631     
  0.78000000000000014        21.680633639664880       0.30243318599171493     
  0.78600000000000014        22.018624970303076       0.29587854280367870     
  0.79200000000000015        22.694915123504472       0.31144655204006233     
  0.79800000000000015        22.637168579318153       0.30970586377472031     
  0.80400000000000016        23.181347717363305       0.32079828336616317     
  0.81000000000000016        23.004839777517994       0.30150081795947598     
  0.81600000000000017        23.262761202135867       0.30111618488958103     
  0.82200000000000017        24.189662103134999       0.34494314052527508     
  0.82800000000000018        23.820382486645205       0.30357375354585786     
  0.83400000000000019        24.501970150439583       0.31175853436858986     
  0.84000000000000019        24.607947043430929       0.31662180264826234     
  0.84600000000000020        25.734419352486483       0.33736343044909273     
  0.85200000000000020        25.949791160405098       0.33105463709774791     
  0.85800000000000021        26.583153642331958       0.34971075449096561     
  0.86400000000000021        26.791816533747586       0.32300423058061323     
  0.87000000000000022        27.216372793800840       0.32589834538201334     
  0.87600000000000022        26.854845900113922       0.32453522319248829     
  0.88200000000000023        28.583836860153422       0.36865888863031754     
  0.88800000000000023        28.397275551065942       0.33862773437795629     
  0.89400000000000024        29.069196782735350       0.34729522594779849     
  0.90000000000000024        29.835739126049333       0.34350965323132748     
  0.90600000000000025        30.972628916363892       0.35906695782320874     
  0.91200000000000025        31.870113198546324       0.36527164529154765     
  0.91800000000000026        32.705164225188952       0.37864976286187968     
  0.92400000000000027        33.741765432623282       0.37582511779836669     
  0.93000000000000027        34.095323046425982       0.36787837932036338     
  0.93600000000000028        35.286799812933246       0.38292987147570817     
  0.94200000000000028        37.191422170090355       0.39420873720805855     
  0.94800000000000029        38.187132736836418       0.39605432146117237     
  0.95400000000000029        40.709456402087049       0.41510241871173986     
  0.96000000000000030        42.526367521447540       0.42550885759309270     
  0.96600000000000030        45.229290344246579       0.44413306218726178     
  0.97200000000000031        48.649457869104822       0.47784648723053230     
  0.97800000000000031        51.349019567747746       0.48515854073616327     
  0.98400000000000032        54.534497490165343       0.51086751367914784     
  0.99000000000000032        54.783892034727742       0.50696108247663141     
  0.99600000000000022        51.212666196205262       0.49887136024481388     
   1.0020000000000002        40.120781892381302       0.40708060788884876     
   1.0080000000000002        30.527635669968205       0.33807412916218987     
   1.0140000000000002        22.706765327187334       0.27762812352479305     
   1.0200000000000002        18.536863689474778       0.23534280564081936     
   1.0260000000000002        15.399163767442243       0.19994133059928679     
   1.0320000000000003        12.676656592724402       0.16199442383842544     
   1.0380000000000003        11.360419164693210       0.13306556787344956     
   1.0440000000000003        10.269010027155579       0.12259141529983549     
   1.0500000000000003        9.2998657729645391       0.10128569198745302     
   1.0560000000000003        8.5246954254046052        8.7820718876498005E-002
   1.0620000000000003        7.9960862795228511        7.7298545547773420E-002
   1.0680000000000003        7.5242892919489313        6.8423571698390973E-002
   1.0740000000000003        7.1556607768292189        5.9885405397091328E-002
   1.0800000000000003        6.7768998164575684        5.0416088918083642E-002
   1.0860000000000003        6.4578868696103182        4.2766167092810808E-002
   1.0920000000000003        5.8099335574054320        3.2411977794305775E-002
   1.0980000000000003        1.4259178732035229        1.1559099625116800E-002
   1.1040000000000003        0.0000000000000000        0.0000000000000000     
   1.1100000000000003        0.0000000000000000        0.0000000000000000     
   1.1160000000000003        0.0000000000000000        0.0000000000000000     
   1.1220000000000003        0.0000000000000000        0.0000000000000000     
   1.1280000000000003        0.0000000000000000        0.0000000000000000     
   1.1340000000000003        0.0000000000000000        0.0000000000000000     
   1.1400000000000003        0.0000000000000000        0.0000000000000000     
   1.1460000000000004        0.0000000000000000        0.0000000000000000     
   1.1520000000000004        0.0000000000000000        0.0000000000000000     
   1.1580000000000004        0.0000000000000000        0.0000000000000000     
   1.1640000000000004        0.0000000000000000        0.0000000000000000     
   1.1700000000000004        0.0000000000000000        0.0000000000000000     
   1.1760000000000004        0.0000000000000000        0.0000000000000000     
   1.1820000000000004        0.0000000000000000        0.0000000000000000     
   1.1880000000000004        0.0000000000000000        0.0000000000000000     
   1.1940000000000004        0.0000000000000000        0.0000000000000000     
   1.2000000000000004        0.0000000000000000        0.0000000000000000     
   1.2060000000000004        0.0000000000000000        0.0000000000000000     
   1.2120000000000004        0.0000000000000000        0.0000000000000000     
   1.2180000000000004        0.0000000000000000        0.0000000000000000     
   1.2240000000000004        0.0000000000000000        0.0000000000000000     
   1.2300000000000004        0.0000000000000000        0.0000000000000000     
   1.2360000000000004        0.0000000000000000        0.0000000000000000     
   1.2420000000000004        0.0000000000000000        0.0000000000000000     
   1.2480000000000004        0.0000000000000000        0.0000000000000000     
   1.2540000000000004        0.0000000000000000        0.0000000000000000     
   1.2600000000000005        0.0000000000000000        0.0000000000000000     
   1.2660000000000005        0.0000000000000000        0.0000000000000000     
   1.2720000000000005        0.0000000000000000        0.0000000000000000     
   1.2780000000000005        0.0000000000000000        0.0000000000000000     
   1.2840000000000005        0.0000000000000000        0.0000000000000000     
   1.2900000000000005        0.0000000000000000        0.0000000000000000     
   1.2960000000000005        0.0000000000000000        0.0000000000000000     
   1.3020000000000005        0.0000000000000000        0.0000000000000000     
   1.3080000000000005        0.0000000000000000        0.0000000000000000     
   1.3140000000000005        0.0000000000000000        0.0000000000000000     
   1.3200000000000005        0.0000000000000000        0.0000000000000000     
   1.3260000000000005        0.0000000000000000        0.0000000000000000     
   1.3320000000000005        0.0000000000000000        0.0000000000000000     
   1.3380000000000005        0.0000000000000000        0.0000000000000000     
   1.3440000000000005        0.0000000000000000        0.0000000000000000     
   1.3500000000000005        0.0000000000000000        0.0000000000000000     
   1.3560000000000005        0.0000000000000000        0.0000000000000000     
   1.3620000000000005        0.0000000000000000        0.0000000000000000     
   1.3680000000000005        0.0000000000000000        0.0000000000000000     
   1.3740000000000006        0.0000000000000000        0.0000000000000000     
   1.3800000000000006        0.0000000000000000        0.0000000000000000     
   1.3860000000000006        0.0000000000000000        0.0000000000000000     
   1.3920000000000006        0.0000000000000000        0.0000000000000000     
   1.3980000000000006        0.0000000000000000        0.0000000000000000     
   1.4040000000000006        0.0000000000000000        0.0000000000000000     
   1.4100000000000006        0.0000000000000000        0.0000000000000000     
   1.4160000000000006        0.0000000000000000        0.0000000000000000     
   1.4220000000000006        0.0000000000000000        0.0000000000000000     
   1.4280000000000006        0.0000000000000000        0.0000000000000000     
   1.4340000000000006        0.0000000000000000        0.0000000000000000     
   1.4400000000000006        0.0000000000000000        0.0000000000000000     
   1.4460000000000006        0.0000000000000000        0.0000000000000000     
   1.4520000000000006        0.0000000000000000        0.0000000000000000     
   1.4580000000000006        0.0000000000000000        0.0000000000000000     
   1.4640000000000006        0.0000000000000000        0.0000000000000000     
   1.4700000000000006        0.0000000000000000        0.0000000000000000     
   1.4760000000000006        0.0000000000000000        0.0000000000000000     
   1.4820000000000007        0.0000000000000000        0.0000000000000000     
   1.4880000000000007        0.0000000000000000        0.0000000000000000     
   1.4940000000000007        0.0000000000000000        0.0000000000000000     
   1.5000000000000007        0.0000000000000000        0.0000000000000000     
   1.5060000000000007        0.0000000000000000        0.0000000000000000     
   1.5120000000000007        0.0000000000000000        0.0000000000000000     
   1.5180000000000007        0.0000000000000000        0.0000000000000000     
   1.5240000000000007        0.0000000000000000        0.0000000000000000     
   1.5300000000000007        0.0000000000000000        0.0000000000000000     
   1.5360000000000007        0.0000000000000000        0.0000000000000000     
   1.5420000000000007        0.0000000000000000        0.0000000000000000     
   1.5480000000000007        0.0000000000000000        0.0000000000000000     
   1.5540000000000007        0.0000000000000000        0.0000000000000000     
   1.5600000000000007        0.0000000000000000        0.0000000000000000     
   1.5660000000000007        0.0000000000000000        0.0000000000000000     
   1.5720000000000007        0.0000000000000000        0.0000000000000000     
   1.5780000000000007        0.0000000000000000        0.0000000000000000     
   1.5840000000000007        0.0000000000000000        0.0000000000000000     
   1.5900000000000007        0.0000000000000000        0.0000000000000000     
   1.5960000000000008        0.0000000000000000        0.0000000000000000     
   1.6020000000000008        0.0000000000000000        0.0000000000000000     
   1.6080000000000008        0.0000000000000000        0.0000000000000000     
   1.6140000000000008        0.0000000000000000        0.0000000000000000     
   1.6200000000000008        0.0000000000000000        0.0000000000000000     
   1.6260000000000008        0.0000000000000000        0.0000000000000000     
   1.6320000000000008        0.0000000000000000        0.0000000000000000     
   1.6380000000000008        0.0000000000000000        0.0000000000000000     
   1.6440000000000008        0.0000000000000000        0.0000000000000000     
   1.6500000000000008        0.0000000000000000        0.0000000000000000     
   1.6560000000000008        0.0000000000000000        0.0000000000000000     
   1.6620000000000008        0.0000000000000000        0.0000000000000000     
   1.6680000000000008        0.0000000000000000        0.0000000000000000     
   1.6740000000000008        0.0000000000000000        0.0000000000000000     
   1.6800000000000008        0.0000000000000000        0.0000000000000000     
   1.6860000000000008        0.0000000000000000        0.0000000000000000     
   1.6920000000000008        0.0000000000000000        0.0000000000000000     
   1.6980000000000008        0.0000000000000000        0.0000000000000000     
   1.7040000000000008        0.0000000000000000        0.0000000000000000     
   1.7100000000000009        0.0000000000000000        0.0000000000000000     
   1.7160000000000009        0.0000000000000000        0.0000000000000000     
   1.7220000000000009        0.0000000000000000        0.0000000000000000     
   1.7280000000000009        0.0000000000000000        0.0000000000000000     
   1.7340000000000009        0.0000000000000000        0.0000000000000000     
   1.7400000000000009        0.0000000000000000        0.0000000000000000     
   1.7460000000000009        0.0000000000000000        0.0000000000000000     
   1.7520000000000009        0.0000000000000000        0.0000000000000000     
   1.7580000000000009        0.0000000000000000        0.0000000000000000     
   1.7640000000000009        0.0000000000000000        0.0000000000000000     
   1.7700000000000009        0.0000000000000000        0.0000000000000000     
   1.7760000000000009        0.0000000000000000        0.0000000000000000     
   1.7820000000000009        0.0000000000000000        0.0000000000000000     
   1.7880000000000009        0.0000000000000000        0.0000000000000000     
   1.7940000000000009        0.0000000000000000        0.0000000000000000     
