  -2.0000000000000000        0.0000000000000000        0.0000000000000000     
  -1.9800000000000000        0.0000000000000000        0.0000000000000000     
  -1.9600000000000000        0.0000000000000000        0.0000000000000000     
  -1.9399999999999999        0.0000000000000000        0.0000000000000000     
  -1.9199999999999999        0.0000000000000000        0.0000000000000000     
  -1.8999999999999999        0.0000000000000000        0.0000000000000000     
  -1.8799999999999999        0.0000000000000000        0.0000000000000000     
  -1.8599999999999999        0.0000000000000000        0.0000000000000000     
  -1.8399999999999999        0.0000000000000000        0.0000000000000000     
  -1.8199999999999998        0.0000000000000000        0.0000000000000000     
  -1.7999999999999998        0.0000000000000000        0.0000000000000000     
  -1.7799999999999998        0.0000000000000000        0.0000000000000000     
  -1.7599999999999998        0.0000000000000000        0.0000000000000000     
  -1.7399999999999998        0.0000000000000000        0.0000000000000000     
  -1.7199999999999998        0.0000000000000000        0.0000000000000000     
  -1.6999999999999997        0.0000000000000000        0.0000000000000000     
  -1.6799999999999997        0.0000000000000000        0.0000000000000000     
  -1.6599999999999997        0.0000000000000000        0.0000000000000000     
  -1.6399999999999997        0.0000000000000000        0.0000000000000000     
  -1.6199999999999997        0.0000000000000000        0.0000000000000000     
  -1.5999999999999996        0.0000000000000000        0.0000000000000000     
  -1.5799999999999996        0.0000000000000000        0.0000000000000000     
  -1.5599999999999996        0.0000000000000000        0.0000000000000000     
  -1.5399999999999996        0.0000000000000000        0.0000000000000000     
  -1.5199999999999996        0.0000000000000000        0.0000000000000000     
  -1.4999999999999996        0.0000000000000000        0.0000000000000000     
  -1.4799999999999995        0.0000000000000000        0.0000000000000000     
  -1.4599999999999995        0.0000000000000000        0.0000000000000000     
  -1.4399999999999995        0.0000000000000000        0.0000000000000000     
  -1.4199999999999995        0.0000000000000000        0.0000000000000000     
  -1.3999999999999995        0.0000000000000000        0.0000000000000000     
  -1.3799999999999994        0.0000000000000000        0.0000000000000000     
  -1.3599999999999994        0.0000000000000000        0.0000000000000000     
  -1.3399999999999994        0.0000000000000000        0.0000000000000000     
  -1.3199999999999994        9.4907221870139571E-002   4.9992107945606972E-003
  -1.2999999999999994       0.60548233535264639        3.1060869453546400E-002
  -1.2799999999999994       0.95787968066418772        3.4857538948708730E-002
  -1.2599999999999993        1.1098300048907574        3.5871640881970611E-002
  -1.2399999999999993        1.3340825431536001        4.2728111280756487E-002
  -1.2199999999999993        1.4853168101611132        4.3679173244134846E-002
  -1.1999999999999993        1.5788447959073748        3.6028245629946408E-002
  -1.1799999999999993        1.6854682488748305        3.4463986008328673E-002
  -1.1599999999999993        1.9235508260505882        3.6025862425684771E-002
  -1.1399999999999992        2.1912356646844926        4.6064280757392995E-002
  -1.1199999999999992        2.4517451318913102        5.0506986424513949E-002
  -1.0999999999999992        2.6602329481075531        5.2826341441690246E-002
  -1.0799999999999992        2.8062964017223755        5.3468176619769055E-002
  -1.0599999999999992        2.9175301059483956        5.4255054246402555E-002
  -1.0399999999999991        3.1733247519740706        6.1887087851877153E-002
  -1.0199999999999991        3.0914462270968990        5.4363704035494682E-002
 -0.99999999999999911        3.1825551931881053        5.7120633078188938E-002
 -0.97999999999999909        3.2776349117088031        5.7944465364110818E-002
 -0.95999999999999908        3.3528963278457407        5.7189745875640283E-002
 -0.93999999999999906        3.4201474923844510        5.3418766860367554E-002
 -0.91999999999999904        3.5873340557089959        6.1718176499155106E-002
 -0.89999999999999902        3.7288854375827865        6.3362775986055803E-002
 -0.87999999999999901        3.8558028920548666        6.9893359150358561E-002
 -0.85999999999999899        3.9285040543983270        6.2867835780549997E-002
 -0.83999999999999897        3.9462222671578244        6.4589259146206224E-002
 -0.81999999999999895        4.0258614451675747        6.3033649649950396E-002
 -0.79999999999999893        3.9869322050407727        6.2501185317773086E-002
 -0.77999999999999892        4.1897830860075018        7.0099595511390098E-002
 -0.75999999999999890        4.1482632779186988        6.1957660941812917E-002
 -0.73999999999999888        4.2957163305213788        7.1859471918212903E-002
 -0.71999999999999886        4.3229211429647609        6.4087771976867838E-002
 -0.69999999999999885        4.5005973178504250        7.3373037856973564E-002
 -0.67999999999999883        4.5366497756148494        6.8910636328802385E-002
 -0.65999999999999881        4.5164670080330414        7.0869281527110958E-002
 -0.63999999999999879        4.6335357285032792        7.0982051950299566E-002
 -0.61999999999999877        4.6774765625502033        7.2249274075610714E-002
 -0.59999999999999876        4.7583107802738001        7.3688474121713324E-002
 -0.57999999999999874        4.7013474722656090        6.8651475754210253E-002
 -0.55999999999999872        4.8660623898264621        7.3028703603370090E-002
 -0.53999999999999870        4.8196305328976541        6.8437207525770302E-002
 -0.51999999999999869        5.0743167836802572        7.8117575301766634E-002
 -0.49999999999999867        4.9868142076579502        7.2732534793296708E-002
 -0.47999999999999865        4.9815627731056908        7.2746610954014898E-002
 -0.45999999999999863        4.8961959508259874        6.4350276559042685E-002
 -0.43999999999999861        5.0398347403939825        7.0353955008559829E-002
 -0.41999999999999860        5.2200367942420316        7.4209060911596653E-002
 -0.39999999999999858        5.2117289690675523        7.4918487618967786E-002
 -0.37999999999999856        5.2086465196977008        7.6681014369082104E-002
 -0.35999999999999854        5.3819813591971304        7.5636750795627483E-002
 -0.33999999999999853        5.3302316095221487        7.4841745305341531E-002
 -0.31999999999999851        5.5227566026609676        7.8740135727184496E-002
 -0.29999999999999849        5.4788521555392773        7.8462864879537006E-002
 -0.27999999999999847        5.4586532814443700        7.5895265549451280E-002
 -0.25999999999999845        5.4923724593317145        7.4784432382159247E-002
 -0.23999999999999846        5.6707782450879458        8.2343371004933164E-002
 -0.21999999999999847        5.4499040945222603        7.2242082213945097E-002
 -0.19999999999999848        5.6144228069819357        7.7354199829331505E-002
 -0.17999999999999849        5.6078345550454403        7.2460318196613208E-002
 -0.15999999999999850        5.7823469012311746        8.0370456855877279E-002
 -0.13999999999999851        5.6731004910399054        8.1874891000121144E-002
 -0.11999999999999851        5.8066502113119931        8.3711692560179421E-002
  -9.9999999999998507E-002   5.8108176469643027        8.0320834943181249E-002
  -7.9999999999998503E-002   5.9199674599690129        8.2537909378838301E-002
  -5.9999999999998499E-002   5.8079688103611913        7.9263558794713307E-002
  -3.9999999999998495E-002   5.9694271490184008        8.0383185314357231E-002
  -1.9999999999998495E-002   5.9931208178544200        8.0888997913051444E-002
   1.5057399771478686E-015   6.0464343248843191        8.6801523743699885E-002
   2.0000000000001506E-002   6.0756963062667086        8.4993931207844542E-002
   4.0000000000001507E-002   6.0318607295452038        8.1821572322007194E-002
   6.0000000000001510E-002   6.0704357701371299        8.4500198486852196E-002
   8.0000000000001514E-002   6.0671708957706159        7.9945360987997205E-002
  0.10000000000000152        6.1905550083411987        8.5624310416676161E-002
  0.12000000000000151        6.4151788545407218        8.7856931035561192E-002
  0.14000000000000151        6.2673058280096141        8.3202963249427234E-002
  0.16000000000000150        6.2301184571986132        8.2932247820702895E-002
  0.18000000000000149        6.5836385730107079        9.8026303362469688E-002
  0.20000000000000148        6.2808254344276140        8.6282126127965125E-002
  0.22000000000000147        6.2916785349144781        8.2713342453904895E-002
  0.24000000000000146        6.3317156318142054        8.3593935847905546E-002
  0.26000000000000145        6.5245811912928566        9.1761583715132086E-002
  0.28000000000000147        6.3680592013265827        8.7208238318725373E-002
  0.30000000000000149        6.6678305708687988        9.0769854634290048E-002
  0.32000000000000151        6.3383378375698296        8.2024456124059675E-002
  0.34000000000000152        6.5178191180757930        8.7950589883254965E-002
  0.36000000000000154        6.4178818255974797        9.0727428263070439E-002
  0.38000000000000156        6.5350797057362078        8.9482707605944040E-002
  0.40000000000000158        6.5867769151872979        9.3914270639954139E-002
  0.42000000000000159        6.5398918841794966        9.3627689982046874E-002
  0.44000000000000161        6.4227299667631561        8.8468504633733264E-002
  0.46000000000000163        6.3777300238411039        8.6385242723889838E-002
  0.48000000000000165        6.3970362276859554        8.5990569417361468E-002
  0.50000000000000167        6.4140406794308751        8.9007892565680632E-002
  0.52000000000000168        6.2550421286957132        8.6809705593733716E-002
  0.54000000000000170        6.3538855779484038        9.3408070748823679E-002
  0.56000000000000172        6.2809097424659068        9.0988648209983702E-002
  0.58000000000000174        6.2682929480699476        9.2890427925806332E-002
  0.60000000000000175        6.1085720231811367        8.6997973223565034E-002
  0.62000000000000177        6.1344209821842854        9.1953170486007443E-002
  0.64000000000000179        5.9643362845914165        8.8042230722115214E-002
  0.66000000000000181        6.0055921073088987        8.9357904857360920E-002
  0.68000000000000183        5.8619966786588682        8.4564941951902589E-002
  0.70000000000000184        5.8521996380739960        8.4903175103577283E-002
  0.72000000000000186        5.6045697130419629        8.2293778820769409E-002
  0.74000000000000188        5.4871392544634832        7.7985161922902280E-002
  0.76000000000000190        5.6555457487386658        9.2100606656082204E-002
  0.78000000000000191        5.4603536723821469        8.3586491240345825E-002
  0.80000000000000193        5.5066003841612456        8.5505035827975515E-002
  0.82000000000000195        5.3499526088936982        8.5937853178718243E-002
  0.84000000000000197        5.3096655283042420        8.4826569199070792E-002
  0.86000000000000199        5.0491212417318483        8.3022814749546009E-002
  0.88000000000000200        4.8543663512376281        7.9925697482955513E-002
  0.90000000000000202        4.9053117648405635        8.1700129639208391E-002
  0.92000000000000204        4.7205461148947050        7.7417848849279200E-002
  0.94000000000000206        4.6368270617695311        7.3169768642021557E-002
  0.96000000000000207        4.4575017169604649        7.0168835108950764E-002
  0.98000000000000198        4.3845427011906679        7.3698901323701230E-002
   1.0000000000000020        4.2837708200458140        7.4459926868479784E-002
   1.0200000000000020        4.1503327963343386        7.3740629905977961E-002
   1.0400000000000020        4.0479273030627043        7.2696613150339373E-002
   1.0600000000000021        3.8628932067287853        6.4720243852300213E-002
   1.0800000000000021        3.8156214578454284        7.5130485084580437E-002
   1.1000000000000021        3.3935159840140607        6.3064803259334445E-002
   1.1200000000000021        3.0180743434710560        5.4638768325363296E-002
   1.1400000000000021        2.7261517324735451        5.4336667048400664E-002
   1.1600000000000021        2.5118605034030188        5.3872102500591178E-002
   1.1800000000000022        2.3522472004686659        5.5153950539202488E-002
   1.2000000000000022        2.1304916191272767        5.0989039962984824E-002
   1.2200000000000022        1.8515245046599653        4.5567924091264776E-002
   1.2400000000000022        1.4931328057493443        4.0957794199308714E-002
   1.2600000000000022        1.3403457295243815        4.2050917131505432E-002
   1.2800000000000022        1.0186727330680327        5.3697418169577918E-002
   1.3000000000000023       0.20742148264661420        1.5721835332669014E-002
   1.3200000000000023        0.0000000000000000        0.0000000000000000     
   1.3400000000000023        0.0000000000000000        0.0000000000000000     
   1.3600000000000023        0.0000000000000000        0.0000000000000000     
   1.3800000000000023        0.0000000000000000        0.0000000000000000     
   1.4000000000000024        0.0000000000000000        0.0000000000000000     
   1.4200000000000024        0.0000000000000000        0.0000000000000000     
   1.4400000000000024        0.0000000000000000        0.0000000000000000     
   1.4600000000000024        0.0000000000000000        0.0000000000000000     
   1.4800000000000024        0.0000000000000000        0.0000000000000000     
   1.5000000000000024        0.0000000000000000        0.0000000000000000     
   1.5200000000000025        0.0000000000000000        0.0000000000000000     
   1.5400000000000025        0.0000000000000000        0.0000000000000000     
   1.5600000000000025        0.0000000000000000        0.0000000000000000     
   1.5800000000000025        0.0000000000000000        0.0000000000000000     
   1.6000000000000025        0.0000000000000000        0.0000000000000000     
   1.6200000000000025        0.0000000000000000        0.0000000000000000     
   1.6400000000000026        0.0000000000000000        0.0000000000000000     
   1.6600000000000026        0.0000000000000000        0.0000000000000000     
   1.6800000000000026        0.0000000000000000        0.0000000000000000     
   1.7000000000000026        0.0000000000000000        0.0000000000000000     
   1.7200000000000026        0.0000000000000000        0.0000000000000000     
   1.7400000000000027        0.0000000000000000        0.0000000000000000     
   1.7600000000000027        0.0000000000000000        0.0000000000000000     
   1.7800000000000027        0.0000000000000000        0.0000000000000000     
   1.8000000000000027        0.0000000000000000        0.0000000000000000     
   1.8200000000000027        0.0000000000000000        0.0000000000000000     
   1.8400000000000027        0.0000000000000000        0.0000000000000000     
   1.8600000000000028        0.0000000000000000        0.0000000000000000     
   1.8800000000000028        0.0000000000000000        0.0000000000000000     
   1.9000000000000028        0.0000000000000000        0.0000000000000000     
   1.9200000000000028        0.0000000000000000        0.0000000000000000     
   1.9400000000000028        0.0000000000000000        0.0000000000000000     
   1.9600000000000029        0.0000000000000000        0.0000000000000000     
   1.9800000000000026        0.0000000000000000        0.0000000000000000     
