   40.000000000000000        0.0000000000000000        0.0000000000000000     
   40.299999999999997        0.0000000000000000        0.0000000000000000     
   40.599999999999994        0.0000000000000000        0.0000000000000000     
   40.899999999999991        0.0000000000000000        0.0000000000000000     
   41.199999999999989        0.0000000000000000        0.0000000000000000     
   41.499999999999986        0.0000000000000000        0.0000000000000000     
   41.799999999999983        0.0000000000000000        0.0000000000000000     
   42.099999999999980        0.0000000000000000        0.0000000000000000     
   42.399999999999977        0.0000000000000000        0.0000000000000000     
   42.699999999999974        0.0000000000000000        0.0000000000000000     
   42.999999999999972        0.0000000000000000        0.0000000000000000     
   43.299999999999969        0.0000000000000000        0.0000000000000000     
   43.599999999999966        0.0000000000000000        0.0000000000000000     
   43.899999999999963        0.0000000000000000        0.0000000000000000     
   44.199999999999960        0.0000000000000000        0.0000000000000000     
   44.499999999999957        0.0000000000000000        0.0000000000000000     
   44.799999999999955        0.0000000000000000        0.0000000000000000     
   45.099999999999952        0.0000000000000000        0.0000000000000000     
   45.399999999999949        0.0000000000000000        0.0000000000000000     
   45.699999999999946        0.0000000000000000        0.0000000000000000     
   45.999999999999943        0.0000000000000000        0.0000000000000000     
   46.299999999999940        0.0000000000000000        0.0000000000000000     
   46.599999999999937        0.0000000000000000        0.0000000000000000     
   46.899999999999935        0.0000000000000000        0.0000000000000000     
   47.199999999999932        0.0000000000000000        0.0000000000000000     
   47.499999999999929        0.0000000000000000        0.0000000000000000     
   47.799999999999926        0.0000000000000000        0.0000000000000000     
   48.099999999999923        0.0000000000000000        0.0000000000000000     
   48.399999999999920        0.0000000000000000        0.0000000000000000     
   48.699999999999918        0.0000000000000000        0.0000000000000000     
   48.999999999999915        0.0000000000000000        0.0000000000000000     
   49.299999999999912        0.0000000000000000        0.0000000000000000     
   49.599999999999909        0.0000000000000000        0.0000000000000000     
   49.899999999999906        8.5528757514371334E-002   2.3270231736567237E-003
   50.199999999999903       0.13041343880314854        2.5602803088269972E-003
   50.499999999999901       0.12966002745163180        2.6554965404294714E-003
   50.799999999999898       0.12612849665256795        2.5180679943229861E-003
   51.099999999999895       0.13006378820172404        2.6980668837298860E-003
   51.399999999999892       0.12970137794688613        2.5446240816101918E-003
   51.699999999999889       0.13235068864522595        2.5420431166432336E-003
   51.999999999999886       0.13909280137805730        3.0775564509998373E-003
   52.299999999999883       0.13235438532145688        2.6462564522868239E-003
   52.599999999999881       0.13866241985220773        2.8169796028238185E-003
   52.899999999999878       0.13483313081114770        2.5442503698682901E-003
   53.199999999999875       0.13664672747428103        2.6509487613273694E-003
   53.499999999999872       0.13841431436445012        2.6847912844364758E-003
   53.799999999999869       0.13657008756966238        2.6708031580708336E-003
   54.099999999999866       0.14244352919092790        2.9177200713484557E-003
   54.399999999999864       0.14203601835879837        2.8467940316994882E-003
   54.699999999999861       0.14231794035145728        2.8069395109549785E-003
   54.999999999999858       0.14464924951628555        2.8298143994446123E-003
   55.299999999999855       0.14520349457201237        2.7668785145845121E-003
   55.599999999999852       0.14353200371665903        2.8055489545952667E-003
   55.899999999999849       0.14823751530627349        3.2117717219085208E-003
   56.199999999999847       0.14741788885538934        2.8190790018077991E-003
   56.499999999999844       0.14709178988684249        2.9490061948425658E-003
   56.799999999999841       0.14476813121093848        2.6239342867526378E-003
   57.099999999999838       0.14821669228099565        2.8883932661316327E-003
   57.399999999999835       0.14520611336529995        2.6619010781567380E-003
   57.699999999999832       0.15073857282017800        3.0234281241182221E-003
   57.999999999999829       0.14833286193330825        2.7367453028498147E-003
   58.299999999999827       0.15028872143483737        2.7126425015658569E-003
   58.599999999999824       0.15642663483146571        3.0647675524114949E-003
   58.899999999999821       0.15328089788860433        2.8473270035178663E-003
   59.199999999999818       0.15470198680637570        3.0593102636372110E-003
   59.499999999999815       0.15997664768987524        3.1594015844653811E-003
   59.799999999999812       0.15742377255763249        3.0764287731747031E-003
   60.099999999999810       0.15510755685196309        2.9657433067252457E-003
   60.399999999999807       0.15799945201558790        2.9544105380211578E-003
   60.699999999999804       0.15578383051422867        2.7742919813218596E-003
   60.999999999999801       0.16067826195603516        3.0962228122230631E-003
   61.299999999999798       0.16119798456353748        2.9410550045103024E-003
   61.599999999999795       0.16044731476147445        2.9478704950184108E-003
   61.899999999999793       0.16650724024558852        3.1810983663620495E-003
   62.199999999999790       0.16569183791817105        3.1754224336586583E-003
   62.499999999999787       0.16002350071120233        2.7585429423822652E-003
   62.799999999999784       0.16864709851024179        3.2042525643329999E-003
   63.099999999999781       0.16622884259567081        3.1679882676138539E-003
   63.399999999999778       0.16599455458462800        2.9340048061177329E-003
   63.699999999999775       0.16581967060995950        2.7557491133699619E-003
   63.999999999999773       0.16648598165193138        2.9407861035555391E-003
   64.299999999999770       0.17164298524502278        3.2045044576614430E-003
   64.599999999999767       0.17177965902379055        3.3200206018464090E-003
   64.899999999999764       0.17472640834774550        3.0868891433236674E-003
   65.199999999999761       0.17533383027914637        3.0803867274296721E-003
   65.499999999999758       0.17672304536707767        3.0603629565841678E-003
   65.799999999999756       0.17766537192751666        3.2118166017884803E-003
   66.099999999999753       0.17497343765510079        2.9899125222164792E-003
   66.399999999999750       0.17543120510925336        3.0357416361789964E-003
   66.699999999999747       0.17848929194805613        3.0848025189810680E-003
   66.999999999999744       0.17915839463537839        3.2095866798261723E-003
   67.299999999999741       0.18227930588214344        3.2479436195262789E-003
   67.599999999999739       0.18085856492993949        3.1577233114664358E-003
   67.899999999999736       0.18080354769331528        2.9750812141165679E-003
   68.199999999999733       0.18096166918681952        3.1545550471753811E-003
   68.499999999999730       0.18735469178184763        3.3276944721883058E-003
   68.799999999999727       0.19431425175027681        3.5859532362342498E-003
   69.099999999999724       0.18271255989955668        2.9019935352566084E-003
   69.399999999999721       0.19544803074368181        3.4481946890257539E-003
   69.699999999999719       0.19742627204375296        3.4614211227756292E-003
   69.999999999999716       0.19670160659528185        3.4911871223914704E-003
   70.299999999999713       0.18849129416655910        3.1618580602136080E-003
   70.599999999999710       0.19906393295204680        3.3339866045055747E-003
   70.899999999999707       0.19394045393605075        3.2169699603077310E-003
   71.199999999999704       0.20260641152553735        3.5540455248951820E-003
   71.499999999999702       0.19774511305611309        3.2757649993866338E-003
   71.799999999999699       0.20051199582907195        3.2633680923059329E-003
   72.099999999999696       0.20348509212335208        3.3255551039989306E-003
   72.399999999999693       0.20398403634160012        3.3517017761706606E-003
   72.699999999999690       0.20536686630118214        3.3913324779912572E-003
   72.999999999999687       0.21037716506428625        3.5986367060361867E-003
   73.299999999999685       0.20490874047374621        3.1472280090868296E-003
   73.599999999999682       0.21466474730056734        3.6149246025923092E-003
   73.899999999999679       0.21266937458329851        3.5255486982502127E-003
   74.199999999999676       0.21429538656070496        3.5954633360729608E-003
   74.499999999999673       0.21551922032578066        3.3040490934816143E-003
   74.799999999999670       0.21824991204690219        3.5272719656657989E-003
   75.099999999999667       0.22388234297580767        3.5569256813641360E-003
   75.399999999999665       0.23233847093566684        3.9506145128403143E-003
   75.699999999999662       0.21815570972960632        3.3466803285279434E-003
   75.999999999999659       0.22951420175086196        3.7965717400629930E-003
   76.299999999999656       0.22943324145876498        3.8006571576703653E-003
   76.599999999999653       0.22375094422371974        3.3698617986337256E-003
   76.899999999999650       0.23103114811328945        3.6976496991858237E-003
   77.199999999999648       0.23262576032460577        3.5055824689855992E-003
   77.499999999999645       0.23430773818332407        3.4931699687975426E-003
   77.799999999999642       0.23569016965989351        3.6191213213160132E-003
   78.099999999999639       0.24356838366885389        3.8756362732522715E-003
   78.399999999999636       0.24438314245898490        3.8243648420155851E-003
   78.699999999999633       0.23940739118148716        3.5470921088892955E-003
   78.999999999999631       0.24667817582150242        3.5763558926395662E-003
   79.299999999999628       0.25263637852562615        3.9568297590402207E-003
   79.599999999999625       0.25740330519291904        3.9824210852839994E-003
   79.899999999999622       0.26474696549361826        4.1421380464420621E-003
   80.199999999999619       0.25577954979437423        3.8818212228937791E-003
   80.499999999999616       0.26197118337104297        3.9378995986373323E-003
   80.799999999999613       0.26983914682698101        4.1110739534773724E-003
   81.099999999999611       0.26926274085278468        3.8758890549323234E-003
   81.399999999999608       0.27273210335500575        3.9676770763333383E-003
   81.699999999999605       0.27848025577014923        4.0521194393845755E-003
   81.999999999999602       0.28012637555552050        4.0473012929449752E-003
   82.299999999999599       0.27936269641375477        4.0337896041006786E-003
   82.599999999999596       0.29100420712670266        4.1589892960637552E-003
   82.899999999999594       0.29263012847593067        4.1658087806911593E-003
   83.199999999999591       0.29738491772571374        4.1629092512813657E-003
   83.499999999999588       0.30030910007785577        4.2131529412951152E-003
   83.799999999999585       0.31090090849058832        4.2801247313895962E-003
   84.099999999999582       0.30509138749103781        4.1345336860146315E-003
   84.399999999999579       0.31314895097473161        4.2236061777839685E-003
   84.699999999999577       0.32541117834282896        4.3875642502477722E-003
   84.999999999999574       0.32211098228199642        4.3317638601338589E-003
   85.299999999999571       0.32698019680443058        4.2228721877748130E-003
   85.599999999999568       0.34234237089709385        4.5036041645553117E-003
   85.899999999999565       0.35478057385614914        4.7341336712061373E-003
   86.199999999999562       0.35999949678949483        4.4875823805725626E-003
   86.499999999999559       0.37004598610238210        4.5846063653736061E-003
   86.799999999999557       0.37055682999908429        4.6071330246970849E-003
   87.099999999999554       0.39743341753629391        5.0173514691764006E-003
   87.399999999999551       0.40388409083786231        4.9776970286244514E-003
   87.699999999999548       0.41897278631800500        5.1406398647535819E-003
   87.999999999999545       0.43129093467155766        5.1082339607836013E-003
   88.299999999999542       0.44384623869168977        5.2302335835654667E-003
   88.599999999999540       0.45933643177093980        5.2058033683647876E-003
   88.899999999999537       0.48536216098694579        5.4408852537655480E-003
   89.199999999999534       0.50598126620265882        5.6014370621237037E-003
   89.499999999999531       0.53471889077369705        5.9285066284913840E-003
   89.799999999999528       0.55469014515332904        5.9851374689905250E-003
   90.099999999999525       0.56960278642546547        5.7913463904401873E-003
   90.399999999999523       0.58780611092838053        6.1560248686011627E-003
   90.699999999999520       0.57966841078861142        5.9194613703653703E-003
   90.999999999999517       0.57157891049448795        6.1896395328666955E-003
   91.299999999999514       0.52336396829515119        5.6591690244620213E-003
   91.599999999999511       0.46663156203418127        5.4175586689599840E-003
   91.899999999999508       0.39658646167929357        4.6301387655739764E-003
   92.199999999999505       0.33266539272206297        4.0350633300663165E-003
   92.499999999999503       0.28616436049921579        3.8587087295170511E-003
   92.799999999999500       0.24172077833028394        3.2298601024032870E-003
   93.099999999999497       0.21519019801113365        3.0607611339647442E-003
   93.399999999999494       0.18926901437207103        2.6077223774473679E-003
   93.699999999999491       0.16993394070721679        2.2550712742885810E-003
   93.999999999999488       0.15678710718292566        2.2106049441761762E-003
   94.299999999999486       0.14469893262008565        2.0166945084788726E-003
   94.599999999999483       0.13145787794834771        1.7625691366489969E-003
   94.899999999999480       0.12279235543111570        1.5687470296094250E-003
   95.199999999999477       0.11803027130475716        1.5150872473856775E-003
   95.499999999999474       0.11259434530350673        1.4737905009368757E-003
   95.799999999999471       0.10601219212962325        1.3055184983788240E-003
   96.099999999999469       0.10041401700538438        1.1545535019231289E-003
   96.399999999999466        9.6306383686027147E-002   1.1031703070393459E-003
   96.699999999999463        9.3424569221284559E-002   9.9583252627555492E-004
   96.999999999999460        9.0664222345620799E-002   9.4049911957306599E-004
   97.299999999999457        8.7215134371764397E-002   8.4907009593983816E-004
   97.599999999999454        8.6629929237674805E-002   8.2380162566714405E-004
   97.899999999999451        8.4696238648361344E-002   7.5160591679945734E-004
   98.199999999999449        8.1510642135399061E-002   6.7016985848493763E-004
   98.499999999999446        8.1721179903093466E-002   6.2572152823948751E-004
   98.799999999999443        8.0748243845004786E-002   5.7143843950067420E-004
   99.099999999999440        8.0258576617034935E-002   5.0452974719498425E-004
   99.399999999999437        7.9820032014162906E-002   4.3385326989286684E-004
   99.699999999999434        6.5794115488656282E-002   3.0628879253536963E-004
