  0.59999999999999998        13.213845298228149       0.19476482759999170     
  0.60599999999999998        13.173676441816188       0.18700041963675673     
  0.61199999999999999        13.433345954489617       0.20540481364632723     
  0.61799999999999999        13.436634734204175       0.19202470730272037     
  0.62400000000000000        13.448334804455156       0.18844314378371826     
  0.63000000000000000        13.503917196541963       0.19077448751228640     
  0.63600000000000001        13.749941309281159       0.18837112058449679     
  0.64200000000000002        14.120429903292637       0.19973012583486197     
  0.64800000000000002        14.432786059160058       0.21152520606423064     
  0.65400000000000003        14.279365282406776       0.20536567084463100     
  0.66000000000000003        14.254302967008101       0.19366646780297170     
  0.66600000000000004        14.566494751891321       0.20040475063813593     
  0.67200000000000004        14.738982439839141       0.20411822475527538     
  0.67800000000000005        15.171743514527375       0.21283066198301304     
  0.68400000000000005        14.883511536679976       0.19488914356976197     
  0.69000000000000006        15.288721565270219       0.21673133271584225     
  0.69600000000000006        15.180792083355440       0.19166913633052660     
  0.70200000000000007        15.564258326067465       0.21486506980694470     
  0.70800000000000007        15.816550930833140       0.21235431385465278     
  0.71400000000000008        16.033293484772173       0.20569839793975583     
  0.72000000000000008        16.123445315778309       0.20999226555422304     
  0.72600000000000009        15.975153292567898       0.20630243827086864     
  0.73200000000000010        16.420598799016783       0.21115155248035167     
  0.73800000000000010        16.653747009988905       0.21711770265511002     
  0.74400000000000011        16.528777504916700       0.20849272767279156     
  0.75000000000000011        17.389641870882418       0.23512737111632359     
  0.75600000000000012        17.378186517987444       0.21875173162460371     
  0.76200000000000012        17.799499727399599       0.22775160746330492     
  0.76800000000000013        17.510038655511465       0.21767873641250199     
  0.77400000000000013        17.986097695621954       0.22622547051160188     
  0.78000000000000014        18.329414981515253       0.23139166083429263     
  0.78600000000000014        18.529365663977636       0.22362000877253133     
  0.79200000000000015        18.457796965262325       0.22097715844963964     
  0.79800000000000015        19.060034885903455       0.23694594442209416     
  0.80400000000000016        19.364701607876007       0.23395878845591747     
  0.81000000000000016        19.532497174785316       0.23986345108426504     
  0.81600000000000017        19.698335214948493       0.22937064750816896     
  0.82200000000000017        20.858953461804361       0.25389716041975707     
  0.82800000000000018        20.306970036468648       0.23991441653278400     
  0.83400000000000019        20.972507688442949       0.25305251411062990     
  0.84000000000000019        20.783071583281494       0.23915874051336533     
  0.84600000000000020        21.474120305418943       0.24040633024460020     
  0.85200000000000020        21.887210617985055       0.25226528102204077     
  0.85800000000000021        21.907660970122382       0.24441983313695914     
  0.86400000000000021        22.813097961826351       0.25613146595627378     
  0.87000000000000022        23.464253917212865       0.26962205796314836     
  0.87600000000000022        23.742089884587148       0.26826654041833808     
  0.88200000000000023        24.348765367803946       0.27306553566038133     
  0.88800000000000023        24.594670475850517       0.26285534468024374     
  0.89400000000000024        25.580052701984368       0.27672681325294618     
  0.90000000000000024        25.794831124011274       0.27311149479563873     
  0.90600000000000025        26.734333639400187       0.28206276303577971     
  0.91200000000000025        27.532289479584275       0.28529332413312164     
  0.91800000000000026        28.029155236853736       0.28193605456920168     
  0.92400000000000027        29.053999157931049       0.28846625197746506     
  0.93000000000000027        29.858208682075322       0.29678744054013240     
  0.93600000000000028        30.878801698681198       0.29477713208972245     
  0.94200000000000028        33.005774458285828       0.31493017754287289     
  0.94800000000000029        34.016567894719664       0.31180746376883706     
  0.95400000000000029        36.682855809971819       0.33890866030284539     
  0.96000000000000030        38.624339504502515       0.34534200156152539     
  0.96600000000000030        40.684714907522086       0.34739334525282534     
  0.97200000000000031        44.437260890494528       0.37097165459602088     
  0.97800000000000031        48.466070867905508       0.40001150454618895     
  0.98400000000000032        51.350624076590748       0.39065093068376439     
  0.99000000000000032        53.527791783131406       0.41242157218837167     
  0.99600000000000022        50.735580470622821       0.40317829919007891     
   1.0020000000000002        41.366463180124775       0.35257227681301112     
   1.0080000000000002        30.701763877722023       0.27487747008001900     
   1.0140000000000002        23.233973289164357       0.23888529196116082     
   1.0200000000000002        18.029867980133851       0.18367295661027805     
   1.0260000000000002        15.017730368416435       0.15258379787539200     
   1.0320000000000003        12.791074196896163       0.12981893555160745     
   1.0380000000000003        11.151652854376492       0.10525174728294234     
   1.0440000000000003        10.319950061345855        9.9553835819688991E-002
   1.0500000000000003        9.3777508860091530        8.2606554929755008E-002
   1.0560000000000003        8.6263327637407681        7.0075484486816469E-002
   1.0620000000000003        8.1581616569379083        6.1205530112268085E-002
   1.0680000000000003        7.8428649528148249        5.4019340400527444E-002
   1.0740000000000003        7.4834379324930254        4.5333612590013860E-002
   1.0800000000000003        7.4111194319108771        3.9067321983054716E-002
   1.0860000000000003        7.2889612171978850        3.0663922179094534E-002
   1.0920000000000003        2.7691193623884165        1.3645905323438748E-002
   1.0980000000000003        0.0000000000000000        0.0000000000000000     
   1.1040000000000003        0.0000000000000000        0.0000000000000000     
   1.1100000000000003        0.0000000000000000        0.0000000000000000     
   1.1160000000000003        0.0000000000000000        0.0000000000000000     
   1.1220000000000003        0.0000000000000000        0.0000000000000000     
   1.1280000000000003        0.0000000000000000        0.0000000000000000     
   1.1340000000000003        0.0000000000000000        0.0000000000000000     
   1.1400000000000003        0.0000000000000000        0.0000000000000000     
   1.1460000000000004        0.0000000000000000        0.0000000000000000     
   1.1520000000000004        0.0000000000000000        0.0000000000000000     
   1.1580000000000004        0.0000000000000000        0.0000000000000000     
   1.1640000000000004        0.0000000000000000        0.0000000000000000     
   1.1700000000000004        0.0000000000000000        0.0000000000000000     
   1.1760000000000004        0.0000000000000000        0.0000000000000000     
   1.1820000000000004        0.0000000000000000        0.0000000000000000     
   1.1880000000000004        0.0000000000000000        0.0000000000000000     
   1.1940000000000004        0.0000000000000000        0.0000000000000000     
   1.2000000000000004        0.0000000000000000        0.0000000000000000     
   1.2060000000000004        0.0000000000000000        0.0000000000000000     
   1.2120000000000004        0.0000000000000000        0.0000000000000000     
   1.2180000000000004        0.0000000000000000        0.0000000000000000     
   1.2240000000000004        0.0000000000000000        0.0000000000000000     
   1.2300000000000004        0.0000000000000000        0.0000000000000000     
   1.2360000000000004        0.0000000000000000        0.0000000000000000     
   1.2420000000000004        0.0000000000000000        0.0000000000000000     
   1.2480000000000004        0.0000000000000000        0.0000000000000000     
   1.2540000000000004        0.0000000000000000        0.0000000000000000     
   1.2600000000000005        0.0000000000000000        0.0000000000000000     
   1.2660000000000005        0.0000000000000000        0.0000000000000000     
   1.2720000000000005        0.0000000000000000        0.0000000000000000     
   1.2780000000000005        0.0000000000000000        0.0000000000000000     
   1.2840000000000005        0.0000000000000000        0.0000000000000000     
   1.2900000000000005        0.0000000000000000        0.0000000000000000     
   1.2960000000000005        0.0000000000000000        0.0000000000000000     
   1.3020000000000005        0.0000000000000000        0.0000000000000000     
   1.3080000000000005        0.0000000000000000        0.0000000000000000     
   1.3140000000000005        0.0000000000000000        0.0000000000000000     
   1.3200000000000005        0.0000000000000000        0.0000000000000000     
   1.3260000000000005        0.0000000000000000        0.0000000000000000     
   1.3320000000000005        0.0000000000000000        0.0000000000000000     
   1.3380000000000005        0.0000000000000000        0.0000000000000000     
   1.3440000000000005        0.0000000000000000        0.0000000000000000     
   1.3500000000000005        0.0000000000000000        0.0000000000000000     
   1.3560000000000005        0.0000000000000000        0.0000000000000000     
   1.3620000000000005        0.0000000000000000        0.0000000000000000     
   1.3680000000000005        0.0000000000000000        0.0000000000000000     
   1.3740000000000006        0.0000000000000000        0.0000000000000000     
   1.3800000000000006        0.0000000000000000        0.0000000000000000     
   1.3860000000000006        0.0000000000000000        0.0000000000000000     
   1.3920000000000006        0.0000000000000000        0.0000000000000000     
   1.3980000000000006        0.0000000000000000        0.0000000000000000     
   1.4040000000000006        0.0000000000000000        0.0000000000000000     
   1.4100000000000006        0.0000000000000000        0.0000000000000000     
   1.4160000000000006        0.0000000000000000        0.0000000000000000     
   1.4220000000000006        0.0000000000000000        0.0000000000000000     
   1.4280000000000006        0.0000000000000000        0.0000000000000000     
   1.4340000000000006        0.0000000000000000        0.0000000000000000     
   1.4400000000000006        0.0000000000000000        0.0000000000000000     
   1.4460000000000006        0.0000000000000000        0.0000000000000000     
   1.4520000000000006        0.0000000000000000        0.0000000000000000     
   1.4580000000000006        0.0000000000000000        0.0000000000000000     
   1.4640000000000006        0.0000000000000000        0.0000000000000000     
   1.4700000000000006        0.0000000000000000        0.0000000000000000     
   1.4760000000000006        0.0000000000000000        0.0000000000000000     
   1.4820000000000007        0.0000000000000000        0.0000000000000000     
   1.4880000000000007        0.0000000000000000        0.0000000000000000     
   1.4940000000000007        0.0000000000000000        0.0000000000000000     
   1.5000000000000007        0.0000000000000000        0.0000000000000000     
   1.5060000000000007        0.0000000000000000        0.0000000000000000     
   1.5120000000000007        0.0000000000000000        0.0000000000000000     
   1.5180000000000007        0.0000000000000000        0.0000000000000000     
   1.5240000000000007        0.0000000000000000        0.0000000000000000     
   1.5300000000000007        0.0000000000000000        0.0000000000000000     
   1.5360000000000007        0.0000000000000000        0.0000000000000000     
   1.5420000000000007        0.0000000000000000        0.0000000000000000     
   1.5480000000000007        0.0000000000000000        0.0000000000000000     
   1.5540000000000007        0.0000000000000000        0.0000000000000000     
   1.5600000000000007        0.0000000000000000        0.0000000000000000     
   1.5660000000000007        0.0000000000000000        0.0000000000000000     
   1.5720000000000007        0.0000000000000000        0.0000000000000000     
   1.5780000000000007        0.0000000000000000        0.0000000000000000     
   1.5840000000000007        0.0000000000000000        0.0000000000000000     
   1.5900000000000007        0.0000000000000000        0.0000000000000000     
   1.5960000000000008        0.0000000000000000        0.0000000000000000     
   1.6020000000000008        0.0000000000000000        0.0000000000000000     
   1.6080000000000008        0.0000000000000000        0.0000000000000000     
   1.6140000000000008        0.0000000000000000        0.0000000000000000     
   1.6200000000000008        0.0000000000000000        0.0000000000000000     
   1.6260000000000008        0.0000000000000000        0.0000000000000000     
   1.6320000000000008        0.0000000000000000        0.0000000000000000     
   1.6380000000000008        0.0000000000000000        0.0000000000000000     
   1.6440000000000008        0.0000000000000000        0.0000000000000000     
   1.6500000000000008        0.0000000000000000        0.0000000000000000     
   1.6560000000000008        0.0000000000000000        0.0000000000000000     
   1.6620000000000008        0.0000000000000000        0.0000000000000000     
   1.6680000000000008        0.0000000000000000        0.0000000000000000     
   1.6740000000000008        0.0000000000000000        0.0000000000000000     
   1.6800000000000008        0.0000000000000000        0.0000000000000000     
   1.6860000000000008        0.0000000000000000        0.0000000000000000     
   1.6920000000000008        0.0000000000000000        0.0000000000000000     
   1.6980000000000008        0.0000000000000000        0.0000000000000000     
   1.7040000000000008        0.0000000000000000        0.0000000000000000     
   1.7100000000000009        0.0000000000000000        0.0000000000000000     
   1.7160000000000009        0.0000000000000000        0.0000000000000000     
   1.7220000000000009        0.0000000000000000        0.0000000000000000     
   1.7280000000000009        0.0000000000000000        0.0000000000000000     
   1.7340000000000009        0.0000000000000000        0.0000000000000000     
   1.7400000000000009        0.0000000000000000        0.0000000000000000     
   1.7460000000000009        0.0000000000000000        0.0000000000000000     
   1.7520000000000009        0.0000000000000000        0.0000000000000000     
   1.7580000000000009        0.0000000000000000        0.0000000000000000     
   1.7640000000000009        0.0000000000000000        0.0000000000000000     
   1.7700000000000009        0.0000000000000000        0.0000000000000000     
   1.7760000000000009        0.0000000000000000        0.0000000000000000     
   1.7820000000000009        0.0000000000000000        0.0000000000000000     
   1.7880000000000009        0.0000000000000000        0.0000000000000000     
   1.7940000000000009        0.0000000000000000        0.0000000000000000     
