  0.59999999999999998        0.0000000000000000        0.0000000000000000     
  0.60599999999999998        0.0000000000000000        0.0000000000000000     
  0.61199999999999999        0.0000000000000000        0.0000000000000000     
  0.61799999999999999        3.4755866908102173       0.10516608470948959     
  0.62400000000000000        10.213960263381932       0.16051965110490979     
  0.63000000000000000        10.471171774366713       0.16883866903076628     
  0.63600000000000001        10.391127944405689       0.16521642817090304     
  0.64200000000000002        10.573679918279128       0.16047084722978200     
  0.64800000000000002        10.990302152575063       0.18714096594417959     
  0.65400000000000003        11.170220594508319       0.17697148891658321     
  0.66000000000000003        10.866963428903516       0.16405987378981998     
  0.66600000000000004        11.106091743977696       0.17039353675122446     
  0.67200000000000004        11.384213030420003       0.18068587704357778     
  0.67800000000000005        11.275120304719206       0.17668424278557407     
  0.68400000000000005        11.656826039791197       0.17787396764482397     
  0.69000000000000006        11.670228142577340       0.18047087272179985     
  0.69600000000000006        11.722924108111100       0.19065999023131402     
  0.70200000000000007        12.019241591247949       0.18338077629773059     
  0.70800000000000007        11.721746406245167       0.17653337605101779     
  0.71400000000000008        11.788799688633619       0.17684824522662110     
  0.72000000000000008        11.961054631185432       0.17470564083071383     
  0.72600000000000009        12.354311910467340       0.18666238608704080     
  0.73200000000000010        12.233497196821318       0.17919340520570687     
  0.73800000000000010        12.866402619150477       0.20346117164367017     
  0.74400000000000011        12.651444943329162       0.19540145436306344     
  0.75000000000000011        12.552856391599606       0.18290320051413633     
  0.75600000000000012        12.681620455289949       0.18476568753499173     
  0.76200000000000012        12.866560394649667       0.18675355170522165     
  0.76800000000000013        13.379353495014579       0.20055454436636680     
  0.77400000000000013        13.156029965364599       0.19255485116643989     
  0.78000000000000014        13.326912921809889       0.19213345519925418     
  0.78600000000000014        13.356686989552745       0.19633440412038208     
  0.79200000000000015        13.403880616366411       0.18058573180404139     
  0.79800000000000015        13.576854126383134       0.19689762179039846     
  0.80400000000000016        13.971768106324047       0.20362367705307194     
  0.81000000000000016        14.109965164279309       0.19524057190345623     
  0.81600000000000017        14.219651058837263       0.19742335331424990     
  0.82200000000000017        14.227840536975734       0.19753106517241950     
  0.82800000000000018        14.148848625433692       0.19357851408780938     
  0.83400000000000019        14.473077456249756       0.20193584184649732     
  0.84000000000000019        14.560443118593581       0.19896143493139212     
  0.84600000000000020        14.591717527403187       0.19626017140059823     
  0.85200000000000020        15.152651663277592       0.21803893869403768     
  0.85800000000000021        15.162096796751459       0.19828186491396990     
  0.86400000000000021        15.888944001498286       0.22323800667447383     
  0.87000000000000022        15.543194545717892       0.21429374088785288     
  0.87600000000000022        15.660117408944094       0.20447493929326671     
  0.88200000000000023        15.789645068957931       0.21008370348385902     
  0.88800000000000023        16.119158349909430       0.21411173478881415     
  0.89400000000000024        16.260526069822991       0.20969824426366884     
  0.90000000000000024        16.298585564042252       0.21063487383863297     
  0.90600000000000025        16.840106988763512       0.22702198234499479     
  0.91200000000000025        16.697133694647842       0.20430908324598329     
  0.91800000000000026        17.224605029352649       0.23183402814931287     
  0.92400000000000027        17.225928283961526       0.21647746747857677     
  0.93000000000000027        17.575335186192287       0.21865264447986252     
  0.93600000000000028        18.529369743408733       0.24539436485613828     
  0.94200000000000028        17.852714582486598       0.22288932395625297     
  0.94800000000000029        18.315767506694996       0.23376782328383253     
  0.95400000000000029        18.413463562968584       0.22540568680017198     
  0.96000000000000030        18.774343758006211       0.22723748012552950     
  0.96600000000000030        18.907239116905984       0.22388496292279103     
  0.97200000000000031        19.637227544813072       0.24539305941779221     
  0.97800000000000031        19.360802752082851       0.22898603925906505     
  0.98400000000000032        20.222278222822581       0.24455934945607655     
  0.99000000000000032        20.894473780823699       0.25772177133802199     
  0.99600000000000022        20.740319942821181       0.24506160142867364     
   1.0020000000000002        21.255284658454727       0.25745667494345831     
   1.0080000000000002        21.749235016338023       0.24748961258586710     
   1.0140000000000002        22.292782930505389       0.25648375506036308     
   1.0200000000000002        22.454626550225029       0.25513811775084161     
   1.0260000000000002        23.173299591407673       0.26148468982756579     
   1.0320000000000003        23.739365953668621       0.26398296504962188     
   1.0380000000000003        24.329084085364215       0.26927525740698149     
   1.0440000000000003        24.718989991376677       0.26449399242148475     
   1.0500000000000003        25.532914573651137       0.26956757591978531     
   1.0560000000000003        25.994733200075189       0.27338880230015300     
   1.0620000000000003        26.928211778752370       0.27980609265356415     
   1.0680000000000003        28.359435901900110       0.29268862762354569     
   1.0740000000000003        29.707575635942600       0.29169439068963815     
   1.0800000000000003        30.501466737558314       0.30390582840221475     
   1.0860000000000003        32.703587074246826       0.31563257181907256     
   1.0920000000000003        34.088746690880626       0.32353876996663616     
   1.0980000000000003        35.808383187628074       0.32766004566828477     
   1.1040000000000003        38.798446304840894       0.34821397885305805     
   1.1100000000000003        41.265195841583804       0.35645368542189010     
   1.1160000000000003        44.641370680030768       0.37687261976966496     
   1.1220000000000003        46.849968248140208       0.38511237624888922     
   1.1280000000000003        46.538744751170881       0.38241887489867166     
   1.1340000000000003        42.940285960074334       0.36891538056799889     
   1.1400000000000003        34.940039143600188       0.32010379250177440     
   1.1460000000000004        26.716044133051252       0.25634674463559165     
   1.1520000000000004        20.775873785076623       0.22480327341322792     
   1.1580000000000004        16.698512794360163       0.18553986605141490     
   1.1640000000000004        13.828658668350293       0.14514144770529236     
   1.1700000000000004        12.236224257172010       0.13736137526650447     
   1.1760000000000004        10.564739741239471       0.11046881670290325     
   1.1820000000000004        9.5297281810611896        9.6126477141838820E-002
   1.1880000000000004        8.8214214895813576        8.8998487485057079E-002
   1.1940000000000004        8.1936803740507216        7.6201473464882527E-002
   1.2000000000000004        7.6371705486549342        6.6592518044551477E-002
   1.2060000000000004        7.2397026892645018        5.8567706349209270E-002
   1.2120000000000004        6.9443264392934880        5.2160618662106306E-002
   1.2180000000000004        6.7161533467999206        4.5546469390624594E-002
   1.2240000000000004        6.5622495210781544        4.0157698671129678E-002
   1.2300000000000004        6.4681194003156195        3.3938329564030194E-002
   1.2360000000000004        6.3480609443844660        2.6432165597989506E-002
   1.2420000000000004        1.5059112805032295        9.0999149882291797E-003
   1.2480000000000004        0.0000000000000000        0.0000000000000000     
   1.2540000000000004        0.0000000000000000        0.0000000000000000     
   1.2600000000000005        0.0000000000000000        0.0000000000000000     
   1.2660000000000005        0.0000000000000000        0.0000000000000000     
   1.2720000000000005        0.0000000000000000        0.0000000000000000     
   1.2780000000000005        0.0000000000000000        0.0000000000000000     
   1.2840000000000005        0.0000000000000000        0.0000000000000000     
   1.2900000000000005        0.0000000000000000        0.0000000000000000     
   1.2960000000000005        0.0000000000000000        0.0000000000000000     
   1.3020000000000005        0.0000000000000000        0.0000000000000000     
   1.3080000000000005        0.0000000000000000        0.0000000000000000     
   1.3140000000000005        0.0000000000000000        0.0000000000000000     
   1.3200000000000005        0.0000000000000000        0.0000000000000000     
   1.3260000000000005        0.0000000000000000        0.0000000000000000     
   1.3320000000000005        0.0000000000000000        0.0000000000000000     
   1.3380000000000005        0.0000000000000000        0.0000000000000000     
   1.3440000000000005        0.0000000000000000        0.0000000000000000     
   1.3500000000000005        0.0000000000000000        0.0000000000000000     
   1.3560000000000005        0.0000000000000000        0.0000000000000000     
   1.3620000000000005        0.0000000000000000        0.0000000000000000     
   1.3680000000000005        0.0000000000000000        0.0000000000000000     
   1.3740000000000006        0.0000000000000000        0.0000000000000000     
   1.3800000000000006        0.0000000000000000        0.0000000000000000     
   1.3860000000000006        0.0000000000000000        0.0000000000000000     
   1.3920000000000006        0.0000000000000000        0.0000000000000000     
   1.3980000000000006        0.0000000000000000        0.0000000000000000     
   1.4040000000000006        0.0000000000000000        0.0000000000000000     
   1.4100000000000006        0.0000000000000000        0.0000000000000000     
   1.4160000000000006        0.0000000000000000        0.0000000000000000     
   1.4220000000000006        0.0000000000000000        0.0000000000000000     
   1.4280000000000006        0.0000000000000000        0.0000000000000000     
   1.4340000000000006        0.0000000000000000        0.0000000000000000     
   1.4400000000000006        0.0000000000000000        0.0000000000000000     
   1.4460000000000006        0.0000000000000000        0.0000000000000000     
   1.4520000000000006        0.0000000000000000        0.0000000000000000     
   1.4580000000000006        0.0000000000000000        0.0000000000000000     
   1.4640000000000006        0.0000000000000000        0.0000000000000000     
   1.4700000000000006        0.0000000000000000        0.0000000000000000     
   1.4760000000000006        0.0000000000000000        0.0000000000000000     
   1.4820000000000007        0.0000000000000000        0.0000000000000000     
   1.4880000000000007        0.0000000000000000        0.0000000000000000     
   1.4940000000000007        0.0000000000000000        0.0000000000000000     
   1.5000000000000007        0.0000000000000000        0.0000000000000000     
   1.5060000000000007        0.0000000000000000        0.0000000000000000     
   1.5120000000000007        0.0000000000000000        0.0000000000000000     
   1.5180000000000007        0.0000000000000000        0.0000000000000000     
   1.5240000000000007        0.0000000000000000        0.0000000000000000     
   1.5300000000000007        0.0000000000000000        0.0000000000000000     
   1.5360000000000007        0.0000000000000000        0.0000000000000000     
   1.5420000000000007        0.0000000000000000        0.0000000000000000     
   1.5480000000000007        0.0000000000000000        0.0000000000000000     
   1.5540000000000007        0.0000000000000000        0.0000000000000000     
   1.5600000000000007        0.0000000000000000        0.0000000000000000     
   1.5660000000000007        0.0000000000000000        0.0000000000000000     
   1.5720000000000007        0.0000000000000000        0.0000000000000000     
   1.5780000000000007        0.0000000000000000        0.0000000000000000     
   1.5840000000000007        0.0000000000000000        0.0000000000000000     
   1.5900000000000007        0.0000000000000000        0.0000000000000000     
   1.5960000000000008        0.0000000000000000        0.0000000000000000     
   1.6020000000000008        0.0000000000000000        0.0000000000000000     
   1.6080000000000008        0.0000000000000000        0.0000000000000000     
   1.6140000000000008        0.0000000000000000        0.0000000000000000     
   1.6200000000000008        0.0000000000000000        0.0000000000000000     
   1.6260000000000008        0.0000000000000000        0.0000000000000000     
   1.6320000000000008        0.0000000000000000        0.0000000000000000     
   1.6380000000000008        0.0000000000000000        0.0000000000000000     
   1.6440000000000008        0.0000000000000000        0.0000000000000000     
   1.6500000000000008        0.0000000000000000        0.0000000000000000     
   1.6560000000000008        0.0000000000000000        0.0000000000000000     
   1.6620000000000008        0.0000000000000000        0.0000000000000000     
   1.6680000000000008        0.0000000000000000        0.0000000000000000     
   1.6740000000000008        0.0000000000000000        0.0000000000000000     
   1.6800000000000008        0.0000000000000000        0.0000000000000000     
   1.6860000000000008        0.0000000000000000        0.0000000000000000     
   1.6920000000000008        0.0000000000000000        0.0000000000000000     
   1.6980000000000008        0.0000000000000000        0.0000000000000000     
   1.7040000000000008        0.0000000000000000        0.0000000000000000     
   1.7100000000000009        0.0000000000000000        0.0000000000000000     
   1.7160000000000009        0.0000000000000000        0.0000000000000000     
   1.7220000000000009        0.0000000000000000        0.0000000000000000     
   1.7280000000000009        0.0000000000000000        0.0000000000000000     
   1.7340000000000009        0.0000000000000000        0.0000000000000000     
   1.7400000000000009        0.0000000000000000        0.0000000000000000     
   1.7460000000000009        0.0000000000000000        0.0000000000000000     
   1.7520000000000009        0.0000000000000000        0.0000000000000000     
   1.7580000000000009        0.0000000000000000        0.0000000000000000     
   1.7640000000000009        0.0000000000000000        0.0000000000000000     
   1.7700000000000009        0.0000000000000000        0.0000000000000000     
   1.7760000000000009        0.0000000000000000        0.0000000000000000     
   1.7820000000000009        0.0000000000000000        0.0000000000000000     
   1.7880000000000009        0.0000000000000000        0.0000000000000000     
   1.7940000000000009        0.0000000000000000        0.0000000000000000     
