   0.0000000000000000        153.09597823844382       0.11941474087221013     
   1.0000000000000000E-002   96.693373800581853       0.17683841128257680     
   1.9999999999999997E-002   108.64544808679773       0.31428645523212356     
   2.9999999999999999E-002   119.75079863050853       0.43384151129783366     
   4.0000000000000001E-002   114.13858208428347       0.45425288427364174     
   5.0000000000000003E-002   105.61833269587437       0.46860074691801540     
   6.0000000000000005E-002   97.640341181906763       0.46921276769294995     
   7.0000000000000007E-002   89.484149715629187       0.49084915346027874     
   8.0000000000000002E-002   72.922218068190276       0.47369264484776924     
   8.9999999999999997E-002   45.394772263432365       0.38639137435267196     
   9.9999999999999992E-002   23.212748811820994       0.26878465263236029     
  0.10999999999999999        11.875686313165536       0.17080843195705500     
  0.11999999999999998        7.2219579967332930       0.13088790088534158     
  0.12999999999999998        4.6788681372551197        9.6074596038010815E-002
  0.13999999999999999        3.3625748629869641        8.1257462148427398E-002
  0.14999999999999999        2.5235690976624059        6.3822736410256681E-002
  0.16000000000000000        1.9255881161903603        5.6248490582288882E-002
  0.17000000000000001        1.4897328456083589        4.9700110252354615E-002
  0.18000000000000002        1.1759684965620318        3.7076206576194350E-002
  0.19000000000000003       0.97028393670311008        3.2454831831507130E-002
  0.20000000000000004       0.80501994964248713        2.9603905644348703E-002
  0.21000000000000005       0.67431925302809070        2.3740853664432730E-002
  0.22000000000000006       0.57449171612521477        2.4334592624243905E-002
  0.23000000000000007       0.47355282579673230        1.9422705942236725E-002
  0.24000000000000005       0.40669436082917643        1.5224759707981568E-002
  0.25000000000000006       0.35878078399269719        1.3952215392879427E-002
  0.26000000000000006       0.35395401537472460        1.7245130632891601E-002
  0.27000000000000007       0.27425706001517819        1.4250286430188816E-002
  0.28000000000000008       0.27047919726609382        1.8670918696876919E-002
  0.29000000000000009       0.21742065443163916        1.1578941871827507E-002
  0.30000000000000010       0.19230838700218050        1.1765987993512533E-002
  0.31000000000000011       0.19305553873271089        1.2347935880264177E-002
  0.32000000000000012       0.17053648066023008        1.4922074363733008E-002
  0.33000000000000013       0.13885298761858406        8.4506655598824542E-003
  0.34000000000000014       0.15155082979578299        1.0202115393498575E-002
  0.35000000000000014       0.12514153807290393        8.2867532829208543E-003
  0.36000000000000015       0.10555372585728794        7.9892762428963680E-003
  0.37000000000000016       0.10503280149774322        1.1666445195245827E-002
  0.38000000000000017        9.6061575729652127E-002   9.0846420733845315E-003
  0.39000000000000018        9.0373989818788206E-002   7.4010726126233408E-003
  0.40000000000000019       0.11783024941382951        1.7130133959307441E-002
  0.41000000000000020        8.2775169944032140E-002   7.0097387655617127E-003
  0.42000000000000021       0.10088565661398169        1.5443696246833068E-002
  0.43000000000000022        7.3704784832413356E-002   1.3041305485490354E-002
  0.44000000000000022        5.9682547531072841E-002   6.4532473308142662E-003
  0.45000000000000023        5.5456662880033522E-002   6.3013530562036815E-003
  0.46000000000000024        4.9477064345175258E-002   4.4528579148099181E-003
  0.47000000000000025        5.2193938538593637E-002   5.0563140318871450E-003
  0.48000000000000026        4.2289956932113459E-002   4.5944945349314821E-003
  0.49000000000000021        4.9935794611230239E-002   6.4963091065196746E-003
  0.50000000000000022        3.7705476413286310E-002   3.9545549214629033E-003
  0.51000000000000023        3.7545482272228661E-002   5.0167440959813609E-003
  0.52000000000000024        4.2720623834067689E-002   8.0384468183985029E-003
  0.53000000000000025        2.7230411584134997E-002   2.6820900324568383E-003
  0.54000000000000026        3.3088330385423005E-002   5.3127958237380877E-003
  0.55000000000000027        2.5558556738154374E-002   2.3483965022324466E-003
  0.56000000000000028        3.7800553441377616E-002   1.2404779838999605E-002
  0.57000000000000028        1.9836125808495222E-002   2.8111716144474741E-003
  0.58000000000000029        2.0204229868933880E-002   2.5322830004249021E-003
  0.59000000000000030        2.0026887616065352E-002   3.9584954281304168E-003
  0.60000000000000031        2.5636406524331534E-002   4.3843636601222109E-003
  0.61000000000000032        1.8966015370179522E-002   2.7031248338282711E-003
  0.62000000000000033        1.0615915256756477E-002   1.6796964055496332E-003
  0.63000000000000034        1.3138523871940196E-002   2.4124539952829274E-003
  0.64000000000000035        1.1870683567641895E-002   1.8623202511291162E-003
  0.65000000000000036        9.8083828678015832E-003   1.9336927602194751E-003
  0.66000000000000036        7.2760594761091995E-003   1.1469917581619494E-003
  0.67000000000000037        8.5205590162597995E-003   1.9683174612722086E-003
  0.68000000000000038        5.9463298974720587E-003   1.3992089860419429E-003
  0.69000000000000039        6.1346970211837038E-003   1.5154013712811454E-003
  0.70000000000000040        4.6476789884386310E-003   1.2600362996239441E-003
  0.71000000000000041        4.0207897144651939E-003   9.8961757193111481E-004
  0.72000000000000042        2.5786033286587973E-003   1.0190443067042173E-003
  0.73000000000000043        1.9294019717652077E-003   8.8820577287129776E-004
  0.74000000000000044        5.6638771569501162E-004   3.8740678507480494E-004
  0.75000000000000044        0.0000000000000000        0.0000000000000000     
  0.76000000000000045        0.0000000000000000        0.0000000000000000     
  0.77000000000000046        0.0000000000000000        0.0000000000000000     
  0.78000000000000047        0.0000000000000000        0.0000000000000000     
  0.79000000000000048        0.0000000000000000        0.0000000000000000     
  0.80000000000000049        0.0000000000000000        0.0000000000000000     
  0.81000000000000050        0.0000000000000000        0.0000000000000000     
  0.82000000000000051        0.0000000000000000        0.0000000000000000     
  0.83000000000000052        0.0000000000000000        0.0000000000000000     
  0.84000000000000052        0.0000000000000000        0.0000000000000000     
  0.85000000000000053        0.0000000000000000        0.0000000000000000     
  0.86000000000000054        0.0000000000000000        0.0000000000000000     
  0.87000000000000055        0.0000000000000000        0.0000000000000000     
  0.88000000000000056        0.0000000000000000        0.0000000000000000     
  0.89000000000000057        0.0000000000000000        0.0000000000000000     
  0.90000000000000058        0.0000000000000000        0.0000000000000000     
  0.91000000000000059        0.0000000000000000        0.0000000000000000     
  0.92000000000000060        0.0000000000000000        0.0000000000000000     
  0.93000000000000060        0.0000000000000000        0.0000000000000000     
  0.94000000000000061        0.0000000000000000        0.0000000000000000     
  0.95000000000000062        0.0000000000000000        0.0000000000000000     
  0.96000000000000063        0.0000000000000000        0.0000000000000000     
  0.97000000000000064        0.0000000000000000        0.0000000000000000     
  0.98000000000000065        0.0000000000000000        0.0000000000000000     
  0.99000000000000066        0.0000000000000000        0.0000000000000000     
   1.0000000000000007        0.0000000000000000        0.0000000000000000     
   1.0100000000000007        0.0000000000000000        0.0000000000000000     
   1.0200000000000007        0.0000000000000000        0.0000000000000000     
   1.0300000000000007        0.0000000000000000        0.0000000000000000     
   1.0400000000000007        0.0000000000000000        0.0000000000000000     
   1.0500000000000007        0.0000000000000000        0.0000000000000000     
   1.0600000000000007        0.0000000000000000        0.0000000000000000     
   1.0700000000000007        0.0000000000000000        0.0000000000000000     
   1.0800000000000007        0.0000000000000000        0.0000000000000000     
   1.0900000000000007        0.0000000000000000        0.0000000000000000     
   1.1000000000000008        0.0000000000000000        0.0000000000000000     
   1.1100000000000008        0.0000000000000000        0.0000000000000000     
   1.1200000000000008        0.0000000000000000        0.0000000000000000     
   1.1300000000000008        0.0000000000000000        0.0000000000000000     
   1.1400000000000008        0.0000000000000000        0.0000000000000000     
   1.1500000000000008        0.0000000000000000        0.0000000000000000     
   1.1600000000000008        0.0000000000000000        0.0000000000000000     
   1.1700000000000008        0.0000000000000000        0.0000000000000000     
   1.1800000000000008        0.0000000000000000        0.0000000000000000     
   1.1900000000000008        0.0000000000000000        0.0000000000000000     
   1.2000000000000008        0.0000000000000000        0.0000000000000000     
   1.2100000000000009        0.0000000000000000        0.0000000000000000     
   1.2200000000000009        0.0000000000000000        0.0000000000000000     
   1.2300000000000009        0.0000000000000000        0.0000000000000000     
   1.2400000000000009        0.0000000000000000        0.0000000000000000     
   1.2500000000000009        0.0000000000000000        0.0000000000000000     
   1.2600000000000009        0.0000000000000000        0.0000000000000000     
   1.2700000000000009        0.0000000000000000        0.0000000000000000     
   1.2800000000000009        0.0000000000000000        0.0000000000000000     
   1.2900000000000009        0.0000000000000000        0.0000000000000000     
   1.3000000000000009        0.0000000000000000        0.0000000000000000     
   1.3100000000000009        0.0000000000000000        0.0000000000000000     
   1.3200000000000010        0.0000000000000000        0.0000000000000000     
   1.3300000000000010        0.0000000000000000        0.0000000000000000     
   1.3400000000000010        0.0000000000000000        0.0000000000000000     
   1.3500000000000010        0.0000000000000000        0.0000000000000000     
   1.3600000000000010        0.0000000000000000        0.0000000000000000     
   1.3700000000000010        0.0000000000000000        0.0000000000000000     
   1.3800000000000010        0.0000000000000000        0.0000000000000000     
   1.3900000000000010        0.0000000000000000        0.0000000000000000     
   1.4000000000000010        0.0000000000000000        0.0000000000000000     
   1.4100000000000010        0.0000000000000000        0.0000000000000000     
   1.4200000000000010        0.0000000000000000        0.0000000000000000     
   1.4300000000000010        0.0000000000000000        0.0000000000000000     
   1.4400000000000011        0.0000000000000000        0.0000000000000000     
   1.4500000000000011        0.0000000000000000        0.0000000000000000     
   1.4600000000000011        0.0000000000000000        0.0000000000000000     
   1.4700000000000011        0.0000000000000000        0.0000000000000000     
   1.4800000000000011        0.0000000000000000        0.0000000000000000     
   1.4900000000000011        0.0000000000000000        0.0000000000000000     
   1.5000000000000011        0.0000000000000000        0.0000000000000000     
   1.5100000000000011        0.0000000000000000        0.0000000000000000     
   1.5200000000000011        0.0000000000000000        0.0000000000000000     
   1.5300000000000011        0.0000000000000000        0.0000000000000000     
   1.5400000000000011        0.0000000000000000        0.0000000000000000     
   1.5500000000000012        0.0000000000000000        0.0000000000000000     
   1.5600000000000012        0.0000000000000000        0.0000000000000000     
   1.5700000000000012        0.0000000000000000        0.0000000000000000     
   1.5800000000000012        0.0000000000000000        0.0000000000000000     
   1.5900000000000012        0.0000000000000000        0.0000000000000000     
   1.6000000000000012        0.0000000000000000        0.0000000000000000     
   1.6100000000000012        0.0000000000000000        0.0000000000000000     
   1.6200000000000012        0.0000000000000000        0.0000000000000000     
   1.6300000000000012        0.0000000000000000        0.0000000000000000     
   1.6400000000000012        0.0000000000000000        0.0000000000000000     
   1.6500000000000012        0.0000000000000000        0.0000000000000000     
   1.6600000000000013        0.0000000000000000        0.0000000000000000     
   1.6700000000000013        0.0000000000000000        0.0000000000000000     
   1.6800000000000013        0.0000000000000000        0.0000000000000000     
   1.6900000000000013        0.0000000000000000        0.0000000000000000     
   1.7000000000000013        0.0000000000000000        0.0000000000000000     
   1.7100000000000013        0.0000000000000000        0.0000000000000000     
   1.7200000000000013        0.0000000000000000        0.0000000000000000     
   1.7300000000000013        0.0000000000000000        0.0000000000000000     
   1.7400000000000013        0.0000000000000000        0.0000000000000000     
   1.7500000000000013        0.0000000000000000        0.0000000000000000     
   1.7600000000000013        0.0000000000000000        0.0000000000000000     
   1.7700000000000014        0.0000000000000000        0.0000000000000000     
   1.7800000000000014        0.0000000000000000        0.0000000000000000     
   1.7900000000000014        0.0000000000000000        0.0000000000000000     
   1.8000000000000014        0.0000000000000000        0.0000000000000000     
   1.8100000000000014        0.0000000000000000        0.0000000000000000     
   1.8200000000000014        0.0000000000000000        0.0000000000000000     
   1.8300000000000014        0.0000000000000000        0.0000000000000000     
   1.8400000000000014        0.0000000000000000        0.0000000000000000     
   1.8500000000000014        0.0000000000000000        0.0000000000000000     
   1.8600000000000014        0.0000000000000000        0.0000000000000000     
   1.8700000000000014        0.0000000000000000        0.0000000000000000     
   1.8800000000000014        0.0000000000000000        0.0000000000000000     
   1.8900000000000015        0.0000000000000000        0.0000000000000000     
   1.9000000000000015        0.0000000000000000        0.0000000000000000     
   1.9100000000000015        0.0000000000000000        0.0000000000000000     
   1.9200000000000015        0.0000000000000000        0.0000000000000000     
   1.9300000000000015        0.0000000000000000        0.0000000000000000     
   1.9400000000000015        0.0000000000000000        0.0000000000000000     
   1.9500000000000015        0.0000000000000000        0.0000000000000000     
   1.9600000000000015        0.0000000000000000        0.0000000000000000     
   1.9700000000000015        0.0000000000000000        0.0000000000000000     
   1.9800000000000015        0.0000000000000000        0.0000000000000000     
   1.9900000000000013        0.0000000000000000        0.0000000000000000     
