  0.59999999999999998        1.0220239971053815E-002   3.7187779474376053E-003
  0.60599999999999998        5.2741389373976467E-003   8.9421188929816821E-004
  0.61199999999999999        1.4990162015002135E-002   3.0372575525659164E-003
  0.61799999999999999        2.5139639809225081        8.7985567048787641E-002
  0.62400000000000000        8.4348522358272096       0.14225178432545968     
  0.63000000000000000        9.2064731249748988       0.16582038581063072     
  0.63600000000000001        9.5695054375074893       0.17006272426844279     
  0.64200000000000002        9.7179854555028360       0.16633408004421715     
  0.64800000000000002        9.8826634443913743       0.15923003116839191     
  0.65400000000000003        10.503931222232083       0.18158902421023718     
  0.66000000000000003        10.234447293501884       0.15923499611762060     
  0.66600000000000004        10.852181540065990       0.18806898187376567     
  0.67200000000000004        11.222847553245069       0.18722855705048103     
  0.67800000000000005        10.965880358943481       0.18145689685885774     
  0.68400000000000005        11.269552676267921       0.18842005067245343     
  0.69000000000000006        11.319810607375528       0.18390524290189003     
  0.69600000000000006        11.719372496551728       0.19062296736352660     
  0.70200000000000007        11.430316728881724       0.16248993983463694     
  0.70800000000000007        11.480635147651592       0.16989372494285612     
  0.71400000000000008        11.907106793492039       0.18409164553805027     
  0.72000000000000008        12.379576268429989       0.19747158422600491     
  0.72600000000000009        12.265937080482963       0.18858616834059114     
  0.73200000000000010        12.451688728018137       0.19615416552113610     
  0.73800000000000010        12.393271410835995       0.17890930331861493     
  0.74400000000000011        12.803345894313848       0.19307274404171151     
  0.75000000000000011        13.121987771324712       0.20193484648288801     
  0.75600000000000012        13.090960470108110       0.19338041341135509     
  0.76200000000000012        13.151914295505016       0.19621977088869158     
  0.76800000000000013        13.267109045735515       0.18496297035478640     
  0.77400000000000013        13.567506657916558       0.20390775479256740     
  0.78000000000000014        14.095902656386587       0.20923008332099363     
  0.78600000000000014        13.643265723177930       0.19123617263123066     
  0.79200000000000015        14.160944101262441       0.19937822860916923     
  0.79800000000000015        14.363712142342077       0.20645592923406669     
  0.80400000000000016        14.493500687030281       0.20221492876592648     
  0.81000000000000016        14.111927379337539       0.18529750210410381     
  0.81600000000000017        14.709790249903937       0.20522733750716846     
  0.82200000000000017        14.917565264784130       0.21557461199342268     
  0.82800000000000018        14.979437670657674       0.20477142249013483     
  0.83400000000000019        14.954229831687693       0.19741599087172756     
  0.84000000000000019        15.485315933910579       0.20686544110005861     
  0.84600000000000020        15.560691281002764       0.20767894029478573     
  0.85200000000000020        15.923577988764404       0.22077340307394897     
  0.85800000000000021        16.060626897030879       0.21801110614080671     
  0.86400000000000021        16.259114206214658       0.21798225369443505     
  0.87000000000000022        16.190518526039643       0.21407506956111225     
  0.87600000000000022        16.703388835455304       0.21791511968620386     
  0.88200000000000023        16.616834938898517       0.21236618822073053     
  0.88800000000000023        16.688839600197589       0.21359004084656935     
  0.89400000000000024        16.961436420720837       0.21496166700997149     
  0.90000000000000024        17.276413957937958       0.22148143027884110     
  0.90600000000000025        17.615262202638277       0.22973859719718337     
  0.91200000000000025        17.376909090478037       0.21963462723905697     
  0.91800000000000026        17.702592849478926       0.22064480938140921     
  0.92400000000000027        18.070586202602911       0.22208418733209875     
  0.93000000000000027        18.132771796295849       0.21704858411372852     
  0.93600000000000028        18.462605624734444       0.23351667291359726     
  0.94200000000000028        18.820421649814723       0.23941049362090774     
  0.94800000000000029        18.762964732722004       0.22513480826965976     
  0.95400000000000029        18.953227236907139       0.22499553020154833     
  0.96000000000000030        19.331121950732385       0.23161306062408640     
  0.96600000000000030        19.306887022352189       0.21999521428846969     
  0.97200000000000031        20.095389341877524       0.24312410609629970     
  0.97800000000000031        20.867834546698429       0.25300981595840966     
  0.98400000000000032        20.919300316449942       0.25801114695901178     
  0.99000000000000032        21.043993889722231       0.25112662855002921     
  0.99600000000000022        21.079322248094087       0.23670836188144015     
   1.0020000000000002        21.522107091013062       0.24208428953691527     
   1.0080000000000002        22.140970430791718       0.25527544620557469     
   1.0140000000000002        22.568682645585884       0.25734737380278605     
   1.0200000000000002        22.508259241310054       0.24207184661788941     
   1.0260000000000002        23.360628873705007       0.26536960058920411     
   1.0320000000000003        24.258555430737452       0.27446115409115546     
   1.0380000000000003        24.502087714159821       0.26768110605883788     
   1.0440000000000003        24.576755683918307       0.25671532333911296     
   1.0500000000000003        25.664893402571700       0.26332669064588449     
   1.0560000000000003        26.118353907834241       0.27021334388140250     
   1.0620000000000003        27.361882627126676       0.28323926372917335     
   1.0680000000000003        27.938239715115433       0.28276798102146755     
   1.0740000000000003        28.522055226953221       0.27100961309543486     
   1.0800000000000003        29.945199660740940       0.28982121208767031     
   1.0860000000000003        31.574854108772758       0.30055087650627205     
   1.0920000000000003        32.812486309381548       0.30582352998859075     
   1.0980000000000003        34.549981928826377       0.31602362044851412     
   1.1040000000000003        36.244929426822182       0.31914453250710700     
   1.1100000000000003        39.304081587891361       0.34805077291684905     
   1.1160000000000003        41.589685976529047       0.36697833579008488     
   1.1220000000000003        41.481478635611111       0.35729147773784409     
   1.1280000000000003        38.682728874560780       0.33642208304175297     
   1.1340000000000003        33.223732095013474       0.30685071842097983     
   1.1400000000000003        26.124151826964038       0.26548612902930968     
   1.1460000000000004        20.516000774147493       0.21980263926086513     
   1.1520000000000004        16.336312442862202       0.18641149162119919     
   1.1580000000000004        13.334671844965015       0.15023699357835923     
   1.1640000000000004        11.605579204765579       0.13509696427844378     
   1.1700000000000004        9.9606870136639110       0.11436380436682229     
   1.1760000000000004        8.9074851577934755        9.4737761030126946E-002
   1.1820000000000004        8.1791633668544694        8.7005704374978690E-002
   1.1880000000000004        7.4685096635935322        7.6040175412868144E-002
   1.1940000000000004        6.8713918208055222        6.3788850402566155E-002
   1.2000000000000004        6.5016826116445046        5.6163186697737753E-002
   1.2060000000000004        6.1095414240286079        5.1017955297327236E-002
   1.2120000000000004        5.7770520334098645        4.4549237187524758E-002
   1.2180000000000004        5.5673319006029232        3.9768050120196373E-002
   1.2240000000000004        5.3185582811999268        3.3886698918140452E-002
   1.2300000000000004        5.0653189459106320        2.8261458705371854E-002
   1.2360000000000004        4.6422781640708957        2.1734519468023565E-002
   1.2420000000000004       0.97462162760857851        7.1393444476158382E-003
   1.2480000000000004        0.0000000000000000        0.0000000000000000     
   1.2540000000000004        0.0000000000000000        0.0000000000000000     
   1.2600000000000005        0.0000000000000000        0.0000000000000000     
   1.2660000000000005        0.0000000000000000        0.0000000000000000     
   1.2720000000000005        0.0000000000000000        0.0000000000000000     
   1.2780000000000005        0.0000000000000000        0.0000000000000000     
   1.2840000000000005        0.0000000000000000        0.0000000000000000     
   1.2900000000000005        0.0000000000000000        0.0000000000000000     
   1.2960000000000005        0.0000000000000000        0.0000000000000000     
   1.3020000000000005        0.0000000000000000        0.0000000000000000     
   1.3080000000000005        0.0000000000000000        0.0000000000000000     
   1.3140000000000005        0.0000000000000000        0.0000000000000000     
   1.3200000000000005        0.0000000000000000        0.0000000000000000     
   1.3260000000000005        0.0000000000000000        0.0000000000000000     
   1.3320000000000005        0.0000000000000000        0.0000000000000000     
   1.3380000000000005        0.0000000000000000        0.0000000000000000     
   1.3440000000000005        0.0000000000000000        0.0000000000000000     
   1.3500000000000005        0.0000000000000000        0.0000000000000000     
   1.3560000000000005        0.0000000000000000        0.0000000000000000     
   1.3620000000000005        0.0000000000000000        0.0000000000000000     
   1.3680000000000005        0.0000000000000000        0.0000000000000000     
   1.3740000000000006        0.0000000000000000        0.0000000000000000     
   1.3800000000000006        0.0000000000000000        0.0000000000000000     
   1.3860000000000006        0.0000000000000000        0.0000000000000000     
   1.3920000000000006        0.0000000000000000        0.0000000000000000     
   1.3980000000000006        0.0000000000000000        0.0000000000000000     
   1.4040000000000006        0.0000000000000000        0.0000000000000000     
   1.4100000000000006        0.0000000000000000        0.0000000000000000     
   1.4160000000000006        0.0000000000000000        0.0000000000000000     
   1.4220000000000006        0.0000000000000000        0.0000000000000000     
   1.4280000000000006        0.0000000000000000        0.0000000000000000     
   1.4340000000000006        0.0000000000000000        0.0000000000000000     
   1.4400000000000006        0.0000000000000000        0.0000000000000000     
   1.4460000000000006        0.0000000000000000        0.0000000000000000     
   1.4520000000000006        0.0000000000000000        0.0000000000000000     
   1.4580000000000006        0.0000000000000000        0.0000000000000000     
   1.4640000000000006        0.0000000000000000        0.0000000000000000     
   1.4700000000000006        0.0000000000000000        0.0000000000000000     
   1.4760000000000006        0.0000000000000000        0.0000000000000000     
   1.4820000000000007        0.0000000000000000        0.0000000000000000     
   1.4880000000000007        0.0000000000000000        0.0000000000000000     
   1.4940000000000007        0.0000000000000000        0.0000000000000000     
   1.5000000000000007        0.0000000000000000        0.0000000000000000     
   1.5060000000000007        0.0000000000000000        0.0000000000000000     
   1.5120000000000007        0.0000000000000000        0.0000000000000000     
   1.5180000000000007        0.0000000000000000        0.0000000000000000     
   1.5240000000000007        0.0000000000000000        0.0000000000000000     
   1.5300000000000007        0.0000000000000000        0.0000000000000000     
   1.5360000000000007        0.0000000000000000        0.0000000000000000     
   1.5420000000000007        0.0000000000000000        0.0000000000000000     
   1.5480000000000007        0.0000000000000000        0.0000000000000000     
   1.5540000000000007        0.0000000000000000        0.0000000000000000     
   1.5600000000000007        0.0000000000000000        0.0000000000000000     
   1.5660000000000007        0.0000000000000000        0.0000000000000000     
   1.5720000000000007        0.0000000000000000        0.0000000000000000     
   1.5780000000000007        0.0000000000000000        0.0000000000000000     
   1.5840000000000007        0.0000000000000000        0.0000000000000000     
   1.5900000000000007        0.0000000000000000        0.0000000000000000     
   1.5960000000000008        0.0000000000000000        0.0000000000000000     
   1.6020000000000008        0.0000000000000000        0.0000000000000000     
   1.6080000000000008        0.0000000000000000        0.0000000000000000     
   1.6140000000000008        0.0000000000000000        0.0000000000000000     
   1.6200000000000008        0.0000000000000000        0.0000000000000000     
   1.6260000000000008        0.0000000000000000        0.0000000000000000     
   1.6320000000000008        0.0000000000000000        0.0000000000000000     
   1.6380000000000008        0.0000000000000000        0.0000000000000000     
   1.6440000000000008        0.0000000000000000        0.0000000000000000     
   1.6500000000000008        0.0000000000000000        0.0000000000000000     
   1.6560000000000008        0.0000000000000000        0.0000000000000000     
   1.6620000000000008        0.0000000000000000        0.0000000000000000     
   1.6680000000000008        0.0000000000000000        0.0000000000000000     
   1.6740000000000008        0.0000000000000000        0.0000000000000000     
   1.6800000000000008        0.0000000000000000        0.0000000000000000     
   1.6860000000000008        0.0000000000000000        0.0000000000000000     
   1.6920000000000008        0.0000000000000000        0.0000000000000000     
   1.6980000000000008        0.0000000000000000        0.0000000000000000     
   1.7040000000000008        0.0000000000000000        0.0000000000000000     
   1.7100000000000009        0.0000000000000000        0.0000000000000000     
   1.7160000000000009        0.0000000000000000        0.0000000000000000     
   1.7220000000000009        0.0000000000000000        0.0000000000000000     
   1.7280000000000009        0.0000000000000000        0.0000000000000000     
   1.7340000000000009        0.0000000000000000        0.0000000000000000     
   1.7400000000000009        0.0000000000000000        0.0000000000000000     
   1.7460000000000009        0.0000000000000000        0.0000000000000000     
   1.7520000000000009        0.0000000000000000        0.0000000000000000     
   1.7580000000000009        0.0000000000000000        0.0000000000000000     
   1.7640000000000009        0.0000000000000000        0.0000000000000000     
   1.7700000000000009        0.0000000000000000        0.0000000000000000     
   1.7760000000000009        0.0000000000000000        0.0000000000000000     
   1.7820000000000009        0.0000000000000000        0.0000000000000000     
   1.7880000000000009        0.0000000000000000        0.0000000000000000     
   1.7940000000000009        0.0000000000000000        0.0000000000000000     
