  -2.0000000000000000        0.0000000000000000        0.0000000000000000     
  -1.9800000000000000        0.0000000000000000        0.0000000000000000     
  -1.9600000000000000        0.0000000000000000        0.0000000000000000     
  -1.9399999999999999        0.0000000000000000        0.0000000000000000     
  -1.9199999999999999        0.0000000000000000        0.0000000000000000     
  -1.8999999999999999        0.0000000000000000        0.0000000000000000     
  -1.8799999999999999        0.0000000000000000        0.0000000000000000     
  -1.8599999999999999        0.0000000000000000        0.0000000000000000     
  -1.8399999999999999        0.0000000000000000        0.0000000000000000     
  -1.8199999999999998        0.0000000000000000        0.0000000000000000     
  -1.7999999999999998        0.0000000000000000        0.0000000000000000     
  -1.7799999999999998        0.0000000000000000        0.0000000000000000     
  -1.7599999999999998        0.0000000000000000        0.0000000000000000     
  -1.7399999999999998        0.0000000000000000        0.0000000000000000     
  -1.7199999999999998        0.0000000000000000        0.0000000000000000     
  -1.6999999999999997        0.0000000000000000        0.0000000000000000     
  -1.6799999999999997        0.0000000000000000        0.0000000000000000     
  -1.6599999999999997        0.0000000000000000        0.0000000000000000     
  -1.6399999999999997        0.0000000000000000        0.0000000000000000     
  -1.6199999999999997        0.0000000000000000        0.0000000000000000     
  -1.5999999999999996        0.0000000000000000        0.0000000000000000     
  -1.5799999999999996        0.0000000000000000        0.0000000000000000     
  -1.5599999999999996        0.0000000000000000        0.0000000000000000     
  -1.5399999999999996        0.0000000000000000        0.0000000000000000     
  -1.5199999999999996        0.0000000000000000        0.0000000000000000     
  -1.4999999999999996        0.0000000000000000        0.0000000000000000     
  -1.4799999999999995        0.0000000000000000        0.0000000000000000     
  -1.4599999999999995        0.0000000000000000        0.0000000000000000     
  -1.4399999999999995        0.0000000000000000        0.0000000000000000     
  -1.4199999999999995        0.0000000000000000        0.0000000000000000     
  -1.3999999999999995        0.0000000000000000        0.0000000000000000     
  -1.3799999999999994        0.0000000000000000        0.0000000000000000     
  -1.3599999999999994        0.0000000000000000        0.0000000000000000     
  -1.3399999999999994        0.0000000000000000        0.0000000000000000     
  -1.3199999999999994        0.0000000000000000        0.0000000000000000     
  -1.2999999999999994        0.0000000000000000        0.0000000000000000     
  -1.2799999999999994        0.0000000000000000        0.0000000000000000     
  -1.2599999999999993        1.3821335627131696E-004   3.6630912842994806E-006
  -1.2399999999999993        1.0457671391931969E-003   1.1272699123546573E-005
  -1.2199999999999993        2.1168977362171710E-003   1.6467144600680415E-005
  -1.1999999999999993        3.1233237442975532E-003   2.0384258971345470E-005
  -1.1799999999999993        3.9404748687472705E-003   2.3170219142674131E-005
  -1.1599999999999993        4.5174223787166718E-003   2.5099419537691027E-005
  -1.1399999999999992        4.8750139610700925E-003   2.6186199052001623E-005
  -1.1199999999999992        5.1799539993094218E-003   2.7081111571075147E-005
  -1.0999999999999992        5.4467035995856344E-003   2.7804652707579727E-005
  -1.0799999999999992        5.6601712779548877E-003   2.8354176948354660E-005
  -1.0599999999999992        5.9646770555608518E-003   2.9117803349289027E-005
  -1.0399999999999991        6.1356034415178595E-003   2.9507288467952254E-005
  -1.0199999999999991        6.2962339465052839E-003   2.9874476665833932E-005
 -0.99999999999999911        6.4442764198821972E-003   3.0170768200514638E-005
 -0.97999999999999909        6.6423213024054736E-003   3.0634470978734757E-005
 -0.95999999999999908        6.8547265932883614E-003   3.1088626743070465E-005
 -0.93999999999999906        6.9750687713543242E-003   3.1358495165945953E-005
 -0.91999999999999904        7.0593352581920918E-003   3.1494675690180254E-005
 -0.89999999999999902        7.3114225819336433E-003   3.2034444904087277E-005
 -0.87999999999999901        7.4317458035536204E-003   3.2266893684789683E-005
 -0.85999999999999899        7.6009422661552804E-003   3.2625985876144048E-005
 -0.83999999999999897        7.7543062628084372E-003   3.2962571647804837E-005
 -0.81999999999999895        7.9164924829952469E-003   3.3293944382645240E-005
 -0.79999999999999893        8.0173948451635370E-003   3.3478393669272677E-005
 -0.77999999999999892        8.2439853221762237E-003   3.3918943138038658E-005
 -0.75999999999999890        8.3267420838910935E-003   3.4098457500311003E-005
 -0.73999999999999888        8.4827240735728515E-003   3.4413286270761149E-005
 -0.71999999999999886        8.5409818747056963E-003   3.4491429706791307E-005
 -0.69999999999999885        8.7537901040519589E-003   3.4963883013722475E-005
 -0.67999999999999883        8.8293235483004068E-003   3.5078193554883355E-005
 -0.65999999999999881        8.9394395467320715E-003   3.5310892607705949E-005
 -0.63999999999999879        9.0294004086432286E-003   3.5444393153302050E-005
 -0.61999999999999877        9.0683054662640972E-003   3.5537441513390642E-005
 -0.59999999999999876        9.1937639605755954E-003   3.5793153873568212E-005
 -0.57999999999999874        9.3055830854740264E-003   3.5962798336594869E-005
 -0.55999999999999872        9.3592034459537773E-003   3.6140704174382937E-005
 -0.53999999999999870        9.4691291635684797E-003   3.6307156828001448E-005
 -0.51999999999999869        9.5301753034258627E-003   3.6400344736943572E-005
 -0.49999999999999867        9.5286241428636769E-003   3.6429937325873561E-005
 -0.47999999999999865        9.6889540334612369E-003   3.6707684401043989E-005
 -0.45999999999999863        9.6922340554365990E-003   3.6738629545531800E-005
 -0.43999999999999861        9.7068602211784621E-003   3.6702061754467420E-005
 -0.41999999999999860        9.8405518000453905E-003   3.7023768608141035E-005
 -0.39999999999999858        9.7762490576564515E-003   3.6767772659172133E-005
 -0.37999999999999856        9.7931867319443443E-003   3.6851504341417292E-005
 -0.35999999999999854        9.7760040807518215E-003   3.6815258879490333E-005
 -0.33999999999999853        9.9295823713009962E-003   3.7154917740890062E-005
 -0.31999999999999851        9.9754706704225943E-003   3.7238524741707773E-005
 -0.29999999999999849        9.9434368404541021E-003   3.7106383681257616E-005
 -0.27999999999999847        9.9147077439855642E-003   3.7024329900485385E-005
 -0.25999999999999845        9.9538413910325464E-003   3.7118760220480736E-005
 -0.23999999999999846        9.8762631612403871E-003   3.6912611089116350E-005
 -0.21999999999999847        9.8911823012874101E-003   3.6986741169590458E-005
 -0.19999999999999848        9.8715244766382337E-003   3.6889184559347980E-005
 -0.17999999999999849        9.8959613957321363E-003   3.6986496296724611E-005
 -0.15999999999999850        9.9387579671849011E-003   3.7023133924107279E-005
 -0.13999999999999851        9.9148349722426067E-003   3.7030483630757915E-005
 -0.11999999999999851        9.8722948263836909E-003   3.6871722866610652E-005
  -9.9999999999998507E-002   9.8672980052122317E-003   3.6862748653824718E-005
  -7.9999999999998503E-002   9.7970396478107430E-003   3.6639644442179192E-005
  -5.9999999999998499E-002   9.7087076796144988E-003   3.6550047139018580E-005
  -3.9999999999998495E-002   9.7541197151384488E-003   3.6616015786713411E-005
  -1.9999999999998495E-002   9.7479302494387111E-003   3.6533929297919653E-005
   1.5057399771478686E-015   9.7058423445903277E-003   3.6492368282166098E-005
   2.0000000000001506E-002   9.7085839705305446E-003   3.6464220798961053E-005
   4.0000000000001507E-002   9.6171010306531982E-003   3.6310960349358803E-005
   6.0000000000001510E-002   9.6681361063122463E-003   3.6398688650613428E-005
   8.0000000000001514E-002   9.6051555307734293E-003   3.6322488011660307E-005
  0.10000000000000152        9.6023024727916826E-003   3.6265981997586660E-005
  0.12000000000000151        9.5087868312000775E-003   3.6065262423646725E-005
  0.14000000000000151        9.6223350145716105E-003   3.6294085035398145E-005
  0.16000000000000150        9.5067799023019085E-003   3.6011224091407090E-005
  0.18000000000000149        9.3935588812474567E-003   3.5794094002327152E-005
  0.20000000000000148        9.3947937623637054E-003   3.5764075698457937E-005
  0.22000000000000147        9.3933864473715097E-003   3.5856137250869223E-005
  0.24000000000000146        9.3480712529382080E-003   3.5737730393368684E-005
  0.26000000000000145        9.2677774080487281E-003   3.5610346227177949E-005
  0.28000000000000147        9.2537056988943739E-003   3.5581801569550830E-005
  0.30000000000000149        9.1855958683654485E-003   3.5396028482836123E-005
  0.32000000000000151        9.1964585310914410E-003   3.5533958734431281E-005
  0.34000000000000152        9.1219809480400423E-003   3.5301777662672715E-005
  0.36000000000000154        9.0766684229863399E-003   3.5223270122859415E-005
  0.38000000000000156        9.0153353049918002E-003   3.5088405431931713E-005
  0.40000000000000158        9.0121696236403325E-003   3.5225234190348092E-005
  0.42000000000000159        8.9449166264196824E-003   3.5043631125399829E-005
  0.44000000000000161        8.8643240526164284E-003   3.4849803043133656E-005
  0.46000000000000163        8.7243624776099666E-003   3.4536540288119246E-005
  0.48000000000000165        8.6257443774168281E-003   3.4362162611675211E-005
  0.50000000000000167        8.6237993484317328E-003   3.4457611376998390E-005
  0.52000000000000168        8.4872103632562500E-003   3.4165629980298358E-005
  0.54000000000000170        8.3816530677863002E-003   3.3891823649989044E-005
  0.56000000000000172        8.3019980609976025E-003   3.3721103744521042E-005
  0.58000000000000174        8.1793650644215506E-003   3.3458681999288766E-005
  0.60000000000000175        8.1581322875585501E-003   3.3462773743276616E-005
  0.62000000000000177        8.0099574027162751E-003   3.3131989966898467E-005
  0.64000000000000179        7.8211981687511412E-003   3.2627920475391408E-005
  0.66000000000000181        7.7683274480209036E-003   3.2585593171698318E-005
  0.68000000000000183        7.6537773183694077E-003   3.2422116625237607E-005
  0.70000000000000184        7.5252977015726344E-003   3.1991549390603627E-005
  0.72000000000000186        7.3963088643130238E-003   3.1642566928715541E-005
  0.74000000000000188        7.2089212633084541E-003   3.1162523133353846E-005
  0.76000000000000190        7.1337429041912672E-003   3.0981729657899314E-005
  0.78000000000000191        6.8833643560562516E-003   3.0369472181550387E-005
  0.80000000000000193        6.7356863289989230E-003   3.0022424389615689E-005
  0.82000000000000195        6.6371797277241015E-003   2.9774820358582521E-005
  0.84000000000000197        6.4375759170721683E-003   2.9157055836146191E-005
  0.86000000000000199        6.3142042963002876E-003   2.8819635435583563E-005
  0.88000000000000200        6.0952217710252953E-003   2.8264212167469065E-005
  0.90000000000000202        5.9731026624630706E-003   2.7856399506676373E-005
  0.92000000000000204        5.7768910361139965E-003   2.7236540918587233E-005
  0.94000000000000206        5.6633686362294582E-003   2.6934861172985885E-005
  0.96000000000000207        5.4491647845524458E-003   2.6286194985163607E-005
  0.98000000000000198        5.2432421014509331E-003   2.5613990289149464E-005
   1.0000000000000020        5.0702847191774350E-003   2.5121698372369224E-005
   1.0200000000000020        4.8513968137152818E-003   2.4350843981577472E-005
   1.0400000000000020        4.6751306410673030E-003   2.3845398984484133E-005
   1.0600000000000021        4.4327776526065076E-003   2.3020232480856204E-005
   1.0800000000000021        4.2239168964700261E-003   2.2320902470058502E-005
   1.1000000000000021        3.9704796102286305E-003   2.1450827194390204E-005
   1.1200000000000021        3.7088628465745911E-003   2.0482132792864881E-005
   1.1400000000000021        3.3496353036693554E-003   1.9242433826618075E-005
   1.1600000000000021        2.8834262838578362E-003   1.7526760120799401E-005
   1.1800000000000022        2.2589570191477279E-003   1.5174776807325720E-005
   1.2000000000000022        1.5228297220003662E-003   1.2159386434030576E-005
   1.2200000000000022        7.2267368385444601E-004   8.0436238140609785E-006
   1.2400000000000022        9.4460366258880714E-005   2.5991612496123967E-006
   1.2600000000000022        0.0000000000000000        0.0000000000000000     
   1.2800000000000022        0.0000000000000000        0.0000000000000000     
   1.3000000000000023        0.0000000000000000        0.0000000000000000     
   1.3200000000000023        0.0000000000000000        0.0000000000000000     
   1.3400000000000023        0.0000000000000000        0.0000000000000000     
   1.3600000000000023        0.0000000000000000        0.0000000000000000     
   1.3800000000000023        0.0000000000000000        0.0000000000000000     
   1.4000000000000024        0.0000000000000000        0.0000000000000000     
   1.4200000000000024        0.0000000000000000        0.0000000000000000     
   1.4400000000000024        0.0000000000000000        0.0000000000000000     
   1.4600000000000024        0.0000000000000000        0.0000000000000000     
   1.4800000000000024        0.0000000000000000        0.0000000000000000     
   1.5000000000000024        0.0000000000000000        0.0000000000000000     
   1.5200000000000025        0.0000000000000000        0.0000000000000000     
   1.5400000000000025        0.0000000000000000        0.0000000000000000     
   1.5600000000000025        0.0000000000000000        0.0000000000000000     
   1.5800000000000025        0.0000000000000000        0.0000000000000000     
   1.6000000000000025        0.0000000000000000        0.0000000000000000     
   1.6200000000000025        0.0000000000000000        0.0000000000000000     
   1.6400000000000026        0.0000000000000000        0.0000000000000000     
   1.6600000000000026        0.0000000000000000        0.0000000000000000     
   1.6800000000000026        0.0000000000000000        0.0000000000000000     
   1.7000000000000026        0.0000000000000000        0.0000000000000000     
   1.7200000000000026        0.0000000000000000        0.0000000000000000     
   1.7400000000000027        0.0000000000000000        0.0000000000000000     
   1.7600000000000027        0.0000000000000000        0.0000000000000000     
   1.7800000000000027        0.0000000000000000        0.0000000000000000     
   1.8000000000000027        0.0000000000000000        0.0000000000000000     
   1.8200000000000027        0.0000000000000000        0.0000000000000000     
   1.8400000000000027        0.0000000000000000        0.0000000000000000     
   1.8600000000000028        0.0000000000000000        0.0000000000000000     
   1.8800000000000028        0.0000000000000000        0.0000000000000000     
   1.9000000000000028        0.0000000000000000        0.0000000000000000     
   1.9200000000000028        0.0000000000000000        0.0000000000000000     
   1.9400000000000028        0.0000000000000000        0.0000000000000000     
   1.9600000000000029        0.0000000000000000        0.0000000000000000     
   1.9800000000000026        0.0000000000000000        0.0000000000000000     
