   86.000000000000000        4.5404279353702449E-004   5.2098669469874550E-006
   86.049999999999997        4.5091900730369144E-004   5.1912655547418661E-006
   86.099999999999994        4.7450798876897202E-004   5.3276239617030971E-006
   86.149999999999991        4.6085070540968358E-004   5.2527070593215278E-006
   86.199999999999989        4.7405717705939742E-004   5.3336865848494604E-006
   86.249999999999986        4.7918372360425632E-004   5.3592941015266395E-006
   86.299999999999983        4.9139943256899007E-004   5.4310424242232524E-006
   86.349999999999980        4.9085948864482302E-004   5.4321477784157800E-006
   86.399999999999977        4.9780533998604955E-004   5.4684108021178096E-006
   86.449999999999974        5.0658764286357733E-004   5.5155892191564692E-006
   86.499999999999972        5.1999175494529945E-004   5.5923659206072964E-006
   86.549999999999969        5.1795023010965593E-004   5.5841416082973270E-006
   86.599999999999966        5.2536259191371653E-004   5.6230365268310189E-006
   86.649999999999963        5.3268182820744958E-004   5.6633951304854166E-006
   86.699999999999960        5.4434791736230356E-004   5.7259935157342693E-006
   86.749999999999957        5.5125011833377700E-004   5.7632169622037746E-006
   86.799999999999955        5.5981061930121089E-004   5.8090263288616040E-006
   86.849999999999952        5.5942308479568412E-004   5.8070483438925442E-006
   86.899999999999949        5.8070109480953499E-004   5.9216338552936865E-006
   86.949999999999946        5.9213164883273404E-004   5.9785384409470168E-006
   86.999999999999943        5.8322892398187949E-004   5.9358708386585229E-006
   87.049999999999940        5.9923047548088879E-004   6.0174913383209375E-006
   87.099999999999937        6.1025631949547716E-004   6.0715010755603504E-006
   87.149999999999935        6.3366132516599763E-004   6.1907958547869509E-006
   87.199999999999932        6.2711964043770275E-004   6.1582771585522751E-006
   87.249999999999929        6.4635365298352046E-004   6.2529664541902815E-006
   87.299999999999926        6.4573654884583515E-004   6.2506121798289252E-006
   87.349999999999923        6.5807588237390803E-004   6.3086433807218638E-006
   87.399999999999920        6.6810125682891647E-004   6.3540920554094680E-006
   87.449999999999918        6.7899007078685118E-004   6.4062898807819356E-006
   87.499999999999915        6.9163195981156774E-004   6.4698511389812251E-006
   87.549999999999912        7.1101394547902724E-004   6.5538432462070125E-006
   87.599999999999909        7.1358052961304169E-004   6.5673373933248780E-006
   87.649999999999906        7.3775829624279400E-004   6.6790709766366553E-006
   87.699999999999903        7.4224815662780181E-004   6.7024954211029941E-006
   87.749999999999901        7.4298536705549422E-004   6.7037538220976473E-006
   87.799999999999898        7.6811370985828712E-004   6.8176802063087540E-006
   87.849999999999895        7.6838472049823399E-004   6.8132786507210409E-006
   87.899999999999892        7.9717799465198029E-004   6.9403702483968300E-006
   87.949999999999889        8.0203531645617104E-004   6.9591771684655551E-006
   87.999999999999886        8.2268517825115611E-004   7.0467675461151506E-006
   88.049999999999883        8.3179085983100122E-004   7.0856877926212542E-006
   88.099999999999881        8.5819418862428172E-004   7.1945065667234760E-006
   88.149999999999878        8.9608870592472055E-004   7.3465606643896137E-006
   88.199999999999875        8.9139448613055876E-004   7.3269230597417324E-006
   88.249999999999872        9.0530241233476093E-004   7.3785070883353099E-006
   88.299999999999869        9.2859322097084234E-004   7.4716341714084098E-006
   88.349999999999866        9.4846790178604150E-004   7.5504164588916698E-006
   88.399999999999864        9.6345287103163587E-004   7.6031693385157463E-006
   88.449999999999861        9.7391172424782322E-004   7.6370328192477991E-006
   88.499999999999858        1.0030997077494347E-003   7.7491630593092680E-006
   88.549999999999855        1.0206408541008445E-003   7.8118812905298414E-006
   88.599999999999852        1.0476877734805050E-003   7.9121998736575467E-006
   88.649999999999849        1.0798092680194655E-003   8.0278368397985352E-006
   88.699999999999847        1.0937105986768855E-003   8.0732193399551635E-006
   88.749999999999844        1.1114896508310147E-003   8.1337506985686035E-006
   88.799999999999841        1.1439671659797563E-003   8.2443219288087275E-006
   88.849999999999838        1.1769747597775370E-003   8.3579245992299339E-006
   88.899999999999835        1.1944483071595182E-003   8.4094306381802298E-006
   88.949999999999832        1.2136411384540912E-003   8.4681534768926015E-006
   88.999999999999829        1.2543922223163943E-003   8.6000845876889776E-006
   89.049999999999827        1.2844893114983618E-003   8.6936754944392024E-006
   89.099999999999824        1.3295725838905999E-003   8.8392042729040199E-006
   89.149999999999821        1.3577459353200391E-003   8.9223807595161375E-006
   89.199999999999818        1.3792208654104900E-003   8.9736793622538935E-006
   89.249999999999815        1.4302503833056605E-003   9.1343208995320761E-006
   89.299999999999812        1.4546504401994527E-003   9.1971442947019688E-006
   89.349999999999810        1.5087828018849286E-003   9.3526804552611066E-006
   89.399999999999807        1.5555578803646019E-003   9.4849393067621447E-006
   89.449999999999804        1.5826787414841023E-003   9.5525130168322855E-006
   89.499999999999801        1.6123320333125478E-003   9.6247353769582187E-006
   89.549999999999798        1.6686358779256483E-003   9.7760261676720188E-006
   89.599999999999795        1.7230516995366009E-003   9.9158452718537647E-006
   89.649999999999793        1.7812437563695144E-003   1.0063942355935544E-005
   89.699999999999790        1.8228169048227056E-003   1.0161469751526390E-005
   89.749999999999787        1.8764256478894230E-003   1.0291306822425109E-005
   89.799999999999784        1.9124677140913736E-003   1.0363729067880473E-005
   89.849999999999781        1.9895770805133709E-003   1.0555189468973407E-005
   89.899999999999778        2.0447555431508694E-003   1.0669517116486554E-005
   89.949999999999775        2.1044393234320295E-003   1.0803766601807944E-005
   89.999999999999773        2.1576959705599799E-003   1.0909023903008852E-005
   90.049999999999770        2.2351776887348435E-003   1.1078286115978332E-005
   90.099999999999767        2.3091320251672431E-003   1.1230104636483589E-005
   90.149999999999764        2.3771888569111702E-003   1.1361186562311103E-005
   90.199999999999761        2.4458440861279645E-003   1.1487962420853992E-005
   90.249999999999758        2.5158126646338016E-003   1.1619143299179030E-005
   90.299999999999756        2.5880565461281406E-003   1.1746379354998177E-005
   90.349999999999753        2.6916243761610473E-003   1.1941882121676683E-005
   90.399999999999750        2.7587909414024145E-003   1.2049799745583220E-005
   90.449999999999747        2.8372225975462602E-003   1.2174560309493377E-005
   90.499999999999744        2.9095187536137294E-003   1.2290760445408216E-005
   90.549999999999741        3.0116968716612479E-003   1.2453539173061288E-005
   90.599999999999739        3.0922944502050197E-003   1.2574796352170283E-005
   90.649999999999736        3.1812351225331682E-003   1.2696783660571736E-005
   90.699999999999733        3.2637990859515319E-003   1.2810515540235203E-005
   90.749999999999730        3.3738539564513751E-003   1.2965446530740865E-005
   90.799999999999727        3.4715137102302625E-003   1.3094883826545466E-005
   90.849999999999724        3.5766944661257166E-003   1.3226904690267487E-005
   90.899999999999721        3.6325043987269360E-003   1.3269121299368522E-005
   90.949999999999719        3.7087633430452141E-003   1.3342684808066231E-005
   90.999999999999716        3.8081476637244283E-003   1.3448313137678177E-005
   91.049999999999713        3.8734413220195803E-003   1.3487880959105654E-005
   91.099999999999710        3.9493665572360257E-003   1.3542694309262548E-005
   91.149999999999707        4.0238375995064069E-003   1.3595150078570025E-005
   91.199999999999704        4.0719047642508548E-003   1.3591204972561289E-005
   91.249999999999702        4.0934412225342521E-003   1.3541494717648928E-005
   91.299999999999699        4.1522591071769680E-003   1.3554826155103305E-005
   91.349999999999696        4.1854852184112536E-003   1.3516858029851643E-005
   91.399999999999693        4.1851571470359981E-003   1.3425284027488009E-005
   91.449999999999690        4.1840637543726312E-003   1.3329024171433293E-005
   91.499999999999687        4.1479083803574691E-003   1.3176759461625482E-005
   91.549999999999685        4.1060045496620059E-003   1.3012463352429489E-005
   91.599999999999682        4.0605530669379757E-003   1.2840342199902960E-005
   91.649999999999679        4.0320215481123248E-003   1.2687585264701300E-005
   91.699999999999676        3.9793840180616180E-003   1.2501788994510037E-005
   91.749999999999673        3.8769090723828141E-003   1.2233877939701993E-005
   91.799999999999670        3.7765859466671742E-003   1.1969293797776985E-005
   91.849999999999667        3.6893386691378119E-003   1.1725683635288966E-005
   91.899999999999665        3.5478192826611096E-003   1.1385793168324470E-005
   91.949999999999662        3.4532129339423698E-003   1.1127362533041134E-005
   91.999999999999659        3.3299789866228237E-003   1.0815773029075314E-005
   92.049999999999656        3.1893824469891915E-003   1.0473602532586026E-005
   92.099999999999653        3.0805439392884030E-003   1.0188330452911496E-005
   92.149999999999650        2.9486994443921073E-003   9.8523577742472094E-006
   92.199999999999648        2.8095310369676807E-003   9.5104920678995888E-006
   92.249999999999645        2.6675924576211622E-003   9.1554970488985030E-006
   92.299999999999642        2.5410638671325703E-003   8.8286728051146902E-006
   92.349999999999639        2.4033235592423692E-003   8.4769825492152764E-006
   92.399999999999636        2.2833059306833505E-003   8.1522354550367011E-006
   92.449999999999633        2.1538594556216859E-003   7.8138699807263424E-006
   92.499999999999631        2.0438019924675292E-003   7.5027182637611159E-006
   92.549999999999628        1.9314658334806647E-003   7.1925740190050706E-006
   92.599999999999625        1.8200258825611017E-003   6.8770956998418817E-006
   92.649999999999622        1.7217724863852306E-003   6.5855346181982327E-006
   92.699999999999619        1.6202032931954620E-003   6.2852180884991344E-006
   92.749999999999616        1.5285501570609522E-003   6.0027742357738097E-006
   92.799999999999613        1.4291628305985846E-003   5.7076970636144017E-006
   92.849999999999611        1.3370311303831078E-003   5.4203468018466800E-006
   92.899999999999608        1.2608474391333389E-003   5.1682739499609483E-006
   92.949999999999605        1.1829825370911276E-003   4.9109710392528645E-006
   92.999999999999602        1.1081025505084387E-003   4.6583919805434846E-006
   93.049999999999599        1.0459318083008546E-003   4.4390439883803094E-006
   93.099999999999596        9.7805824089324976E-004   4.2014562846525844E-006
   93.149999999999594        9.1508402080570962E-004   3.9738248073504750E-006
   93.199999999999591        8.5579630911679426E-004   3.7601554459058192E-006
   93.249999999999588        8.0118406689786044E-004   3.5510822596765056E-006
   93.299999999999585        7.4559143084646699E-004   3.3416313794753434E-006
   93.349999999999582        7.0732401626356380E-004   3.1743548282099622E-006
   93.399999999999579        6.6076025643030140E-004   2.9884045568325068E-006
   93.449999999999577        6.0973636429231814E-004   2.7932052920502468E-006
   93.499999999999574        5.7267931179699337E-004   2.6299971464150032E-006
   93.549999999999571        5.3549153872341562E-004   2.4683618790098402E-006
   93.599999999999568        4.9666715912522082E-004   2.3053907158291519E-006
   93.649999999999565        4.6574294662490601E-004   2.1609341553338994E-006
   93.699999999999562        4.2891992813741511E-004   2.0055060027561913E-006
   93.749999999999559        3.9503214458786286E-004   1.8587507773039421E-006
   93.799999999999557        3.6920090702249962E-004   1.7316320704525563E-006
   93.849999999999554        3.3985433309977899E-004   1.5991075296561379E-006
   93.899999999999551        3.1915098628774178E-004   1.4877582250332661E-006
   93.949999999999548        2.8996693784463594E-004   1.3597284468897310E-006
   93.999999999999545        2.7017282236388028E-004   1.2557372777407688E-006
   94.049999999999542        2.4771351912669383E-004   1.1461537232595081E-006
   94.099999999999540        2.2711747743866354E-004   1.0444614122607761E-006
   94.149999999999537        2.0748239168091734E-004   9.4623465283882600E-007
   94.199999999999534        1.8703334903284025E-004   8.4934714337978583E-007
   94.249999999999531        1.7187514010851622E-004   7.6670449678467894E-007
   94.299999999999528        1.5423199956868467E-004   6.8046242126280768E-007
   94.349999999999525        1.3914566870275842E-004   6.0324373657789262E-007
   94.399999999999523        1.2332967753639381E-004   5.2653602102530995E-007
   94.449999999999520        1.0939636426965354E-004   4.5714410698515373E-007
   94.499999999999517        9.6552539023405412E-005   3.9180711580898521E-007
   94.549999999999514        8.3323181792181150E-005   3.2928200499451733E-007
   94.599999999999511        7.1798055212582017E-005   2.7297742654422987E-007
   94.649999999999508        6.0198028013900656E-005   2.1933689571822313E-007
   94.699999999999505        4.9399994638656464E-005   1.7084081450458102E-007
   94.749999999999503        3.8998244465563422E-005   1.2658420943785265E-007
   94.799999999999500        2.9371599326014571E-005   8.7456438830405214E-008
   94.849999999999497        1.9880429449187904E-005   5.3104604233580212E-008
   94.899999999999494        1.1020954115901693E-005   2.5190932379386592E-008
   94.949999999999491        2.7180987657123669E-006   5.9273643242240291E-009
   94.999999999999488        0.0000000000000000        0.0000000000000000     
   95.049999999999486        0.0000000000000000        0.0000000000000000     
   95.099999999999483        0.0000000000000000        0.0000000000000000     
   95.149999999999480        0.0000000000000000        0.0000000000000000     
   95.199999999999477        0.0000000000000000        0.0000000000000000     
   95.249999999999474        0.0000000000000000        0.0000000000000000     
   95.299999999999471        0.0000000000000000        0.0000000000000000     
   95.349999999999469        0.0000000000000000        0.0000000000000000     
   95.399999999999466        0.0000000000000000        0.0000000000000000     
   95.449999999999463        0.0000000000000000        0.0000000000000000     
   95.499999999999460        0.0000000000000000        0.0000000000000000     
   95.549999999999457        0.0000000000000000        0.0000000000000000     
   95.599999999999454        0.0000000000000000        0.0000000000000000     
   95.649999999999451        0.0000000000000000        0.0000000000000000     
   95.699999999999449        0.0000000000000000        0.0000000000000000     
   95.749999999999446        0.0000000000000000        0.0000000000000000     
   95.799999999999443        0.0000000000000000        0.0000000000000000     
   95.849999999999440        0.0000000000000000        0.0000000000000000     
   95.899999999999437        0.0000000000000000        0.0000000000000000     
   95.949999999999434        0.0000000000000000        0.0000000000000000     
