  -2.0000000000000000        0.0000000000000000        0.0000000000000000     
  -1.9800000000000000        0.0000000000000000        0.0000000000000000     
  -1.9600000000000000        0.0000000000000000        0.0000000000000000     
  -1.9399999999999999        0.0000000000000000        0.0000000000000000     
  -1.9199999999999999        0.0000000000000000        0.0000000000000000     
  -1.8999999999999999        0.0000000000000000        0.0000000000000000     
  -1.8799999999999999        0.0000000000000000        0.0000000000000000     
  -1.8599999999999999        0.0000000000000000        0.0000000000000000     
  -1.8399999999999999        0.0000000000000000        0.0000000000000000     
  -1.8199999999999998        0.0000000000000000        0.0000000000000000     
  -1.7999999999999998        0.0000000000000000        0.0000000000000000     
  -1.7799999999999998        0.0000000000000000        0.0000000000000000     
  -1.7599999999999998        0.0000000000000000        0.0000000000000000     
  -1.7399999999999998        0.0000000000000000        0.0000000000000000     
  -1.7199999999999998        0.0000000000000000        0.0000000000000000     
  -1.6999999999999997        0.0000000000000000        0.0000000000000000     
  -1.6799999999999997        0.0000000000000000        0.0000000000000000     
  -1.6599999999999997        0.0000000000000000        0.0000000000000000     
  -1.6399999999999997        0.0000000000000000        0.0000000000000000     
  -1.6199999999999997        0.0000000000000000        0.0000000000000000     
  -1.5999999999999996        0.0000000000000000        0.0000000000000000     
  -1.5799999999999996        0.0000000000000000        0.0000000000000000     
  -1.5599999999999996        0.0000000000000000        0.0000000000000000     
  -1.5399999999999996        0.0000000000000000        0.0000000000000000     
  -1.5199999999999996        0.0000000000000000        0.0000000000000000     
  -1.4999999999999996        0.0000000000000000        0.0000000000000000     
  -1.4799999999999995        0.0000000000000000        0.0000000000000000     
  -1.4599999999999995        0.0000000000000000        0.0000000000000000     
  -1.4399999999999995        0.0000000000000000        0.0000000000000000     
  -1.4199999999999995        0.0000000000000000        0.0000000000000000     
  -1.3999999999999995        0.0000000000000000        0.0000000000000000     
  -1.3799999999999994        0.0000000000000000        0.0000000000000000     
  -1.3599999999999994        0.0000000000000000        0.0000000000000000     
  -1.3399999999999994        0.0000000000000000        0.0000000000000000     
  -1.3199999999999994       0.14029471331592591        7.9853761111949220E-003
  -1.2999999999999994       0.69567967190416713        2.5247007173171493E-002
  -1.2799999999999994       0.96814457383893571        2.7837105860346996E-002
  -1.2599999999999993        1.1102011490167805        2.9782350095058703E-002
  -1.2399999999999993        1.2391771666424483        2.6563175875281921E-002
  -1.2199999999999993        1.3673606333121149        2.7578455309997772E-002
  -1.1999999999999993        1.5592831203801116        3.2506146758006484E-002
  -1.1799999999999993        1.6508427848615943        2.8296594228978303E-002
  -1.1599999999999993        1.8791527924280558        3.3217330175624012E-002
  -1.1399999999999992        2.1528835271325408        3.8322991973212525E-002
  -1.1199999999999992        2.3523741992712695        4.0060898230820922E-002
  -1.0999999999999992        2.4665610152815329        4.1101402744675303E-002
  -1.0799999999999992        2.5750885957847802        4.3256905856902714E-002
  -1.0599999999999992        2.7053745266617546        4.4674108547854731E-002
  -1.0399999999999991        2.8028797040037325        4.7335124539495309E-002
  -1.0199999999999991        2.8364870736481693        4.4762651774005333E-002
 -0.99999999999999911        2.9379083359153433        4.4213982249869360E-002
 -0.97999999999999909        2.9370514319070269        4.4630899103340838E-002
 -0.95999999999999908        3.0389370505248063        4.6597393434350654E-002
 -0.93999999999999906        3.1633985145964161        4.8327976252069534E-002
 -0.91999999999999904        3.0273866917149723        4.2961377836775907E-002
 -0.89999999999999902        3.1858331056261950        4.5262389850526767E-002
 -0.87999999999999901        3.3135377103685610        4.7660362189971862E-002
 -0.85999999999999899        3.3381385459150015        4.7595179525191628E-002
 -0.83999999999999897        3.3997725991765910        4.9499758974429223E-002
 -0.81999999999999895        3.5664828670033919        5.1947941780443159E-002
 -0.79999999999999893        3.5345738435932215        4.8411569751436165E-002
 -0.77999999999999892        3.5473832006342971        4.9401535764147284E-002
 -0.75999999999999890        3.6990063894227934        5.2369359554036245E-002
 -0.73999999999999888        3.6985426151784848        4.8520518545257671E-002
 -0.71999999999999886        3.7921004462507670        5.0367286671093907E-002
 -0.69999999999999885        3.8493896996335466        5.2866111519172969E-002
 -0.67999999999999883        3.8948182450074467        5.2379353039660778E-002
 -0.65999999999999881        3.8971518518198933        4.8542284080105913E-002
 -0.63999999999999879        4.0076507252679940        5.1722075384163804E-002
 -0.61999999999999877        4.0644111341154705        5.3729620124268296E-002
 -0.59999999999999876        4.1521689984453785        5.3931825292383932E-002
 -0.57999999999999874        4.1671176728293959        5.2549679960482612E-002
 -0.55999999999999872        4.1932889444090042        5.3992738706389057E-002
 -0.53999999999999870        4.1664341050525362        4.9717614030093775E-002
 -0.51999999999999869        4.2912731502479353        5.7001532469686408E-002
 -0.49999999999999867        4.2112339007372981        5.1169913181620084E-002
 -0.47999999999999865        4.3719264349679738        5.3776394099752593E-002
 -0.45999999999999863        4.4000105621814365        5.4588283503204146E-002
 -0.43999999999999861        4.5305888531505811        5.7959726562098447E-002
 -0.41999999999999860        4.5683274288798446        5.8050006958690600E-002
 -0.39999999999999858        4.5965468053751630        5.9524459361774543E-002
 -0.37999999999999856        4.6765226062420666        6.1869461058054007E-002
 -0.35999999999999854        4.6889615252335926        6.0311436976008159E-002
 -0.33999999999999853        4.7890913910808637        6.2449853072374349E-002
 -0.31999999999999851        4.8284899611186285        6.1684513143396222E-002
 -0.29999999999999849        4.8265452813821330        6.0917131086099370E-002
 -0.27999999999999847        4.7344872980954262        5.7620335599413819E-002
 -0.25999999999999845        4.7843367025005357        5.7844082813917591E-002
 -0.23999999999999846        4.9253890338708626        6.2197092901047135E-002
 -0.21999999999999847        4.9395101876619067        6.2164307022769739E-002
 -0.19999999999999848        4.8148130371990767        6.0504956645485594E-002
 -0.17999999999999849        4.9619117455644135        6.0962010758829815E-002
 -0.15999999999999850        4.9295461199707757        5.9801189626391971E-002
 -0.13999999999999851        5.0976162255190571        6.4107615287499142E-002
 -0.11999999999999851        5.0332350992952133        6.2803225923133713E-002
  -9.9999999999998507E-002   5.0507526267864016        6.1688741836056993E-002
  -7.9999999999998503E-002   5.1487358961477536        6.4521329408276540E-002
  -5.9999999999998499E-002   5.2109867842394859        6.1255519545286165E-002
  -3.9999999999998495E-002   5.2272634237250486        6.2691538717316350E-002
  -1.9999999999998495E-002   5.2764983646382495        6.5660114560854063E-002
   1.5057399771478686E-015   5.3214408302349243        6.5273890466651344E-002
   2.0000000000001506E-002   5.2815494096619870        6.2483270359704073E-002
   4.0000000000001507E-002   5.3610620437631349        6.4153257759582638E-002
   6.0000000000001510E-002   5.4951596537244418        6.7606443655173223E-002
   8.0000000000001514E-002   5.5895228537266979        7.0031106665109227E-002
  0.10000000000000152        5.6800914050083460        7.1945399976798802E-002
  0.12000000000000151        5.4258410960023280        6.6225648556506117E-002
  0.14000000000000151        5.5388194880670030        6.9398931784811824E-002
  0.16000000000000150        5.5961956401861626        6.5713457112405171E-002
  0.18000000000000149        5.4055258533434047        6.2319328115515521E-002
  0.20000000000000148        5.6443634290983082        6.8318446574138797E-002
  0.22000000000000147        5.5897031523831053        6.6427097389826897E-002
  0.24000000000000146        5.7480490774427402        7.1621682091722358E-002
  0.26000000000000145        5.6810497860950706        6.7564368290808099E-002
  0.28000000000000147        5.7867927683662419        7.3155354513466622E-002
  0.30000000000000149        5.7011857819576361        7.1268582981446130E-002
  0.32000000000000151        5.8054047434824891        6.9884386724583913E-002
  0.34000000000000152        5.8874445432951124        7.4292786655082321E-002
  0.36000000000000154        5.9231527769685144        7.3816029718886331E-002
  0.38000000000000156        5.7892754861747111        7.0103424955356125E-002
  0.40000000000000158        5.8290010943667685        7.2597928982581453E-002
  0.42000000000000159        5.8121876409603823        7.3424072515305416E-002
  0.44000000000000161        5.7269707253218316        6.9807225238059711E-002
  0.46000000000000163        5.7894433784557640        7.2606970110184119E-002
  0.48000000000000165        5.7883475645895803        7.1356214485304395E-002
  0.50000000000000167        5.6983569942689476        7.2386331801511689E-002
  0.52000000000000168        5.7354965360021888        7.3402626471962815E-002
  0.54000000000000170        5.6573153383812800        7.0794788767525346E-002
  0.56000000000000172        5.6859085121237491        7.3288671048683585E-002
  0.58000000000000174        5.6352764069356152        7.2317361911391376E-002
  0.60000000000000175        5.6388781742593288        7.3479770854393375E-002
  0.62000000000000177        5.4231492319858017        6.9577915171911267E-002
  0.64000000000000179        5.5276912191774281        7.2438117044180614E-002
  0.66000000000000181        5.4418273618725479        7.1605394550193741E-002
  0.68000000000000183        5.4435215486765047        7.3357617559443658E-002
  0.70000000000000184        5.3480328205758365        7.1811543729170715E-002
  0.72000000000000186        5.2257307041293730        6.8432494875561203E-002
  0.74000000000000188        5.0606317515104919        6.6142010989841266E-002
  0.76000000000000190        5.1093881960742573        6.6720647905843922E-002
  0.78000000000000191        4.8908251695317579        6.5816317347808573E-002
  0.80000000000000193        4.9001215617886986        6.6955095861909550E-002
  0.82000000000000195        4.8478312456720500        6.6672943389563130E-002
  0.84000000000000197        4.7069281067986584        6.3807446553323557E-002
  0.86000000000000199        4.7780280057910769        6.8486848310108289E-002
  0.88000000000000200        4.5462673457028320        6.2336811215116868E-002
  0.90000000000000202        4.4391386770660217        6.0977352101597944E-002
  0.92000000000000204        4.4614391330680485        6.4693968391561316E-002
  0.94000000000000206        4.3315066355078597        6.1690895019102923E-002
  0.96000000000000207        4.1806604342300790        6.1124911861461698E-002
  0.98000000000000198        4.1053250477974954        6.0003067104103643E-002
   1.0000000000000020        4.0286681253751242        5.9561861734668126E-002
   1.0200000000000020        3.9192525830787037        5.8097880498575116E-002
   1.0400000000000020        3.7817409811205636        5.7367199912127229E-002
   1.0600000000000021        3.5453041547398119        5.3869939003716720E-002
   1.0800000000000021        3.5536564043829602        5.5711432993478430E-002
   1.1000000000000021        3.3151052246996437        5.0176625530353534E-002
   1.1200000000000021        3.0125950371861325        4.5748317858708913E-002
   1.1400000000000021        2.7718194056860961        4.9244229691259286E-002
   1.1600000000000021        2.5106182165509625        4.1474011430044817E-002
   1.1800000000000022        2.2784761229940038        4.2829418302926504E-002
   1.2000000000000022        2.1098771113755794        4.2294388514331600E-002
   1.2200000000000022        1.8526465458489203        3.6150758197103734E-002
   1.2400000000000022        1.7010044244984746        3.7990471040575305E-002
   1.2600000000000022        1.4807322014094837        3.7741963786535083E-002
   1.2800000000000022        1.0593364082073069        3.2912639849494357E-002
   1.3000000000000023       0.25711383772811724        1.4911338956701646E-002
   1.3200000000000023        0.0000000000000000        0.0000000000000000     
   1.3400000000000023        0.0000000000000000        0.0000000000000000     
   1.3600000000000023        0.0000000000000000        0.0000000000000000     
   1.3800000000000023        0.0000000000000000        0.0000000000000000     
   1.4000000000000024        0.0000000000000000        0.0000000000000000     
   1.4200000000000024        0.0000000000000000        0.0000000000000000     
   1.4400000000000024        0.0000000000000000        0.0000000000000000     
   1.4600000000000024        0.0000000000000000        0.0000000000000000     
   1.4800000000000024        0.0000000000000000        0.0000000000000000     
   1.5000000000000024        0.0000000000000000        0.0000000000000000     
   1.5200000000000025        0.0000000000000000        0.0000000000000000     
   1.5400000000000025        0.0000000000000000        0.0000000000000000     
   1.5600000000000025        0.0000000000000000        0.0000000000000000     
   1.5800000000000025        0.0000000000000000        0.0000000000000000     
   1.6000000000000025        0.0000000000000000        0.0000000000000000     
   1.6200000000000025        0.0000000000000000        0.0000000000000000     
   1.6400000000000026        0.0000000000000000        0.0000000000000000     
   1.6600000000000026        0.0000000000000000        0.0000000000000000     
   1.6800000000000026        0.0000000000000000        0.0000000000000000     
   1.7000000000000026        0.0000000000000000        0.0000000000000000     
   1.7200000000000026        0.0000000000000000        0.0000000000000000     
   1.7400000000000027        0.0000000000000000        0.0000000000000000     
   1.7600000000000027        0.0000000000000000        0.0000000000000000     
   1.7800000000000027        0.0000000000000000        0.0000000000000000     
   1.8000000000000027        0.0000000000000000        0.0000000000000000     
   1.8200000000000027        0.0000000000000000        0.0000000000000000     
   1.8400000000000027        0.0000000000000000        0.0000000000000000     
   1.8600000000000028        0.0000000000000000        0.0000000000000000     
   1.8800000000000028        0.0000000000000000        0.0000000000000000     
   1.9000000000000028        0.0000000000000000        0.0000000000000000     
   1.9200000000000028        0.0000000000000000        0.0000000000000000     
   1.9400000000000028        0.0000000000000000        0.0000000000000000     
   1.9600000000000029        0.0000000000000000        0.0000000000000000     
   1.9800000000000026        0.0000000000000000        0.0000000000000000     
