  0.59999999999999998        12.979664813896710       0.20059820407373044     
  0.60599999999999998        12.909509807819861       0.19734988190308894     
  0.61199999999999999        13.321464466147109       0.20949866484309457     
  0.61799999999999999        13.275401896191328       0.18765874654828396     
  0.62400000000000000        13.271116023759816       0.19591768246093808     
  0.63000000000000000        14.060892101628991       0.21944596623518028     
  0.63600000000000001        13.754432670123260       0.20048474503521532     
  0.64200000000000002        14.043301375423908       0.19624927474683090     
  0.64800000000000002        14.448999196788549       0.21097395501355787     
  0.65400000000000003        14.696045513375063       0.21406290396333411     
  0.66000000000000003        14.710226330079060       0.20984070021724455     
  0.66600000000000004        14.880363504532932       0.21523733401110695     
  0.67200000000000004        14.838953315929071       0.21039742172831630     
  0.67800000000000005        15.161554370583913       0.20991166828818569     
  0.68400000000000005        15.654193878503623       0.23520089904094629     
  0.69000000000000006        15.224018460479844       0.20410258829752742     
  0.69600000000000006        16.018678982301132       0.21676388404313035     
  0.70200000000000007        15.998551692888563       0.21459214255565817     
  0.70800000000000007        16.476318009346809       0.22208489877663268     
  0.71400000000000008        16.468914446499280       0.21233974827503158     
  0.72000000000000008        16.747585548414275       0.21385657140927050     
  0.72600000000000009        16.682861889577406       0.21004916408488369     
  0.73200000000000010        17.059399419816526       0.21396315606566091     
  0.73800000000000010        17.497874059036839       0.21823765791719840     
  0.74400000000000011        17.942022958366895       0.23494302348049606     
  0.75000000000000011        18.084370326943048       0.23746669460334757     
  0.75600000000000012        18.050665073882950       0.21580512202086510     
  0.76200000000000012        18.177923909443781       0.22364437972497120     
  0.76800000000000013        18.557585344043918       0.23175319541523853     
  0.77400000000000013        19.217458234112982       0.24720953144006180     
  0.78000000000000014        19.106900634890291       0.24065926260834503     
  0.78600000000000014        19.386633952626450       0.24635094840340324     
  0.79200000000000015        19.534319936405286       0.23265153336907490     
  0.79800000000000015        19.714514211803735       0.24083845502604617     
  0.80400000000000016        20.523882194766347       0.26170313715773946     
  0.81000000000000016        19.801824224246094       0.22546375198944524     
  0.81600000000000017        20.588861778202038       0.25715527629545165     
  0.82200000000000017        21.090186168625934       0.25444525670270718     
  0.82800000000000018        21.238975692568225       0.25225842806765414     
  0.83400000000000019        21.375922160758016       0.24170591816208281     
  0.84000000000000019        21.602110649998387       0.25006644110125381     
  0.84600000000000020        22.285460432759656       0.25370601623198985     
  0.85200000000000020        22.118249388379688       0.24798862964160526     
  0.85800000000000021        22.594445405843008       0.25329374039716568     
  0.86400000000000021        23.245592512647480       0.25560843885803369     
  0.87000000000000022        23.504558222636536       0.25128603106430081     
  0.87600000000000022        24.172924219503386       0.27269029131899397     
  0.88200000000000023        24.375666520284792       0.26080652042917973     
  0.88800000000000023        24.911758001977908       0.26933342414690620     
  0.89400000000000024        26.503554729004009       0.30080837229367063     
  0.90000000000000024        26.059905594982013       0.28119512377935713     
  0.90600000000000025        26.677834680540723       0.28819924727122076     
  0.91200000000000025        27.624925512731973       0.29416648911083032     
  0.91800000000000026        28.359883458974345       0.29088901790094013     
  0.92400000000000027        29.183316523767800       0.29965077544804308     
  0.93000000000000027        30.002291051487024       0.30200168706343450     
  0.93600000000000028        31.046847229506103       0.30537823530442837     
  0.94200000000000028        32.243926850333310       0.31292647921299332     
  0.94800000000000029        33.418805004995491       0.31404208473946427     
  0.95400000000000029        35.214519856471185       0.32816510408604754     
  0.96000000000000030        37.380826004888881       0.34603160902678648     
  0.96600000000000030        39.342376627010943       0.35002199554377861     
  0.97200000000000031        41.619660527651767       0.35448517838918392     
  0.97800000000000031        43.871625090099101       0.35851483516079130     
  0.98400000000000032        46.477474285268599       0.37975832827495232     
  0.99000000000000032        47.444658406305521       0.38421288083697502     
  0.99600000000000022        44.073413838859928       0.37690108483110873     
   1.0020000000000002        34.958504713403691       0.31783414786876213     
   1.0080000000000002        26.426193442832833       0.25492078584081879     
   1.0140000000000002        19.761352249743023       0.20358192910097656     
   1.0200000000000002        16.332220596866804       0.17976217646999668     
   1.0260000000000002        13.074500765485867       0.13575655914981299     
   1.0320000000000003        11.369124161445455       0.12369243617251301     
   1.0380000000000003        10.001416924044321       0.10633223417142743     
   1.0440000000000003        8.9623354888570610        8.7644826777365653E-002
   1.0500000000000003        8.0422522977138904        7.1374604191560442E-002
   1.0560000000000003        7.7016346635573161        6.8197243247404588E-002
   1.0620000000000003        7.2030571155024852        5.9301535883046132E-002
   1.0680000000000003        6.6918395513882425        5.0721918580607026E-002
   1.0740000000000003        6.3749457293381617        4.3180191515981431E-002
   1.0800000000000003        6.1165047741298411        3.7912281839096680E-002
   1.0860000000000003        5.8214179765225564        3.1507702938826848E-002
   1.0920000000000003        5.4108784919933779        2.3913602606750087E-002
   1.0980000000000003       0.92347049504995204        6.8035490341725033E-003
   1.1040000000000003        0.0000000000000000        0.0000000000000000     
   1.1100000000000003        0.0000000000000000        0.0000000000000000     
   1.1160000000000003        0.0000000000000000        0.0000000000000000     
   1.1220000000000003        0.0000000000000000        0.0000000000000000     
   1.1280000000000003        0.0000000000000000        0.0000000000000000     
   1.1340000000000003        0.0000000000000000        0.0000000000000000     
   1.1400000000000003        0.0000000000000000        0.0000000000000000     
   1.1460000000000004        0.0000000000000000        0.0000000000000000     
   1.1520000000000004        0.0000000000000000        0.0000000000000000     
   1.1580000000000004        0.0000000000000000        0.0000000000000000     
   1.1640000000000004        0.0000000000000000        0.0000000000000000     
   1.1700000000000004        0.0000000000000000        0.0000000000000000     
   1.1760000000000004        0.0000000000000000        0.0000000000000000     
   1.1820000000000004        0.0000000000000000        0.0000000000000000     
   1.1880000000000004        0.0000000000000000        0.0000000000000000     
   1.1940000000000004        0.0000000000000000        0.0000000000000000     
   1.2000000000000004        0.0000000000000000        0.0000000000000000     
   1.2060000000000004        0.0000000000000000        0.0000000000000000     
   1.2120000000000004        0.0000000000000000        0.0000000000000000     
   1.2180000000000004        0.0000000000000000        0.0000000000000000     
   1.2240000000000004        0.0000000000000000        0.0000000000000000     
   1.2300000000000004        0.0000000000000000        0.0000000000000000     
   1.2360000000000004        0.0000000000000000        0.0000000000000000     
   1.2420000000000004        0.0000000000000000        0.0000000000000000     
   1.2480000000000004        0.0000000000000000        0.0000000000000000     
   1.2540000000000004        0.0000000000000000        0.0000000000000000     
   1.2600000000000005        0.0000000000000000        0.0000000000000000     
   1.2660000000000005        0.0000000000000000        0.0000000000000000     
   1.2720000000000005        0.0000000000000000        0.0000000000000000     
   1.2780000000000005        0.0000000000000000        0.0000000000000000     
   1.2840000000000005        0.0000000000000000        0.0000000000000000     
   1.2900000000000005        0.0000000000000000        0.0000000000000000     
   1.2960000000000005        0.0000000000000000        0.0000000000000000     
   1.3020000000000005        0.0000000000000000        0.0000000000000000     
   1.3080000000000005        0.0000000000000000        0.0000000000000000     
   1.3140000000000005        0.0000000000000000        0.0000000000000000     
   1.3200000000000005        0.0000000000000000        0.0000000000000000     
   1.3260000000000005        0.0000000000000000        0.0000000000000000     
   1.3320000000000005        0.0000000000000000        0.0000000000000000     
   1.3380000000000005        0.0000000000000000        0.0000000000000000     
   1.3440000000000005        0.0000000000000000        0.0000000000000000     
   1.3500000000000005        0.0000000000000000        0.0000000000000000     
   1.3560000000000005        0.0000000000000000        0.0000000000000000     
   1.3620000000000005        0.0000000000000000        0.0000000000000000     
   1.3680000000000005        0.0000000000000000        0.0000000000000000     
   1.3740000000000006        0.0000000000000000        0.0000000000000000     
   1.3800000000000006        0.0000000000000000        0.0000000000000000     
   1.3860000000000006        0.0000000000000000        0.0000000000000000     
   1.3920000000000006        0.0000000000000000        0.0000000000000000     
   1.3980000000000006        0.0000000000000000        0.0000000000000000     
   1.4040000000000006        0.0000000000000000        0.0000000000000000     
   1.4100000000000006        0.0000000000000000        0.0000000000000000     
   1.4160000000000006        0.0000000000000000        0.0000000000000000     
   1.4220000000000006        0.0000000000000000        0.0000000000000000     
   1.4280000000000006        0.0000000000000000        0.0000000000000000     
   1.4340000000000006        0.0000000000000000        0.0000000000000000     
   1.4400000000000006        0.0000000000000000        0.0000000000000000     
   1.4460000000000006        0.0000000000000000        0.0000000000000000     
   1.4520000000000006        0.0000000000000000        0.0000000000000000     
   1.4580000000000006        0.0000000000000000        0.0000000000000000     
   1.4640000000000006        0.0000000000000000        0.0000000000000000     
   1.4700000000000006        0.0000000000000000        0.0000000000000000     
   1.4760000000000006        0.0000000000000000        0.0000000000000000     
   1.4820000000000007        0.0000000000000000        0.0000000000000000     
   1.4880000000000007        0.0000000000000000        0.0000000000000000     
   1.4940000000000007        0.0000000000000000        0.0000000000000000     
   1.5000000000000007        0.0000000000000000        0.0000000000000000     
   1.5060000000000007        0.0000000000000000        0.0000000000000000     
   1.5120000000000007        0.0000000000000000        0.0000000000000000     
   1.5180000000000007        0.0000000000000000        0.0000000000000000     
   1.5240000000000007        0.0000000000000000        0.0000000000000000     
   1.5300000000000007        0.0000000000000000        0.0000000000000000     
   1.5360000000000007        0.0000000000000000        0.0000000000000000     
   1.5420000000000007        0.0000000000000000        0.0000000000000000     
   1.5480000000000007        0.0000000000000000        0.0000000000000000     
   1.5540000000000007        0.0000000000000000        0.0000000000000000     
   1.5600000000000007        0.0000000000000000        0.0000000000000000     
   1.5660000000000007        0.0000000000000000        0.0000000000000000     
   1.5720000000000007        0.0000000000000000        0.0000000000000000     
   1.5780000000000007        0.0000000000000000        0.0000000000000000     
   1.5840000000000007        0.0000000000000000        0.0000000000000000     
   1.5900000000000007        0.0000000000000000        0.0000000000000000     
   1.5960000000000008        0.0000000000000000        0.0000000000000000     
   1.6020000000000008        0.0000000000000000        0.0000000000000000     
   1.6080000000000008        0.0000000000000000        0.0000000000000000     
   1.6140000000000008        0.0000000000000000        0.0000000000000000     
   1.6200000000000008        0.0000000000000000        0.0000000000000000     
   1.6260000000000008        0.0000000000000000        0.0000000000000000     
   1.6320000000000008        0.0000000000000000        0.0000000000000000     
   1.6380000000000008        0.0000000000000000        0.0000000000000000     
   1.6440000000000008        0.0000000000000000        0.0000000000000000     
   1.6500000000000008        0.0000000000000000        0.0000000000000000     
   1.6560000000000008        0.0000000000000000        0.0000000000000000     
   1.6620000000000008        0.0000000000000000        0.0000000000000000     
   1.6680000000000008        0.0000000000000000        0.0000000000000000     
   1.6740000000000008        0.0000000000000000        0.0000000000000000     
   1.6800000000000008        0.0000000000000000        0.0000000000000000     
   1.6860000000000008        0.0000000000000000        0.0000000000000000     
   1.6920000000000008        0.0000000000000000        0.0000000000000000     
   1.6980000000000008        0.0000000000000000        0.0000000000000000     
   1.7040000000000008        0.0000000000000000        0.0000000000000000     
   1.7100000000000009        0.0000000000000000        0.0000000000000000     
   1.7160000000000009        0.0000000000000000        0.0000000000000000     
   1.7220000000000009        0.0000000000000000        0.0000000000000000     
   1.7280000000000009        0.0000000000000000        0.0000000000000000     
   1.7340000000000009        0.0000000000000000        0.0000000000000000     
   1.7400000000000009        0.0000000000000000        0.0000000000000000     
   1.7460000000000009        0.0000000000000000        0.0000000000000000     
   1.7520000000000009        0.0000000000000000        0.0000000000000000     
   1.7580000000000009        0.0000000000000000        0.0000000000000000     
   1.7640000000000009        0.0000000000000000        0.0000000000000000     
   1.7700000000000009        0.0000000000000000        0.0000000000000000     
   1.7760000000000009        0.0000000000000000        0.0000000000000000     
   1.7820000000000009        0.0000000000000000        0.0000000000000000     
   1.7880000000000009        0.0000000000000000        0.0000000000000000     
   1.7940000000000009        0.0000000000000000        0.0000000000000000     
