  -6.0000000000000000        0.0000000000000000        0.0000000000000000     
  -5.9000000000000004        0.0000000000000000        0.0000000000000000     
  -5.8000000000000007        0.0000000000000000        0.0000000000000000     
  -5.7000000000000011        0.0000000000000000        0.0000000000000000     
  -5.6000000000000014        0.0000000000000000        0.0000000000000000     
  -5.5000000000000018        0.0000000000000000        0.0000000000000000     
  -5.4000000000000021        0.0000000000000000        0.0000000000000000     
  -5.3000000000000025        0.0000000000000000        0.0000000000000000     
  -5.2000000000000028        0.0000000000000000        0.0000000000000000     
  -5.1000000000000032        0.0000000000000000        0.0000000000000000     
  -5.0000000000000036        0.0000000000000000        0.0000000000000000     
  -4.9000000000000039        0.0000000000000000        0.0000000000000000     
  -4.8000000000000043        0.0000000000000000        0.0000000000000000     
  -4.7000000000000046        0.0000000000000000        0.0000000000000000     
  -4.6000000000000050        0.0000000000000000        0.0000000000000000     
  -4.5000000000000053        0.0000000000000000        0.0000000000000000     
  -4.4000000000000057        0.0000000000000000        0.0000000000000000     
  -4.3000000000000060        0.0000000000000000        0.0000000000000000     
  -4.2000000000000064        0.0000000000000000        0.0000000000000000     
  -4.1000000000000068        0.0000000000000000        0.0000000000000000     
  -4.0000000000000071        0.0000000000000000        0.0000000000000000     
  -3.9000000000000070        0.0000000000000000        0.0000000000000000     
  -3.8000000000000069        1.1639127265291777E-005   7.2944701003674494E-006
  -3.7000000000000068        2.4156207428604172E-004   5.7417924516102355E-005
  -3.6000000000000068        1.4145168491536169E-002   1.7023366521299367E-003
  -3.5000000000000067       0.70745955496865054        1.0741718311634719E-002
  -3.4000000000000066        1.2850998334305617        1.4357099580017244E-002
  -3.3000000000000065        1.2955667249181273        1.4621762079031469E-002
  -3.2000000000000064        1.3151913815875969        1.5195517689521539E-002
  -3.1000000000000063        1.2825891389680113        1.4205235380362885E-002
  -3.0000000000000062        1.3184922191475175        1.5430469867079456E-002
  -2.9000000000000061        1.2985740132426038        1.4340794872368468E-002
  -2.8000000000000060        1.3009471433925792        1.5164584706989307E-002
  -2.7000000000000060        1.3171228770368213        1.5000235988718143E-002
  -2.6000000000000059        1.3306333953829252        1.5438961178812782E-002
  -2.5000000000000058        1.3016804047409689        1.4973387214361816E-002
  -2.4000000000000057        1.3189040595522066        1.5607161062138828E-002
  -2.3000000000000056        1.2858687172826737        1.4258048991663835E-002
  -2.2000000000000055        1.2935109077467883        1.5005240927977294E-002
  -2.1000000000000054        1.2996197243604564        1.4893649287290181E-002
  -2.0000000000000053        1.2654752864168082        1.4164099025731156E-002
  -1.9000000000000052        1.3057922498184338        1.4834965553326442E-002
  -1.8000000000000052        1.2610810265675707        1.4470269531043516E-002
  -1.7000000000000051        1.2584186740024441        1.4861948221724593E-002
  -1.6000000000000050        1.2329482803294149        1.4211492089544206E-002
  -1.5000000000000049        1.2067456157381025        1.4050783238159481E-002
  -1.4000000000000048        1.2048108377259166        1.3867453552536758E-002
  -1.3000000000000047        1.1905791743404146        1.4094985403411154E-002
  -1.2000000000000046        1.1611423019521367        1.4202158988030594E-002
  -1.1000000000000045        1.1206058856733105        1.3447006750688179E-002
  -1.0000000000000044        1.0624946331352545        1.3320838222356825E-002
 -0.90000000000000446       0.99819730195231560        1.2901450310129214E-002
 -0.80000000000000449       0.91611012504295208        1.3133685792145753E-002
 -0.70000000000000451       0.72660029730170361        1.1707930296506387E-002
 -0.60000000000000453       0.40962367876613731        8.7194309365665398E-003
 -0.50000000000000455       0.21493837418486958        5.7804270399931376E-003
 -0.40000000000000457        3.9384880427310011E-002   2.4623002551477100E-003
 -0.30000000000000460        4.9612830864625090E-004   1.0645069708013958E-004
 -0.20000000000000459        0.0000000000000000        0.0000000000000000     
 -0.10000000000000459        0.0000000000000000        0.0000000000000000     
  -4.5796699765787707E-015   72.494300703469150       0.10939613418578342     
   9.9999999999995426E-002   0.0000000000000000        0.0000000000000000     
  0.19999999999999543        0.0000000000000000        0.0000000000000000     
  0.29999999999999549        0.0000000000000000        0.0000000000000000     
  0.39999999999999547        0.0000000000000000        0.0000000000000000     
  0.49999999999999545        0.0000000000000000        0.0000000000000000     
  0.59999999999999543        0.0000000000000000        0.0000000000000000     
  0.69999999999999540        0.0000000000000000        0.0000000000000000     
  0.79999999999999538        0.0000000000000000        0.0000000000000000     
  0.89999999999999536        0.0000000000000000        0.0000000000000000     
  0.99999999999999545        0.0000000000000000        0.0000000000000000     
   1.0999999999999954        0.0000000000000000        0.0000000000000000     
   1.1999999999999955        0.0000000000000000        0.0000000000000000     
   1.2999999999999956        0.0000000000000000        0.0000000000000000     
   1.3999999999999957        0.0000000000000000        0.0000000000000000     
   1.4999999999999958        0.0000000000000000        0.0000000000000000     
   1.5999999999999959        0.0000000000000000        0.0000000000000000     
   1.6999999999999960        0.0000000000000000        0.0000000000000000     
   1.7999999999999960        0.0000000000000000        0.0000000000000000     
   1.8999999999999961        0.0000000000000000        0.0000000000000000     
   1.9999999999999960        0.0000000000000000        0.0000000000000000     
   2.0999999999999961        0.0000000000000000        0.0000000000000000     
   2.1999999999999962        0.0000000000000000        0.0000000000000000     
   2.2999999999999963        0.0000000000000000        0.0000000000000000     
   2.3999999999999964        0.0000000000000000        0.0000000000000000     
   2.4999999999999964        0.0000000000000000        0.0000000000000000     
   2.5999999999999965        0.0000000000000000        0.0000000000000000     
   2.6999999999999966        0.0000000000000000        0.0000000000000000     
   2.7999999999999967        0.0000000000000000        0.0000000000000000     
   2.8999999999999968        0.0000000000000000        0.0000000000000000     
   2.9999999999999969        0.0000000000000000        0.0000000000000000     
   3.0999999999999970        0.0000000000000000        0.0000000000000000     
   3.1999999999999971        0.0000000000000000        0.0000000000000000     
   3.2999999999999972        0.0000000000000000        0.0000000000000000     
   3.3999999999999972        0.0000000000000000        0.0000000000000000     
   3.4999999999999973        0.0000000000000000        0.0000000000000000     
   3.5999999999999974        0.0000000000000000        0.0000000000000000     
   3.6999999999999975        0.0000000000000000        0.0000000000000000     
   3.7999999999999976        0.0000000000000000        0.0000000000000000     
   3.8999999999999977        0.0000000000000000        0.0000000000000000     
   3.9999999999999978        0.0000000000000000        0.0000000000000000     
   4.0999999999999979        0.0000000000000000        0.0000000000000000     
   4.1999999999999975        0.0000000000000000        0.0000000000000000     
   4.2999999999999972        0.0000000000000000        0.0000000000000000     
   4.3999999999999968        0.0000000000000000        0.0000000000000000     
   4.4999999999999964        0.0000000000000000        0.0000000000000000     
   4.5999999999999961        0.0000000000000000        0.0000000000000000     
   4.6999999999999957        0.0000000000000000        0.0000000000000000     
   4.7999999999999954        0.0000000000000000        0.0000000000000000     
   4.8999999999999950        0.0000000000000000        0.0000000000000000     
   4.9999999999999947        0.0000000000000000        0.0000000000000000     
   5.0999999999999943        0.0000000000000000        0.0000000000000000     
   5.1999999999999940        0.0000000000000000        0.0000000000000000     
   5.2999999999999936        0.0000000000000000        0.0000000000000000     
   5.3999999999999932        0.0000000000000000        0.0000000000000000     
   5.4999999999999929        0.0000000000000000        0.0000000000000000     
   5.5999999999999925        0.0000000000000000        0.0000000000000000     
   5.6999999999999922        0.0000000000000000        0.0000000000000000     
   5.7999999999999918        0.0000000000000000        0.0000000000000000     
   5.8999999999999915        0.0000000000000000        0.0000000000000000     
   5.9999999999999911        0.0000000000000000        0.0000000000000000     
   6.0999999999999908        0.0000000000000000        0.0000000000000000     
   6.1999999999999904        0.0000000000000000        0.0000000000000000     
   6.2999999999999901        0.0000000000000000        0.0000000000000000     
   6.3999999999999897        0.0000000000000000        0.0000000000000000     
   6.4999999999999893        0.0000000000000000        0.0000000000000000     
   6.5999999999999890        0.0000000000000000        0.0000000000000000     
   6.6999999999999886        0.0000000000000000        0.0000000000000000     
   6.7999999999999883        0.0000000000000000        0.0000000000000000     
   6.8999999999999879        0.0000000000000000        0.0000000000000000     
   6.9999999999999876        0.0000000000000000        0.0000000000000000     
   7.0999999999999872        0.0000000000000000        0.0000000000000000     
   7.1999999999999869        0.0000000000000000        0.0000000000000000     
   7.2999999999999865        0.0000000000000000        0.0000000000000000     
   7.3999999999999861        0.0000000000000000        0.0000000000000000     
   7.4999999999999858        0.0000000000000000        0.0000000000000000     
   7.5999999999999854        0.0000000000000000        0.0000000000000000     
   7.6999999999999851        0.0000000000000000        0.0000000000000000     
   7.7999999999999847        0.0000000000000000        0.0000000000000000     
   7.8999999999999844        0.0000000000000000        0.0000000000000000     
   7.9999999999999840        0.0000000000000000        0.0000000000000000     
   8.0999999999999837        0.0000000000000000        0.0000000000000000     
   8.1999999999999833        0.0000000000000000        0.0000000000000000     
   8.2999999999999829        0.0000000000000000        0.0000000000000000     
   8.3999999999999826        0.0000000000000000        0.0000000000000000     
   8.4999999999999822        0.0000000000000000        0.0000000000000000     
   8.5999999999999819        0.0000000000000000        0.0000000000000000     
   8.6999999999999815        0.0000000000000000        0.0000000000000000     
   8.7999999999999812        0.0000000000000000        0.0000000000000000     
   8.8999999999999808        0.0000000000000000        0.0000000000000000     
   8.9999999999999805        0.0000000000000000        0.0000000000000000     
   9.0999999999999801        0.0000000000000000        0.0000000000000000     
   9.1999999999999797        0.0000000000000000        0.0000000000000000     
   9.2999999999999794        0.0000000000000000        0.0000000000000000     
   9.3999999999999790        0.0000000000000000        0.0000000000000000     
   9.4999999999999787        0.0000000000000000        0.0000000000000000     
   9.5999999999999783        0.0000000000000000        0.0000000000000000     
   9.6999999999999780        0.0000000000000000        0.0000000000000000     
   9.7999999999999776        0.0000000000000000        0.0000000000000000     
   9.8999999999999773        0.0000000000000000        0.0000000000000000     
   9.9999999999999769        0.0000000000000000        0.0000000000000000     
   10.099999999999977        0.0000000000000000        0.0000000000000000     
   10.199999999999976        0.0000000000000000        0.0000000000000000     
   10.299999999999976        0.0000000000000000        0.0000000000000000     
   10.399999999999975        0.0000000000000000        0.0000000000000000     
   10.499999999999975        0.0000000000000000        0.0000000000000000     
   10.599999999999975        0.0000000000000000        0.0000000000000000     
   10.699999999999974        0.0000000000000000        0.0000000000000000     
   10.799999999999974        0.0000000000000000        0.0000000000000000     
   10.899999999999974        0.0000000000000000        0.0000000000000000     
   10.999999999999973        0.0000000000000000        0.0000000000000000     
   11.099999999999973        0.0000000000000000        0.0000000000000000     
   11.199999999999973        0.0000000000000000        0.0000000000000000     
   11.299999999999972        0.0000000000000000        0.0000000000000000     
   11.399999999999972        0.0000000000000000        0.0000000000000000     
   11.499999999999972        0.0000000000000000        0.0000000000000000     
   11.599999999999971        0.0000000000000000        0.0000000000000000     
   11.699999999999971        0.0000000000000000        0.0000000000000000     
   11.799999999999971        0.0000000000000000        0.0000000000000000     
   11.899999999999970        0.0000000000000000        0.0000000000000000     
   11.999999999999970        0.0000000000000000        0.0000000000000000     
   12.099999999999969        0.0000000000000000        0.0000000000000000     
   12.199999999999969        0.0000000000000000        0.0000000000000000     
   12.299999999999969        0.0000000000000000        0.0000000000000000     
   12.399999999999968        0.0000000000000000        0.0000000000000000     
   12.499999999999968        0.0000000000000000        0.0000000000000000     
   12.599999999999968        0.0000000000000000        0.0000000000000000     
   12.699999999999967        0.0000000000000000        0.0000000000000000     
   12.799999999999967        0.0000000000000000        0.0000000000000000     
   12.899999999999967        0.0000000000000000        0.0000000000000000     
   12.999999999999966        0.0000000000000000        0.0000000000000000     
   13.099999999999966        0.0000000000000000        0.0000000000000000     
   13.199999999999966        0.0000000000000000        0.0000000000000000     
   13.299999999999965        0.0000000000000000        0.0000000000000000     
   13.399999999999965        0.0000000000000000        0.0000000000000000     
   13.499999999999964        0.0000000000000000        0.0000000000000000     
   13.599999999999964        0.0000000000000000        0.0000000000000000     
   13.699999999999964        0.0000000000000000        0.0000000000000000     
   13.799999999999963        0.0000000000000000        0.0000000000000000     
   13.899999999999963        0.0000000000000000        0.0000000000000000     
