  -2.0000000000000000        0.0000000000000000        0.0000000000000000     
  -1.9800000000000000        0.0000000000000000        0.0000000000000000     
  -1.9600000000000000        0.0000000000000000        0.0000000000000000     
  -1.9399999999999999        0.0000000000000000        0.0000000000000000     
  -1.9199999999999999        0.0000000000000000        0.0000000000000000     
  -1.8999999999999999        0.0000000000000000        0.0000000000000000     
  -1.8799999999999999        0.0000000000000000        0.0000000000000000     
  -1.8599999999999999        0.0000000000000000        0.0000000000000000     
  -1.8399999999999999        0.0000000000000000        0.0000000000000000     
  -1.8199999999999998        0.0000000000000000        0.0000000000000000     
  -1.7999999999999998        0.0000000000000000        0.0000000000000000     
  -1.7799999999999998        0.0000000000000000        0.0000000000000000     
  -1.7599999999999998        0.0000000000000000        0.0000000000000000     
  -1.7399999999999998        0.0000000000000000        0.0000000000000000     
  -1.7199999999999998        0.0000000000000000        0.0000000000000000     
  -1.6999999999999997        0.0000000000000000        0.0000000000000000     
  -1.6799999999999997        0.0000000000000000        0.0000000000000000     
  -1.6599999999999997        0.0000000000000000        0.0000000000000000     
  -1.6399999999999997        0.0000000000000000        0.0000000000000000     
  -1.6199999999999997        0.0000000000000000        0.0000000000000000     
  -1.5999999999999996        0.0000000000000000        0.0000000000000000     
  -1.5799999999999996        0.0000000000000000        0.0000000000000000     
  -1.5599999999999996        0.0000000000000000        0.0000000000000000     
  -1.5399999999999996        0.0000000000000000        0.0000000000000000     
  -1.5199999999999996        0.0000000000000000        0.0000000000000000     
  -1.4999999999999996        0.0000000000000000        0.0000000000000000     
  -1.4799999999999995        0.0000000000000000        0.0000000000000000     
  -1.4599999999999995        0.0000000000000000        0.0000000000000000     
  -1.4399999999999995        0.0000000000000000        0.0000000000000000     
  -1.4199999999999995        0.0000000000000000        0.0000000000000000     
  -1.3999999999999995        0.0000000000000000        0.0000000000000000     
  -1.3799999999999994        0.0000000000000000        0.0000000000000000     
  -1.3599999999999994        0.0000000000000000        0.0000000000000000     
  -1.3399999999999994        0.0000000000000000        0.0000000000000000     
  -1.3199999999999994        9.1006675197291664E-002   7.0851083041573162E-003
  -1.2999999999999994       0.55283185897248133        2.5117944551696681E-002
  -1.2799999999999994       0.76084954489176759        2.2974242447449195E-002
  -1.2599999999999993       0.91631812490057341        2.4531289307268469E-002
  -1.2399999999999993        1.0179440904551558        2.4030879733571400E-002
  -1.2199999999999993        1.1803825803024548        2.7202738411885634E-002
  -1.1999999999999993        1.2866832859933512        2.7480730968240202E-002
  -1.1799999999999993        1.4369725530958888        2.8815657782977476E-002
  -1.1599999999999993        1.5729409108237651        3.0035151030435223E-002
  -1.1399999999999992        1.7560635295779998        3.0013169854546988E-002
  -1.1199999999999992        1.9929448860292385        3.5066461276811123E-002
  -1.0999999999999992        2.1061699555677507        3.4477454512666719E-002
  -1.0799999999999992        2.2767308838263594        3.9098153112280348E-002
  -1.0599999999999992        2.3776752981090579        4.0379946659234389E-002
  -1.0399999999999991        2.4516999942070128        4.0738034202614064E-002
  -1.0199999999999991        2.4633341086938407        3.8565394587830537E-002
 -0.99999999999999911        2.6342637901741996        4.1680335607576641E-002
 -0.97999999999999909        2.7212403097261881        4.2672163641854603E-002
 -0.95999999999999908        2.7794695339712048        4.3987167016134907E-002
 -0.93999999999999906        2.8923191044028385        4.7173255168949213E-002
 -0.91999999999999904        2.9523603443248194        4.5195938456134788E-002
 -0.89999999999999902        2.9939036384835882        4.3881416418565140E-002
 -0.87999999999999901        3.0595238371467319        4.6660353567054995E-002
 -0.85999999999999899        3.0551782971694856        4.4102887526426618E-002
 -0.83999999999999897        3.0967727356843651        4.4783214400441397E-002
 -0.81999999999999895        3.2894801949948032        4.7845138983229854E-002
 -0.79999999999999893        3.2923408247379706        4.6452938902570150E-002
 -0.77999999999999892        3.3333764503021208        4.7626079338218053E-002
 -0.75999999999999890        3.3944090994251246        4.6607600390114017E-002
 -0.73999999999999888        3.4434901408608916        4.6051154205948894E-002
 -0.71999999999999886        3.4831719636608520        4.5837636165055817E-002
 -0.69999999999999885        3.6162937441956653        4.9067725960979518E-002
 -0.67999999999999883        3.5230280047346505        4.4773393665301704E-002
 -0.65999999999999881        3.7327853665558699        5.0040913415195905E-002
 -0.63999999999999879        3.7190524051436009        4.8524915468392667E-002
 -0.61999999999999877        3.8354390912107794        4.9154443201891836E-002
 -0.59999999999999876        3.8711617531246176        5.2620382537097971E-002
 -0.57999999999999874        3.9208822538322878        5.1299861514792072E-002
 -0.55999999999999872        4.0806951087307173        5.5433851304709736E-002
 -0.53999999999999870        4.0258520078427882        5.2356719838496171E-002
 -0.51999999999999869        4.0792314922332329        5.2385674265402929E-002
 -0.49999999999999867        4.0988188307584803        5.1191958160693773E-002
 -0.47999999999999865        4.2725341166037394        5.5347295182712856E-002
 -0.45999999999999863        4.1796095941699782        5.4721451960264171E-002
 -0.43999999999999861        4.2550843692099081        5.4942055473174545E-002
 -0.41999999999999860        4.3514971052961728        5.6119495397051987E-002
 -0.39999999999999858        4.4265673275560227        5.6775091150157095E-002
 -0.37999999999999856        4.3692958085040114        5.4294972830030021E-002
 -0.35999999999999854        4.3749219439006088        5.3036435692463357E-002
 -0.33999999999999853        4.5059907313144700        5.5900842816963628E-002
 -0.31999999999999851        4.6087482893062521        6.0024967984059700E-002
 -0.29999999999999849        4.5540950460292926        5.7795156465009032E-002
 -0.27999999999999847        4.6509980969783014        5.6385039793528074E-002
 -0.25999999999999845        4.6193800298831782        5.6382987486591242E-002
 -0.23999999999999846        4.7076520112024882        5.9217505599281503E-002
 -0.21999999999999847        4.7744823910567264        5.8834305218404971E-002
 -0.19999999999999848        4.8177073371322692        6.1157128071318109E-002
 -0.17999999999999849        4.8580177925369732        5.9203463155399497E-002
 -0.15999999999999850        4.8483467025124067        6.0894838393223343E-002
 -0.13999999999999851        4.9177610324570384        6.0954328762787467E-002
 -0.11999999999999851        5.0669366470535806        6.4358263109733818E-002
  -9.9999999999998507E-002   4.9892118194243924        6.2465604692868548E-002
  -7.9999999999998503E-002   5.0370293575750891        6.1438831593173565E-002
  -5.9999999999998499E-002   5.1491644876089415        6.3850363162300958E-002
  -3.9999999999998495E-002   5.1103889922466399        6.2919568493253558E-002
  -1.9999999999998495E-002   5.1279561783395797        5.9182587382718622E-002
   1.5057399771478686E-015   5.3090210621514826        6.5608798653278982E-002
   2.0000000000001506E-002   5.2909452264946051        6.6036286353201717E-002
   4.0000000000001507E-002   5.3122041850575199        6.4958153460861728E-002
   6.0000000000001510E-002   5.4672800736101737        6.7586772945829571E-002
   8.0000000000001514E-002   5.4630221429861283        6.7180582142370354E-002
  0.10000000000000152        5.4443211125127107        6.5262301098939615E-002
  0.12000000000000151        5.4969759627577250        6.3814966942225645E-002
  0.14000000000000151        5.5373120267351439        6.6637058172907979E-002
  0.16000000000000150        5.6232380477145512        6.9068513538642837E-002
  0.18000000000000149        5.7305121363631466        7.1774645919352204E-002
  0.20000000000000148        5.6676643014927430        7.0121168301826048E-002
  0.22000000000000147        5.6303414694737510        6.7619643181667646E-002
  0.24000000000000146        5.7014350909484568        6.9891057657630998E-002
  0.26000000000000145        5.8696287317656184        7.4700292118076078E-002
  0.28000000000000147        5.7304652048819698        7.0410332675311799E-002
  0.30000000000000149        5.7914366889086226        7.0419611220818690E-002
  0.32000000000000151        5.8206414261729869        7.2358026889490668E-002
  0.34000000000000152        5.8050799399549255        7.2370365511098864E-002
  0.36000000000000154        5.8223757050314218        7.2382642651605739E-002
  0.38000000000000156        5.8037753905642191        7.1320142539613385E-002
  0.40000000000000158        5.9080360244866652        7.5254374289740869E-002
  0.42000000000000159        5.8443579505106644        7.2466719632695256E-002
  0.44000000000000161        5.9814288333838874        7.5258773641458429E-002
  0.46000000000000163        5.8944664561797691        7.5511909583788062E-002
  0.48000000000000165        5.7811485219413319        7.2278509373086719E-002
  0.50000000000000167        5.7312347496603779        7.0608213633444716E-002
  0.52000000000000168        5.7386456887774298        7.3958748435608762E-002
  0.54000000000000170        5.7728982966402711        7.1680563079660212E-002
  0.56000000000000172        5.6562437875458116        7.1994036687564961E-002
  0.58000000000000174        5.5945134661044111        7.1057253005627777E-002
  0.60000000000000175        5.5454641635631052        7.0088789357290210E-002
  0.62000000000000177        5.6214882143213112        7.3308114197945196E-002
  0.64000000000000179        5.4321609458026749        7.1175986975052910E-002
  0.66000000000000181        5.2827062081751865        6.4594450612988880E-002
  0.68000000000000183        5.3359947340957063        6.9290037735802085E-002
  0.70000000000000184        5.1851896121433123        6.8362946111052564E-002
  0.72000000000000186        5.1714371113190074        6.8017053600680916E-002
  0.74000000000000188        5.1551159988054680        6.9422570042657117E-002
  0.76000000000000190        5.1207774723408903        7.3457138824375198E-002
  0.78000000000000191        4.9391176697206163        6.5639573692383990E-002
  0.80000000000000193        4.9134511574420205        6.7740469333259890E-002
  0.82000000000000195        4.9424870131516130        7.3873578000225981E-002
  0.84000000000000197        4.7304635613685235        6.9705988197557772E-002
  0.86000000000000199        4.7039009442156594        6.8006789223604355E-002
  0.88000000000000200        4.5297682877260490        6.5599562419365751E-002
  0.90000000000000202        4.4663344825249158        6.5888880920612777E-002
  0.92000000000000204        4.3920732548386336        6.6110453497541313E-002
  0.94000000000000206        4.2565179372878337        6.2577368190170651E-002
  0.96000000000000207        4.1412730696680544        6.2923510837559732E-002
  0.98000000000000198        4.0166514581600250        6.3093554994858719E-002
   1.0000000000000020        3.9442099855831110        6.2249667584605158E-002
   1.0200000000000020        3.7460542362086602        5.7686629903925528E-002
   1.0400000000000020        3.6438771559943635        5.7387603078402891E-002
   1.0600000000000021        3.5473889877437390        5.6138984181191912E-002
   1.0800000000000021        3.4126916471944617        5.6165764263206727E-002
   1.1000000000000021        3.0851336728715055        4.8881430507120883E-002
   1.1200000000000021        2.8764761241958712        5.2648079061117882E-002
   1.1400000000000021        2.5833130512758071        4.5238400324171625E-002
   1.1600000000000021        2.2992993302027656        4.4245710293602802E-002
   1.1800000000000022        2.0826702807094541        4.2425328328102592E-002
   1.2000000000000022        1.9010429883444542        3.9910792768991246E-002
   1.2200000000000022        1.6575372924280609        3.7135019889251386E-002
   1.2400000000000022        1.5417140976330324        4.1572510361606189E-002
   1.2600000000000022        1.2361510282993857        3.5289966978415688E-002
   1.2800000000000022       0.88058612272768844        3.4932982272910570E-002
   1.3000000000000023       0.20048756307221716        1.3972093472434645E-002
   1.3200000000000023        0.0000000000000000        0.0000000000000000     
   1.3400000000000023        0.0000000000000000        0.0000000000000000     
   1.3600000000000023        0.0000000000000000        0.0000000000000000     
   1.3800000000000023        0.0000000000000000        0.0000000000000000     
   1.4000000000000024        0.0000000000000000        0.0000000000000000     
   1.4200000000000024        0.0000000000000000        0.0000000000000000     
   1.4400000000000024        0.0000000000000000        0.0000000000000000     
   1.4600000000000024        0.0000000000000000        0.0000000000000000     
   1.4800000000000024        0.0000000000000000        0.0000000000000000     
   1.5000000000000024        0.0000000000000000        0.0000000000000000     
   1.5200000000000025        0.0000000000000000        0.0000000000000000     
   1.5400000000000025        0.0000000000000000        0.0000000000000000     
   1.5600000000000025        0.0000000000000000        0.0000000000000000     
   1.5800000000000025        0.0000000000000000        0.0000000000000000     
   1.6000000000000025        0.0000000000000000        0.0000000000000000     
   1.6200000000000025        0.0000000000000000        0.0000000000000000     
   1.6400000000000026        0.0000000000000000        0.0000000000000000     
   1.6600000000000026        0.0000000000000000        0.0000000000000000     
   1.6800000000000026        0.0000000000000000        0.0000000000000000     
   1.7000000000000026        0.0000000000000000        0.0000000000000000     
   1.7200000000000026        0.0000000000000000        0.0000000000000000     
   1.7400000000000027        0.0000000000000000        0.0000000000000000     
   1.7600000000000027        0.0000000000000000        0.0000000000000000     
   1.7800000000000027        0.0000000000000000        0.0000000000000000     
   1.8000000000000027        0.0000000000000000        0.0000000000000000     
   1.8200000000000027        0.0000000000000000        0.0000000000000000     
   1.8400000000000027        0.0000000000000000        0.0000000000000000     
   1.8600000000000028        0.0000000000000000        0.0000000000000000     
   1.8800000000000028        0.0000000000000000        0.0000000000000000     
   1.9000000000000028        0.0000000000000000        0.0000000000000000     
   1.9200000000000028        0.0000000000000000        0.0000000000000000     
   1.9400000000000028        0.0000000000000000        0.0000000000000000     
   1.9600000000000029        0.0000000000000000        0.0000000000000000     
   1.9800000000000026        0.0000000000000000        0.0000000000000000     
