   80.000000000000000        4.3183175103510808E-002   2.1725064069879323E-003
   80.099999999999994        4.5887387348376288E-002   2.6170456204888284E-003
   80.199999999999989        4.4738241594864947E-002   2.0896196729176262E-003
   80.299999999999983        4.3437904413532846E-002   2.2598176450267233E-003
   80.399999999999977        4.6550906010492117E-002   2.3197772308782240E-003
   80.499999999999972        5.5979716468868519E-002   3.3870311820962291E-003
   80.599999999999966        5.0272761957256655E-002   2.5607670330535710E-003
   80.699999999999960        4.8507353792022194E-002   2.4041961436382753E-003
   80.799999999999955        5.1849866608796237E-002   2.6786229129643208E-003
   80.899999999999949        5.1901743592396313E-002   3.4805783943649489E-003
   80.999999999999943        5.2549960239555479E-002   2.8833423448895398E-003
   81.099999999999937        5.3809825311466324E-002   2.6506087448627826E-003
   81.199999999999932        5.0307978874344364E-002   2.3895297372772315E-003
   81.299999999999926        5.8933251158275364E-002   2.6627246968927059E-003
   81.399999999999920        5.5563414064662843E-002   3.0214101580201868E-003
   81.499999999999915        5.9295995269011637E-002   2.8167718178741179E-003
   81.599999999999909        6.2106290809189564E-002   3.4979313035504098E-003
   81.699999999999903        5.9387375381565723E-002   2.9622860828916850E-003
   81.799999999999898        5.5549752730948573E-002   2.0357621317990435E-003
   81.899999999999892        6.2223942434991547E-002   2.7038821510973940E-003
   81.999999999999886        6.7973536452348854E-002   3.8515446278278736E-003
   82.099999999999881        6.4100822368795163E-002   3.0511812385309082E-003
   82.199999999999875        6.3099111543131303E-002   2.6922652493067334E-003
   82.299999999999869        6.7482966944912667E-002   2.9132786013772605E-003
   82.399999999999864        6.4310903454465787E-002   2.5689930174367997E-003
   82.499999999999858        6.9018302956316710E-002   2.8663968269171465E-003
   82.599999999999852        7.3750819302538670E-002   3.4279217958137907E-003
   82.699999999999847        6.7752287385850624E-002   2.8233606143352407E-003
   82.799999999999841        7.5150483835518325E-002   3.4316064409308875E-003
   82.899999999999835        7.5635437235484271E-002   3.6994355959542573E-003
   82.999999999999829        7.2182609728811825E-002   2.6795264004195662E-003
   83.099999999999824        7.8072471912768851E-002   2.9733815838683939E-003
   83.199999999999818        7.5711285538155676E-002   2.9762127884339512E-003
   83.299999999999812        7.9607682144425429E-002   3.3805192403493383E-003
   83.399999999999807        7.8560040961864891E-002   3.2756429113983778E-003
   83.499999999999801        8.3849565305729318E-002   3.4800866759584956E-003
   83.599999999999795        9.2341162510817879E-002   3.8330517109479226E-003
   83.699999999999790        9.1666640271874100E-002   3.8072559596704896E-003
   83.799999999999784        9.2575966718435529E-002   3.5292142535763129E-003
   83.899999999999778        9.6151328134864072E-002   3.7062657159161083E-003
   83.999999999999773        9.8549140537673371E-002   3.6019197686388733E-003
   84.099999999999767        9.8108279789589442E-002   3.7122487463941514E-003
   84.199999999999761       0.10018641687553234        4.2735950199990014E-003
   84.299999999999756       0.10581909679398670        4.6123296995738547E-003
   84.399999999999750       0.10384949488606615        3.8118997658502635E-003
   84.499999999999744       0.10585939056407383        3.4161099718986827E-003
   84.599999999999739       0.11010102765353993        3.7681385589078348E-003
   84.699999999999733       0.11561716912153158        4.0224264798565269E-003
   84.799999999999727       0.11501495195199267        3.8904507879724136E-003
   84.899999999999721       0.11761464724943402        3.6902979859524242E-003
   84.999999999999716       0.12614213110220293        4.7995704960155884E-003
   85.099999999999710       0.12772832580896643        4.3160235535485729E-003
   85.199999999999704       0.13247501515060126        4.4720612695627110E-003
   85.299999999999699       0.13028827847034305        4.0424476321490729E-003
   85.399999999999693       0.13787795524431493        4.1946777641477294E-003
   85.499999999999687       0.13861482303330139        4.4759451516849132E-003
   85.599999999999682       0.14536285307652530        4.3989839266140741E-003
   85.699999999999676       0.15232728805623871        4.9060334174532401E-003
   85.799999999999670       0.15521095700659934        4.6797501829645679E-003
   85.899999999999665       0.16273541770858205        5.2810732649074829E-003
   85.999999999999659       0.15976523336095361        4.4287271388412375E-003
   86.099999999999653       0.17506916831468122        5.0730871274423930E-003
   86.199999999999648       0.17000886627946138        5.3540576868008026E-003
   86.299999999999642       0.18453055735372484        5.2293657239712793E-003
   86.399999999999636       0.19187248795524478        5.4427739809650710E-003
   86.499999999999631       0.20462213876138768        5.3154194233877711E-003
   86.599999999999625       0.19983475055338076        5.5956979989022979E-003
   86.699999999999619       0.20778660637934127        5.5877258270385800E-003
   86.799999999999613       0.21506903349158626        5.7833298905632814E-003
   86.899999999999608       0.22254763264624583        5.7930465136894300E-003
   86.999999999999602       0.23757053452165239        6.1084212392693875E-003
   87.099999999999596       0.23684658753316104        5.4711853001121243E-003
   87.199999999999591       0.24911316775325090        6.3265288054438207E-003
   87.299999999999585       0.26303760011651722        6.3903328652729135E-003
   87.399999999999579       0.28200261921526010        7.0728824437748207E-003
   87.499999999999574       0.29612655669956728        7.8520711819976916E-003
   87.599999999999568       0.29961230525379562        6.7217678265175784E-003
   87.699999999999562       0.30709529288716059        6.5498513459699859E-003
   87.799999999999557       0.33305814144585488        7.6965710684008233E-003
   87.899999999999551       0.34743158959087600        7.9517246914761232E-003
   87.999999999999545       0.35933477161345084        7.2101058336231059E-003
   88.099999999999540       0.37901745934899184        8.5011018041391447E-003
   88.199999999999534       0.39524013589770735        8.2007567185785370E-003
   88.299999999999528       0.42487830476674365        8.7100924313010843E-003
   88.399999999999523       0.45183600003254437        9.7603390945062186E-003
   88.499999999999517       0.47267507050533142        8.8738730697837630E-003
   88.599999999999511       0.48538902034734693        9.1465170475340755E-003
   88.699999999999505       0.51082937579598875        9.1214532564718905E-003
   88.799999999999500       0.56535499203080442        1.0357036001836536E-002
   88.899999999999494       0.58407391756999916        1.0137113090357929E-002
   88.999999999999488       0.64058228800245764        1.1504661509880658E-002
   89.099999999999483       0.67999329149397136        1.1710596637716056E-002
   89.199999999999477       0.72320454650782617        1.1704659949146774E-002
   89.299999999999471       0.78317938119787556        1.2771336918316901E-002
   89.399999999999466       0.80824811316854950        1.2362180352831934E-002
   89.499999999999460       0.91054729676153301        1.3940703916943136E-002
   89.599999999999454       0.93382564875111929        1.3096229118626755E-002
   89.699999999999449        1.0178413412266989        1.4461126620233801E-002
   89.799999999999443        1.1049119216346996        1.5130342524551369E-002
   89.899999999999437        1.1770930749349535        1.5337947246939088E-002
   89.999999999999432        1.2575425168100585        1.5678705584934501E-002
   90.099999999999426        1.3686074854301213        1.6201516627717769E-002
   90.199999999999420        1.4700368634757544        1.7634461114015645E-002
   90.299999999999415        1.5550870347978760        1.7306794557729450E-002
   90.399999999999409        1.6624376445791584        1.8117440628461233E-002
   90.499999999999403        1.8009586011947014        1.9556260286940158E-002
   90.599999999999397        1.8927337117267549        1.9566146447543488E-002
   90.699999999999392        2.0062320758504395        2.0690116361917362E-002
   90.799999999999386        2.1141264736122234        2.1705524431389678E-002
   90.899999999999380        2.1352297281244668        2.0486277388515998E-002
   90.999999999999375        2.2438437528866770        2.1938652434838730E-002
   91.099999999999369        2.2693084711389235        2.2214601398994793E-002
   91.199999999999363        2.2659864769006370        2.1914167339507039E-002
   91.299999999999358        2.2594035488782662        2.1950594032291545E-002
   91.399999999999352        2.1914410906561432        2.1072167983204243E-002
   91.499999999999346        2.1735542858946642        2.1769936300903910E-002
   91.599999999999341        2.0957060101664640        2.1287114891747231E-002
   91.699999999999335        1.9709396526770926        2.0132999476595068E-002
   91.799999999999329        1.8890631465619079        2.0021645458668018E-002
   91.899999999999324        1.7470022771634490        1.8730440302768728E-002
   91.999999999999318        1.6772920882200355        1.8793591480026382E-002
   92.099999999999312        1.5492356632966022        1.7347208583888780E-002
   92.199999999999307        1.4536711637981250        1.6451747951031673E-002
   92.299999999999301        1.3739777105664370        1.6738898538651053E-002
   92.399999999999295        1.2687557905682771        1.5384858426439963E-002
   92.499999999999289        1.1729131660731247        1.4428057342834866E-002
   92.599999999999284        1.1214500373652700        1.4912794057261021E-002
   92.699999999999278        1.0442361551394352        1.4044189042383774E-002
   92.799999999999272       0.97979331389958879        1.2897512943829074E-002
   92.899999999999267       0.93522261465307854        1.3358648737727439E-002
   92.999999999999261       0.89426033422211204        1.3017008110987556E-002
   93.099999999999255       0.81213079985544656        1.1547468246525729E-002
   93.199999999999250       0.78078216568539549        1.1995796363236146E-002
   93.299999999999244       0.73184932467584218        1.1126386961399694E-002
   93.399999999999238       0.70395101570369290        1.0639225813990951E-002
   93.499999999999233       0.65929505435978131        1.0447058109355572E-002
   93.599999999999227       0.64106837552019236        1.0325289446597540E-002
   93.699999999999221       0.60705912506641913        9.8164733011797782E-003
   93.799999999999216       0.58877540907639880        9.5436732422282955E-003
   93.899999999999210       0.54584130799292863        8.3801774728738017E-003
   93.999999999999204       0.52828588649785502        8.4026188640031908E-003
   94.099999999999199       0.50642637728197049        8.4031873015608608E-003
   94.199999999999193       0.48940883218726844        8.1141694985516818E-003
   94.299999999999187       0.47405883531670567        7.7683103905737318E-003
   94.399999999999181       0.44882730775543139        7.6020656115095920E-003
   94.499999999999176       0.44150889834495866        7.6600300171278217E-003
   94.599999999999170       0.42837934695865787        6.9957272053985534E-003
   94.699999999999164       0.40242688738071491        6.6627287021957648E-003
   94.799999999999159       0.41053183276484034        7.1184688265366830E-003
   94.899999999999153       0.39219170765248640        6.6934710593659838E-003
   94.999999999999147       0.37562607676756671        6.4504286054330546E-003
   95.099999999999142       0.36597982446600397        6.1532277442217075E-003
   95.199999999999136       0.35508565066679126        6.0591320105760106E-003
   95.299999999999130       0.34871041041794709        5.6973509463675749E-003
   95.399999999999125       0.34999601345643006        6.0707589016628927E-003
   95.499999999999119       0.34600365844545272        5.7842596563593817E-003
   95.599999999999113       0.32355662833643523        5.4491524011939570E-003
   95.699999999999108       0.32386862876285077        5.1231697954338172E-003
   95.799999999999102       0.31143232501521001        5.0405195452377372E-003
   95.899999999999096       0.30941659099474855        4.8323112483787964E-003
   95.999999999999091       0.30401869970680701        4.6634529047406541E-003
   96.099999999999085       0.30257738878619278        4.7987356554560620E-003
   96.199999999999079       0.29137372103667686        4.3907027352198319E-003
   96.299999999999073       0.29114315345218411        4.4335245217202966E-003
   96.399999999999068       0.28953821357476717        4.4756545704477011E-003
   96.499999999999062       0.28117353814970530        4.1347117983690420E-003
   96.599999999999056       0.27700238324312842        4.0566161628842181E-003
   96.699999999999051       0.28093649103822577        4.0381781517710201E-003
   96.799999999999045       0.27763070905818876        3.8529262486650439E-003
   96.899999999999039       0.28047817990349599        3.9583939128875825E-003
   96.999999999999034       0.27043176333435009        3.6296258340745013E-003
   97.099999999999028       0.27199330823073348        3.5723563787616016E-003
   97.199999999999022       0.26730963606442792        3.5252630847631677E-003
   97.299999999999017       0.27039758604731845        3.4525832081599454E-003
   97.399999999999011       0.27421909123969496        3.5489116790805566E-003
   97.499999999999005       0.27181236663721220        3.2767583381489514E-003
   97.599999999999000       0.27627734787617736        3.2827169858978189E-003
   97.699999999998994       0.27344856119532762        3.1853727349908292E-003
   97.799999999998988       0.27617111681057332        3.1297849407796101E-003
   97.899999999998983       0.27785909584071056        3.0501616020561029E-003
   97.999999999998977       0.27925971255819565        3.0040439935866588E-003
   98.099999999998971       0.28241069928260754        2.8424473808179814E-003
   98.199999999998965       0.28683511973278425        2.8526013454263240E-003
   98.299999999998960       0.29203371083576840        2.8448372693815902E-003
   98.399999999998954       0.30096708457010662        2.7697725859122968E-003
   98.499999999998948       0.30546367730861601        2.7178248720515440E-003
   98.599999999998943       0.30871331519735079        2.5990122269325313E-003
   98.699999999998937       0.32169368867401615        2.6363626709755648E-003
   98.799999999998931       0.33621619148911919        2.6168859574851825E-003
   98.899999999998926       0.34784031185299352        2.5458369046809518E-003
   98.999999999998920       0.35878316420401707        2.4484122016911764E-003
   99.099999999998914       0.38091166634579038        2.4586786455483662E-003
   99.199999999998909       0.40297776116347600        2.4069532319669937E-003
   99.299999999998903       0.43367053065879962        2.3873627281920150E-003
   99.399999999998897       0.46975876799195865        2.3475702979242740E-003
   99.499999999998892       0.52142102010544811        2.3149519122320108E-003
   99.599999999998886       0.59192526307077720        2.2754627873619098E-003
   99.699999999998880       0.70377104169467064        2.2447632015823752E-003
   99.799999999998875       0.91025462788684697        2.2091864166954127E-003
   99.899999999998869        1.1500648890570211        1.8540348380825997E-003
