  0.59999999999999998        0.0000000000000000        0.0000000000000000     
  0.60599999999999998        0.0000000000000000        0.0000000000000000     
  0.61199999999999999        0.0000000000000000        0.0000000000000000     
  0.61799999999999999       0.60934305365032926       0.14042535314886326     
  0.62400000000000000        1.8240029163574027       0.19339885758502523     
  0.63000000000000000        2.8624254950606969       0.75495866858939364     
  0.63600000000000001        2.2029126685482598       0.34677523464324378     
  0.64200000000000002        2.3294412842393522       0.49551714055808732     
  0.64800000000000002        2.2299366782031735       0.33822575996081777     
  0.65400000000000003        1.7176150881997789       0.16255783397424892     
  0.66000000000000003        2.4430531007591085       0.64547803055782471     
  0.66600000000000004        3.2137582509675022       0.86782772945133047     
  0.67200000000000004        2.3727634451711497       0.31610000152550177     
  0.67800000000000005        3.2879051531091754        1.3357327749984123     
  0.68400000000000005        2.3070212986928449       0.29992937137184433     
  0.69000000000000006        1.6204704293317627       0.11132801650810295     
  0.69600000000000006        1.9547787311150471       0.23077009640338716     
  0.70200000000000007        2.7015190712764103       0.70530643323663023     
  0.70800000000000007        3.4083720587678097       0.82082000393844057     
  0.71400000000000008        2.5534952073913266       0.35319898455172649     
  0.72000000000000008                            NaN                       NaN
  0.72600000000000009        2.3550071069033418       0.31379148054778044     
  0.73200000000000010        2.2939204733089253       0.33361005281002676     
  0.73800000000000010        1.9546484690028116       0.15237558536927856     
  0.74400000000000011        2.5625882307717918       0.32430022318460261     
  0.75000000000000011        2.0869404616851615       0.16272716137300550     
  0.75600000000000012        1.9766228573509677       0.15662411913690738     
  0.76200000000000012                            NaN                       NaN
  0.76800000000000013        2.7164136837757269       0.56889299437656227     
  0.77400000000000013                            NaN                       NaN
  0.78000000000000014        3.0455244090208327       0.62976033755130323     
  0.78600000000000014        2.7461434949130803       0.51036812264614773     
  0.79200000000000015        2.1396202023250637       0.21582008369716793     
  0.79800000000000015        2.0950994413542698       0.18000745468641385     
  0.80400000000000016        3.3247736316837222       0.55684798258313728     
  0.81000000000000016        2.8995108006899395       0.38460208342733671     
  0.81600000000000017        2.5968004684829409       0.35034017223588304     
  0.82200000000000017                            NaN                       NaN
  0.82800000000000018                            NaN                       NaN
  0.83400000000000019        2.6245448616646438       0.28594998997532939     
  0.84000000000000019        2.4262511658229102       0.28462386029484837     
  0.84600000000000020        2.8447577358460174       0.35911696119606135     
  0.85200000000000020        4.2480457971284453        1.0955863912602402     
  0.85800000000000021        3.4020667171274095       0.53156390553178723     
  0.86400000000000021                            NaN                       NaN
  0.87000000000000022        3.4008182712733737       0.54863209988015682     
  0.87600000000000022        2.3781320350589006       0.27264660639957827     
  0.88200000000000023        12.999013632428131        9.6480818931021428     
  0.88800000000000023                            NaN                       NaN
  0.89400000000000024        3.5406865957411706       0.75307989309563506     
  0.90000000000000024        3.6124093601581473       0.66492163361067835     
  0.90600000000000025        3.6835978476891116       0.63750143884365051     
  0.91200000000000025                            NaN                       NaN
  0.91800000000000026                            NaN                       NaN
  0.92400000000000027        2.6966790827290188       0.20146655461803151     
  0.93000000000000027        2.6523877096687554       0.18204532380693972     
  0.93600000000000028        2.6999094571725872       0.23423548292654681     
  0.94200000000000028                            NaN                       NaN
  0.94800000000000029        5.3665871856773100        2.0665945994150658     
  0.95400000000000029                            NaN                       NaN
  0.96000000000000030                            NaN                       NaN
  0.96600000000000030        3.5051831200647907       0.36298828247503873     
  0.97200000000000031        3.8868401570277253       0.55383948890050017     
  0.97800000000000031                            NaN                       NaN
  0.98400000000000032        5.4718993174237802        1.3988584369092234     
  0.99000000000000032        4.4491731059374349        1.0954207709153185     
  0.99600000000000022        8.6572308713412660        4.0146193508730867     
   1.0020000000000002        4.2737051976013660       0.52670823240569875     
   1.0080000000000002        4.1527505875261035       0.77711258312422093     
   1.0140000000000002                            NaN                       NaN
   1.0200000000000002        7.1155020739010491        3.2627244744429662     
   1.0260000000000002                            NaN                       NaN
   1.0320000000000003                            NaN                       NaN
   1.0380000000000003        4.3959307131502880       0.50329321985481623     
   1.0440000000000003                            NaN                       NaN
   1.0500000000000003        4.8434404680532381       0.89342693581760213     
   1.0560000000000003        7.0832277038438400        1.6502322141477719     
   1.0620000000000003        6.3589639568955967       0.96738846600882455     
   1.0680000000000003        4.9415120939329791       0.30374292025162192     
   1.0740000000000003        5.4531756405918212       0.45025182647977546     
   1.0800000000000003        6.6162546420878376       0.72717793082688231     
   1.0860000000000003        6.3048451233144860       0.91667416563256177     
   1.0920000000000003        5.7353336102807395       0.35021280345429340     
   1.0980000000000003        8.6493236561760263        1.5191408786198231     
   1.1040000000000003        8.7960685567996482        1.7132419150878127     
   1.1100000000000003        15.792715068329885        8.2897353936013083     
   1.1160000000000003        9.3200823532552217        2.0567429826128594     
   1.1220000000000003                            NaN                       NaN
   1.1280000000000003                            NaN                       NaN
   1.1340000000000003                            NaN                       NaN
   1.1400000000000003                            NaN                       NaN
   1.1460000000000004        6.1402596996035372        3.3062199141869426     
   1.1520000000000004                            NaN                       NaN
   1.1580000000000004                            NaN                       NaN
   1.1640000000000004        1.1312879175967043        8.8761483655748416E-002
   1.1700000000000004        1.4435825339164388       0.32511428954295968     
   1.1760000000000004                            NaN                       NaN
   1.1820000000000004                            NaN                       NaN
   1.1880000000000004                            NaN                       NaN
   1.1940000000000004       0.55457420423841186        8.3249229246818782E-002
   1.2000000000000004       0.44702507928168195        5.8968874918957581E-002
   1.2060000000000004                            NaN                       NaN
   1.2120000000000004       0.61648498673660668       0.12569865094392293     
   1.2180000000000004                            NaN                       NaN
   1.2240000000000004                            NaN                       NaN
   1.2300000000000004                            NaN                       NaN
   1.2360000000000004       0.41731865854172995       0.13979900269009279     
   1.2420000000000004       0.25580157468935177        3.3860061469604581E-002
   1.2480000000000004       0.23165025347203311        3.6778407565252032E-002
   1.2540000000000004                            NaN                       NaN
   1.2600000000000005       0.20509578008365098        2.5292979324594799E-002
   1.2660000000000005       0.23885554730274780        6.0913008097081937E-002
   1.2720000000000005                            NaN                       NaN
   1.2780000000000005       0.18030413145356028        3.4191016428967533E-002
   1.2840000000000005                            NaN                       NaN
   1.2900000000000005       0.15380717081493336        4.2663774230019130E-002
   1.2960000000000005                            NaN                       NaN
   1.3020000000000005                            NaN                       NaN
   1.3080000000000005       0.25568691127324888        8.5219751198344532E-002
   1.3140000000000005       0.22900223787219146       0.10297831273139418     
   1.3200000000000005                            NaN                       NaN
   1.3260000000000005       0.14006270291481451        2.3390596737754524E-002
   1.3320000000000005                            NaN                       NaN
   1.3380000000000005        9.6140342494518083E-002   1.0789658872095259E-002
   1.3440000000000005        9.2959113226638607E-002   1.3013014168275074E-002
   1.3500000000000005       0.11799529682869112        1.8089043626090668E-002
   1.3560000000000005        9.9322319886347099E-002   2.2977820906998774E-002
   1.3620000000000005       0.10827922633048662        1.8667672754760868E-002
   1.3680000000000005                            NaN                       NaN
   1.3740000000000006       0.11525704469386205        2.9987340934400801E-002
   1.3800000000000006       0.11475495507335880        2.3459986643754989E-002
   1.3860000000000006                            NaN                       NaN
   1.3920000000000006        7.4176035830815099E-002   1.0320267874676171E-002
   1.3980000000000006        9.9314032560395463E-002   2.6258220662764058E-002
   1.4040000000000006        8.7946333460683881E-002   1.4682067921247861E-002
   1.4100000000000006        6.1815044020993026E-002   8.0681155448654174E-003
   1.4160000000000006        9.1168124982408394E-002   1.8510739862808788E-002
   1.4220000000000006                            NaN                       NaN
   1.4280000000000006                            NaN                       NaN
   1.4340000000000006       0.16063004655641860        8.2038758192138156E-002
   1.4400000000000006                            NaN                       NaN
   1.4460000000000006       0.14026548350756221        7.9967404166710138E-002
   1.4520000000000006                            NaN                       NaN
   1.4580000000000006                            NaN                       NaN
   1.4640000000000006                            NaN                       NaN
   1.4700000000000006        7.9590011048867898E-002   1.9053152539490550E-002
   1.4760000000000006                            NaN                       NaN
   1.4820000000000007                            NaN                       NaN
   1.4880000000000007                            NaN                       NaN
   1.4940000000000007                            NaN                       NaN
   1.5000000000000007        5.7251524070858900E-002   7.4851091670907130E-003
   1.5060000000000007       0.11745550737555834        5.7831536114954812E-002
   1.5120000000000007                            NaN                       NaN
   1.5180000000000007                            NaN                       NaN
   1.5240000000000007        7.6025830534574276E-002   2.0206111118542730E-002
   1.5300000000000007                            NaN                       NaN
   1.5360000000000007        4.7498896325447008E-002   5.8205363632737464E-003
   1.5420000000000007       0.14190495433054642        9.1664408932853783E-002
   1.5480000000000007        6.4223140656861563E-002   1.0197365115419703E-002
   1.5540000000000007                            NaN                       NaN
   1.5600000000000007        6.8041289205716754E-002   1.4839265468927042E-002
   1.5660000000000007                            NaN                       NaN
   1.5720000000000007                            NaN                       NaN
   1.5780000000000007                            NaN                       NaN
   1.5840000000000007                            NaN                       NaN
   1.5900000000000007        4.5772084049378901E-002   5.7033597901849946E-003
   1.5960000000000008                            NaN                       NaN
   1.6020000000000008        6.2007238638823917E-002   1.0240176030919292E-002
   1.6080000000000008                            NaN                       NaN
   1.6140000000000008                            NaN                       NaN
   1.6200000000000008                            NaN                       NaN
   1.6260000000000008        5.7793129989729942E-002   1.3779841286214208E-002
   1.6320000000000008                            NaN                       NaN
   1.6380000000000008                            NaN                       NaN
   1.6440000000000008        5.8644343144331888E-002   1.2568022943682471E-002
   1.6500000000000008        5.0190847681036432E-002   8.4228199561284783E-003
   1.6560000000000008        4.4174562024590275E-002   4.1917016481803210E-003
   1.6620000000000008        7.0116690194658035E-002   2.2047274376659751E-002
   1.6680000000000008                            NaN                       NaN
   1.6740000000000008                            NaN                       NaN
   1.6800000000000008                            NaN                       NaN
   1.6860000000000008                            NaN                       NaN
   1.6920000000000008                            NaN                       NaN
   1.6980000000000008        3.6882789686867187E-002   4.9156752525446887E-003
   1.7040000000000008        3.8260369627553754E-002   3.9819032702930485E-003
   1.7100000000000009        9.0509429103764111E-002   4.2939145140237854E-002
   1.7160000000000009        4.7494227740546825E-002   9.9733317052722696E-003
   1.7220000000000009        3.7937655811031028E-002   5.1601643275088760E-003
   1.7280000000000009        3.4541831029704553E-002   3.5741577097509886E-003
   1.7340000000000009        4.2177246995419478E-002   7.2914073950920569E-003
   1.7400000000000009        7.1704911198579135E-002   2.3695162199380303E-002
   1.7460000000000009        3.7319752463923939E-002   5.1498074886584437E-003
   1.7520000000000009        4.0820329009927839E-002   7.4861349021438719E-003
   1.7580000000000009        3.7216126252364035E-002   4.8923607127102737E-003
   1.7640000000000009                            NaN                       NaN
   1.7700000000000009        3.4121992625959434E-002   4.2607685017996607E-003
   1.7760000000000009                            NaN                       NaN
   1.7820000000000009                            NaN                       NaN
   1.7880000000000009                            NaN                       NaN
   1.7940000000000009                            NaN                       NaN
