   80.000000000000000        1.7363272853042829E-004   2.5893094081303666E-006
   80.075000000000003        1.7749477039587854E-004   2.6150066384283743E-006
   80.150000000000006        1.8222491942918189E-004   2.6508770624587551E-006
   80.225000000000009        1.7856658672233463E-004   2.6268687260653423E-006
   80.300000000000011        1.7914710540634327E-004   2.6208791380506785E-006
   80.375000000000014        1.8278876761625460E-004   2.6507731442600583E-006
   80.450000000000017        1.8790669219958658E-004   2.6976784486410995E-006
   80.525000000000020        1.8076752810712598E-004   2.6441088800485463E-006
   80.600000000000023        1.9306927315288267E-004   2.7372268477657012E-006
   80.675000000000026        1.8532491322052237E-004   2.6804118242557416E-006
   80.750000000000028        1.9093041844092627E-004   2.7179637818770258E-006
   80.825000000000031        1.9551486205980658E-004   2.7536045994145426E-006
   80.900000000000034        1.9492663527412719E-004   2.7494975010975988E-006
   80.975000000000037        1.9594429503304173E-004   2.7516199125664993E-006
   81.050000000000040        2.0069356206153907E-004   2.7973729068690290E-006
   81.125000000000043        1.9877458993206899E-004   2.7799157178853786E-006
   81.200000000000045        2.0460973697921753E-004   2.8277972539232917E-006
   81.275000000000048        2.0636378281090967E-004   2.8351769679772092E-006
   81.350000000000051        2.0617456657605484E-004   2.8377702485852814E-006
   81.425000000000054        2.1182613167162022E-004   2.8770045984162325E-006
   81.500000000000057        2.1144841642944918E-004   2.8771296939397068E-006
   81.575000000000060        2.1288136621914583E-004   2.8893002076404958E-006
   81.650000000000063        2.1076565110904449E-004   2.8730703097668802E-006
   81.725000000000065        2.1635999756817437E-004   2.9161943062052806E-006
   81.800000000000068        2.2646271656936952E-004   2.9867174157166495E-006
   81.875000000000071        2.2232525676212114E-004   2.9508051981163978E-006
   81.950000000000074        2.2615624777888525E-004   2.9848584290555513E-006
   82.025000000000077        2.3062969083493642E-004   3.0114994929853104E-006
   82.100000000000080        2.3040999702659529E-004   3.0191593495390578E-006
   82.175000000000082        2.3309864910437832E-004   3.0344878529933819E-006
   82.250000000000085        2.3984549189704678E-004   3.0789034476513622E-006
   82.325000000000088        2.3569072761828769E-004   3.0534185407312755E-006
   82.400000000000091        2.4438023695151878E-004   3.1159009503320602E-006
   82.475000000000094        2.4537031907743225E-004   3.1205100452377346E-006
   82.550000000000097        2.4994574290156178E-004   3.1560823056364252E-006
   82.625000000000099        2.5375803175473294E-004   3.1803517765851211E-006
   82.700000000000102        2.5520101624809991E-004   3.1850703393304232E-006
   82.775000000000105        2.6434845296704627E-004   3.2488564221182742E-006
   82.850000000000108        2.6737811860314415E-004   3.2641424160284331E-006
   82.925000000000111        2.6423309056948643E-004   3.2505429997807652E-006
   83.000000000000114        2.6675378824688183E-004   3.2688250304603670E-006
   83.075000000000117        2.7418579166749087E-004   3.3183667606741827E-006
   83.150000000000119        2.7619615178821539E-004   3.3307641838218792E-006
   83.225000000000122        2.8724969075809694E-004   3.3991719710839317E-006
   83.300000000000125        2.8093113862392798E-004   3.3610238687397485E-006
   83.375000000000128        2.9003325795394887E-004   3.4143575826894352E-006
   83.450000000000131        2.9240508975501660E-004   3.4383753490242224E-006
   83.525000000000134        2.9169220406202463E-004   3.4344021589922920E-006
   83.600000000000136        3.0381988119983591E-004   3.5079517018584282E-006
   83.675000000000139        2.9853830101530686E-004   3.4793328139769871E-006
   83.750000000000142        3.0710930187081108E-004   3.5328225178620078E-006
   83.825000000000145        3.0659996263200526E-004   3.5365373212049872E-006
   83.900000000000148        3.2116287531044451E-004   3.6176477243160922E-006
   83.975000000000151        3.1675707868212302E-004   3.5966618424107344E-006
   84.050000000000153        3.1777983315684107E-004   3.6049658107742267E-006
   84.125000000000156        3.2262533454057986E-004   3.6362332303273287E-006
   84.200000000000159        3.3117159620815571E-004   3.6881900700468904E-006
   84.275000000000162        3.4524862624797252E-004   3.7650879185965748E-006
   84.350000000000165        3.4287767861380502E-004   3.7545093938059975E-006
   84.425000000000168        3.4637504439121196E-004   3.7750862722149700E-006
   84.500000000000171        3.5116327385776544E-004   3.8039329837495073E-006
   84.575000000000173        3.5655291779857412E-004   3.8368252654800067E-006
   84.650000000000176        3.6320118443288152E-004   3.8750891959736164E-006
   84.725000000000179        3.6778687162101266E-004   3.9033529982187562E-006
   84.800000000000182        3.7303156685064055E-004   3.9341450356703607E-006
   84.875000000000185        3.8633088756972604E-004   4.0091055366397513E-006
   84.950000000000188        3.8785089542945196E-004   4.0175971655112285E-006
   85.025000000000190        3.9363949874262352E-004   4.0484062035462624E-006
   85.100000000000193        4.0547151166970364E-004   4.1117950129819436E-006
   85.175000000000196        4.0828658482319660E-004   4.1304653902686862E-006
   85.250000000000199        4.1018327544030658E-004   4.1447212838101147E-006
   85.325000000000202        4.2944402904102638E-004   4.2448626244583293E-006
   85.400000000000205        4.3263283664352124E-004   4.2611114371477501E-006
   85.475000000000207        4.3267648479432220E-004   4.2657642926524207E-006
   85.550000000000210        4.4676894882249513E-004   4.3346286513706199E-006
   85.625000000000213        4.4951512477152790E-004   4.3554184489971245E-006
   85.700000000000216        4.5989901274102795E-004   4.4076389778931414E-006
   85.775000000000219        4.6979611362015991E-004   4.4564026811629066E-006
   85.850000000000222        4.7858365014343272E-004   4.4991829449793963E-006
   85.925000000000225        4.8666854598742915E-004   4.5415878949012212E-006
   86.000000000000227        4.9564613943459601E-004   4.5864051038642347E-006
   86.075000000000230        5.1130439453763246E-004   4.6603496653058900E-006
   86.150000000000233        5.1506145748639852E-004   4.6811369449254980E-006
   86.225000000000236        5.2973788207728086E-004   4.7508469991546456E-006
   86.300000000000239        5.4636611752651213E-004   4.8265091857636816E-006
   86.375000000000242        5.4266128158118572E-004   4.8124164223110063E-006
   86.450000000000244        5.5866896318496333E-004   4.8845268767063993E-006
   86.525000000000247        5.7583063685005104E-004   4.9626031034621019E-006
   86.600000000000250        5.9414745845215835E-004   5.0413893459632301E-006
   86.675000000000253        5.9788389928208717E-004   5.0606478910233667E-006
   86.750000000000256        6.1419155938233856E-004   5.1315954456824015E-006
   86.825000000000259        6.2269732538089526E-004   5.1689580713736339E-006
   86.900000000000261        6.4218406322390166E-004   5.2522127846788081E-006
   86.975000000000264        6.6283319371772799E-004   5.3374708944658408E-006
   87.050000000000267        6.8287560137671275E-004   5.4193849888703826E-006
   87.125000000000270        6.9273535862990451E-004   5.4591594795899884E-006
   87.200000000000273        7.0357140314708793E-004   5.5019704335745414E-006
   87.275000000000276        7.1903121120617903E-004   5.5630357449403590E-006
   87.350000000000279        7.4541494778074247E-004   5.6637436131163199E-006
   87.425000000000281        7.6758366036641526E-004   5.7484043511661338E-006
   87.500000000000284        7.8723876535658930E-004   5.8226147107551097E-006
   87.575000000000287        7.9232561236504526E-004   5.8410812301032429E-006
   87.650000000000290        8.2419469572610042E-004   5.9585494993321351E-006
   87.725000000000293        8.5192744012694622E-004   6.0597377356340710E-006
   87.800000000000296        8.6740138072984203E-004   6.1115445139887694E-006
   87.875000000000298        8.9066608087876064E-004   6.1935025181026359E-006
   87.950000000000301        9.2816262962566178E-004   6.3187830623010670E-006
   88.025000000000304        9.4944293318494023E-004   6.3866749648526043E-006
   88.100000000000307        9.8438932583351036E-004   6.5002688651243913E-006
   88.175000000000310        1.0230175109257578E-003   6.6251272479574527E-006
   88.250000000000313        1.0438618233921701E-003   6.6854143809127140E-006
   88.325000000000315        1.0745674542926127E-003   6.7796342432967581E-006
   88.400000000000318        1.1169475483305876E-003   6.9070081041646851E-006
   88.475000000000321        1.1573336433479424E-003   7.0246653813852911E-006
   88.550000000000324        1.1876342634223754E-003   7.1119392467844718E-006
   88.625000000000327        1.2343764556297023E-003   7.2442873121625947E-006
   88.700000000000330        1.2731855746035965E-003   7.3452308764930606E-006
   88.775000000000333        1.3165994241903795E-003   7.4601614559822260E-006
   88.850000000000335        1.3758972826542987E-003   7.6188388653263530E-006
   88.925000000000338        1.4302462987336496E-003   7.7572304601544429E-006
   89.000000000000341        1.4788600500136135E-003   7.8713849600048114E-006
   89.075000000000344        1.5308827619387119E-003   7.9972110662263454E-006
   89.150000000000347        1.6087979047411801E-003   8.1802263535028659E-006
   89.225000000000350        1.6711297569752788E-003   8.3226233814185128E-006
   89.300000000000352        1.7345493684451203E-003   8.4580636984521926E-006
   89.375000000000355        1.8227706667960915E-003   8.6544760102695199E-006
   89.450000000000358        1.8871624538477790E-003   8.7809282844682286E-006
   89.525000000000361        1.9764897283275338E-003   8.9641486384246167E-006
   89.600000000000364        2.0551750223161956E-003   9.1146968874081365E-006
   89.675000000000367        2.1620536705578819E-003   9.3186733792841528E-006
   89.750000000000369        2.2491016237272598E-003   9.4751346050648838E-006
   89.825000000000372        2.3633327045128457E-003   9.6761341006364098E-006
   89.900000000000375        2.4893435880263119E-003   9.8952422972208776E-006
   89.975000000000378        2.5854269224728577E-003   1.0042864063606399E-005
   90.050000000000381        2.7080232472407391E-003   1.0237595903642320E-005
   90.125000000000384        2.8231765647213588E-003   1.0402087543763018E-005
   90.200000000000387        2.9771642473314414E-003   1.0633999687747721E-005
   90.275000000000389        3.1122403786518825E-003   1.0817874913971312E-005
   90.350000000000392        3.2430030747246947E-003   1.0984025618721080E-005
   90.425000000000395        3.3993076043436973E-003   1.1180453276140370E-005
   90.500000000000398        3.5343611293938053E-003   1.1335309717877468E-005
   90.575000000000401        3.7073402682381703E-003   1.1537311040760183E-005
   90.650000000000404        3.8466502972409368E-003   1.1672389984286400E-005
   90.725000000000406        3.9874981793822642E-003   1.1803934055064540E-005
   90.800000000000409        4.1107470586632354E-003   1.1897458622520515E-005
   90.875000000000412        4.2469922619832188E-003   1.1994747270652728E-005
   90.950000000000415        4.3448763038978870E-003   1.2034336154537349E-005
   91.025000000000418        4.4207521328332592E-003   1.2033078929154763E-005
   91.100000000000421        4.4976393274878150E-003   1.2027498339402967E-005
   91.175000000000423        4.5209563257766370E-003   1.1946069610796787E-005
   91.250000000000426        4.5279040546893738E-003   1.1835918637303291E-005
   91.325000000000429        4.4738662818031025E-003   1.1644476059804359E-005
   91.400000000000432        4.4177812992626476E-003   1.1445227898266425E-005
   91.475000000000435        4.3399942893330790E-003   1.1208511463297860E-005
   91.550000000000438        4.1945476967346065E-003   1.0890199697384758E-005
   91.625000000000441        4.0361071532938764E-003   1.0550164891804110E-005
   91.700000000000443        3.8618510117419593E-003   1.0182605401138612E-005
   91.775000000000446        3.6979817639653254E-003   9.8284168499379037E-006
   91.850000000000449        3.4636504614588312E-003   9.3720468098261816E-006
   91.925000000000452        3.2744270387533737E-003   8.9789175401575636E-006
   92.000000000000455        3.0430939965933657E-003   8.5155024381842438E-006
   92.075000000000458        2.8307833243876790E-003   8.0757409463677357E-006
   92.150000000000460        2.6272089930601075E-003   7.6448582603990669E-006
   92.225000000000463        2.4299291215894602E-003   7.2172670878312723E-006
   92.300000000000466        2.2323139998963624E-003   6.7829195559364963E-006
   92.375000000000469        2.0562642772114985E-003   6.3819002352313416E-006
   92.450000000000472        1.8842635851653354E-003   5.9760875231710795E-006
   92.525000000000475        1.7355900847678750E-003   5.6089689320023856E-006
   92.600000000000477        1.5783931111569758E-003   5.2252104719797070E-006
   92.675000000000480        1.4343558903642990E-003   4.8576021522546825E-006
   92.750000000000483        1.3128368807716270E-003   4.5276470058433913E-006
   92.825000000000486        1.1951750908974802E-003   4.2009430749739990E-006
   92.900000000000489        1.1000931819372625E-003   3.9184223646857247E-006
   92.975000000000492        9.9238390893069991E-004   3.6104990666335072E-006
   93.050000000000495        9.0380754054378320E-004   3.3387454490078400E-006
   93.125000000000497        8.2012893482251079E-004   3.0743445257747484E-006
   93.200000000000500        7.4736995155174420E-004   2.8341964702666434E-006
   93.275000000000503        6.7329390344423375E-004   2.5899539903907676E-006
   93.350000000000506        6.1660580733357152E-004   2.3841101257377085E-006
   93.425000000000509        5.5876675305082594E-004   2.1770229954752555E-006
   93.500000000000512        5.0359161880106666E-004   1.9784372999616334E-006
   93.575000000000514        4.5069079415850568E-004   1.7858492941166335E-006
   93.650000000000517        4.0548679824182571E-004   1.6119998529550458E-006
   93.725000000000520        3.6234910697396385E-004   1.4457655285621701E-006
   93.800000000000523        3.2538192581173578E-004   1.2950476465009276E-006
   93.875000000000526        2.9333913637492989E-004   1.1579903325390594E-006
   93.950000000000529        2.5785656162196274E-004   1.0178007163468059E-006
   94.025000000000531        2.3066045998265428E-004   8.9815505270042863E-007
   94.100000000000534        2.0009911895632702E-004   7.7465292450976273E-007
   94.175000000000537        1.7611260936239602E-004   6.6890097791689497E-007
   94.250000000000540        1.5308948837688624E-004   5.6950897457149711E-007
   94.325000000000543        1.3067611125639226E-004   4.7508824393001098E-007
   94.400000000000546        1.1009860917096897E-004   3.8925328648028635E-007
   94.475000000000549        9.1450237230084711E-005   3.1155040070129286E-007
   94.550000000000551        7.4036329202489657E-005   2.4075730487736108E-007
   94.625000000000554        5.8380357803941965E-005   1.7823008366515489E-007
   94.700000000000557        4.3263179778055312E-005   1.2219388537332662E-007
   94.775000000000560        2.9396973020673024E-005   7.4504944562810221E-008
   94.850000000000563        1.6388374476594675E-005   3.5676325526539896E-008
   94.925000000000566        4.4276146594052533E-006   8.8472251493001353E-009
