   20.000000000000000        0.0000000000000000        0.0000000000000000     
   20.199999999999999        0.0000000000000000        0.0000000000000000     
   20.399999999999999        0.0000000000000000        0.0000000000000000     
   20.599999999999998        0.0000000000000000        0.0000000000000000     
   20.799999999999997        0.0000000000000000        0.0000000000000000     
   20.999999999999996        0.0000000000000000        0.0000000000000000     
   21.199999999999996        0.0000000000000000        0.0000000000000000     
   21.399999999999995        0.0000000000000000        0.0000000000000000     
   21.599999999999994        0.0000000000000000        0.0000000000000000     
   21.799999999999994        0.0000000000000000        0.0000000000000000     
   21.999999999999993        0.0000000000000000        0.0000000000000000     
   22.199999999999992        0.0000000000000000        0.0000000000000000     
   22.399999999999991        0.0000000000000000        0.0000000000000000     
   22.599999999999991        0.0000000000000000        0.0000000000000000     
   22.799999999999990        0.0000000000000000        0.0000000000000000     
   22.999999999999989        0.0000000000000000        0.0000000000000000     
   23.199999999999989        0.0000000000000000        0.0000000000000000     
   23.399999999999988        0.0000000000000000        0.0000000000000000     
   23.599999999999987        0.0000000000000000        0.0000000000000000     
   23.799999999999986        0.0000000000000000        0.0000000000000000     
   23.999999999999986        0.0000000000000000        0.0000000000000000     
   24.199999999999985        0.0000000000000000        0.0000000000000000     
   24.399999999999984        0.0000000000000000        0.0000000000000000     
   24.599999999999984        0.0000000000000000        0.0000000000000000     
   24.799999999999983        0.0000000000000000        0.0000000000000000     
   24.999999999999982        6.1935041456782360E-004   3.4203194202763494E-006
   25.199999999999982        6.3401412316432847E-004   3.4707172995567148E-006
   25.399999999999981        6.2975390554562529E-004   3.3912165488614420E-006
   25.599999999999980        6.2977616415256261E-004   3.3636727217113227E-006
   25.799999999999979        6.3592118819378977E-004   3.3484549090271169E-006
   25.999999999999979        6.2987175186356289E-004   3.3065722706690042E-006
   26.199999999999978        6.3014119102429314E-004   3.2751483479851170E-006
   26.399999999999977        6.3403462624490262E-004   3.2660544493916428E-006
   26.599999999999977        6.3237440045717350E-004   3.2253448113991752E-006
   26.799999999999976        6.3399476613765259E-004   3.2185446842091283E-006
   26.999999999999975        6.3235820414205457E-004   3.1862860932839108E-006
   27.199999999999974        6.4029756585310478E-004   3.1838872805286186E-006
   27.399999999999974        6.3814499052601060E-004   3.1632936312328249E-006
   27.599999999999973        6.3644883310222768E-004   3.1322190083515354E-006
   27.799999999999972        6.3930026210359640E-004   3.1236830075277228E-006
   27.999999999999972        6.4726800033141978E-004   3.1355033917706340E-006
   28.199999999999971        6.4945328883679490E-004   3.1208228415342576E-006
   28.399999999999970        6.4894639310845114E-004   3.1068748908801842E-006
   28.599999999999969        6.4909624127259928E-004   3.0915657136664330E-006
   28.799999999999969        6.4940109119626557E-004   3.0821974263459652E-006
   28.999999999999968        6.4935836157398446E-004   3.0664936369062363E-006
   29.199999999999967        6.5548020266638937E-004   3.0710395345729737E-006
   29.399999999999967        6.5916241092189973E-004   3.0756099695480166E-006
   29.599999999999966        6.5663643653372295E-004   3.0553581006625378E-006
   29.799999999999965        6.6495357590397265E-004   3.0664235637338262E-006
   29.999999999999964        6.6106111209178042E-004   3.0521103944200011E-006
   30.199999999999964        6.7027067796163848E-004   3.0629132617740175E-006
   30.399999999999963        6.6375742076901063E-004   3.0387105503179840E-006
   30.599999999999962        6.6696232203741811E-004   3.0359685748600264E-006
   30.799999999999962        6.6923973485821114E-004   3.0300473068530114E-006
   30.999999999999961        6.7523794079868502E-004   3.0418257143403155E-006
   31.199999999999960        6.8191990336801452E-004   3.0548112720849402E-006
   31.399999999999959        6.8309942437387160E-004   3.0505668818429592E-006
   31.599999999999959        6.8116570197948947E-004   3.0405075088788556E-006
   31.799999999999958        6.9036227479616870E-004   3.0536142004023103E-006
   31.999999999999961        6.8712172336791359E-004   3.0387308709381027E-006
   32.199999999999960        6.9283820172749222E-004   3.0493054880647296E-006
   32.399999999999963        6.9621969029385776E-004   3.0488160885876277E-006
   32.599999999999966        7.0017670650260680E-004   3.0544011753629549E-006
   32.799999999999969        7.0636253364997033E-004   3.0653689902314012E-006
   32.999999999999972        7.1155548849637779E-004   3.0758601197891360E-006
   33.199999999999974        7.1731464255131384E-004   3.0827927166826787E-006
   33.399999999999977        7.1416622514348233E-004   3.0755502729537797E-006
   33.599999999999980        7.2206366323992392E-004   3.0893710457154382E-006
   33.799999999999983        7.2119342497464897E-004   3.0801421817449239E-006
   33.999999999999986        7.3301822473575257E-004   3.1026991367668043E-006
   34.199999999999989        7.3330180527627503E-004   3.1084114199124863E-006
   34.399999999999991        7.4205950023222467E-004   3.1204116942962655E-006
   34.599999999999994        7.4660615361255825E-004   3.1299760653787817E-006
   34.799999999999997        7.5001991486545183E-004   3.1329586341836050E-006
   35.000000000000000        7.5325520957369118E-004   3.1378224190858213E-006
   35.200000000000003        7.6099054387607646E-004   3.1487722655245187E-006
   35.400000000000006        7.6491906208597587E-004   3.1571316989474858E-006
   35.600000000000009        7.6867492729380577E-004   3.1622855468649622E-006
   35.800000000000011        7.6836273550730738E-004   3.1601208145621118E-006
   36.000000000000014        7.7781797508074074E-004   3.1792985571797967E-006
   36.200000000000017        7.8183913162382782E-004   3.1862493382813099E-006
   36.400000000000020        7.8917853838149452E-004   3.2022779402625597E-006
   36.600000000000023        7.9454477366591204E-004   3.2099469997816910E-006
   36.800000000000026        7.9410979782918215E-004   3.2086425554190001E-006
   37.000000000000028        8.0861630043784242E-004   3.2416772072799019E-006
   37.200000000000031        8.1591589324628299E-004   3.2538214727885831E-006
   37.400000000000034        8.2097279232701704E-004   3.2608916552091882E-006
   37.600000000000037        8.3057813013039995E-004   3.2821888826082076E-006
   37.800000000000040        8.4138316999868485E-004   3.3009425936575833E-006
   38.000000000000043        8.4773297122987150E-004   3.3132414882976906E-006
   38.200000000000045        8.5152964261858623E-004   3.3205800065888672E-006
   38.400000000000048        8.5991047271076438E-004   3.3394080870945377E-006
   38.600000000000051        8.6606075476468162E-004   3.3502338301898762E-006
   38.800000000000054        8.6999959879303977E-004   3.3600073447136062E-006
   39.000000000000057        8.8557680851286138E-004   3.3878555638206335E-006
   39.200000000000060        8.9296678173453271E-004   3.4014982954140134E-006
   39.400000000000063        9.0308782621218635E-004   3.4209094318463944E-006
   39.600000000000065        9.2191542545960888E-004   3.4588760103158442E-006
   39.800000000000068        9.2523449030539680E-004   3.4640787846329341E-006
   40.000000000000071        9.3239549797231825E-004   3.4808772433137496E-006
   40.200000000000074        9.4857464236066541E-004   3.5112725955435872E-006
   40.400000000000077        9.6520767446714190E-004   3.5427016772364823E-006
   40.600000000000080        9.7621711598596273E-004   3.5625576659449788E-006
   40.800000000000082        9.9001262490990526E-004   3.5885778873906442E-006
   41.000000000000085        1.0011503991126495E-003   3.6103586556097276E-006
   41.200000000000088        1.0212869388255359E-003   3.6467261200828416E-006
   41.400000000000091        1.0370209193262586E-003   3.6753420234330141E-006
   41.600000000000094        1.0561223037437125E-003   3.7089026787196557E-006
   41.800000000000097        1.0706636405242386E-003   3.7336824324429882E-006
   42.000000000000099        1.0997949994003059E-003   3.7838465289541698E-006
   42.200000000000102        1.1174884342574514E-003   3.8157157042204183E-006
   42.400000000000105        1.1402153938398190E-003   3.8549650795367364E-006
   42.600000000000108        1.1643706171308129E-003   3.8934504116009723E-006
   42.800000000000111        1.1912674141198998E-003   3.9381571181189212E-006
   43.000000000000114        1.2241673174432320E-003   3.9884290924487359E-006
   43.200000000000117        1.2531939693880092E-003   4.0296488171109883E-006
   43.400000000000119        1.2903598229251202E-003   4.0846932023398090E-006
   43.600000000000122        1.3331864850777498E-003   4.1468433750249766E-006
   43.800000000000125        1.3795171970723899E-003   4.2068556570664386E-006
   44.000000000000128        1.4201157250119134E-003   4.2540496888152193E-006
   44.200000000000131        1.4743420846900963E-003   4.3149895028740885E-006
   44.400000000000134        1.5352854944015598E-003   4.3758163875736123E-006
   44.600000000000136        1.5885685809551571E-003   4.4175993001000095E-006
   44.800000000000139        1.6376341494424753E-003   4.4345442038186726E-006
   45.000000000000142        1.6731266899090431E-003   4.4088832730183180E-006
   45.200000000000145        1.6534973499648428E-003   4.2820024631427547E-006
   45.400000000000148        1.5235054576396752E-003   3.9746674166086844E-006
   45.600000000000151        1.2602159657541839E-003   3.4404894117465195E-006
   45.800000000000153        9.1171717485758960E-004   2.7287177308729771E-006
   46.000000000000156        5.9208571893886114E-004   2.0009493496040077E-006
   46.200000000000159        3.6350109458158032E-004   1.3864403624752139E-006
   46.400000000000162        2.1250190429184367E-004   9.0649787308340928E-007
   46.600000000000165        1.1952203042111728E-004   5.5684495487486235E-007
   46.800000000000168        6.2020713576398551E-005   3.0919906276200892E-007
   47.000000000000171        2.8147402390151859E-005   1.4584436927772813E-007
   47.200000000000173        8.3181809004736956E-006   4.5653341162825439E-008
   47.400000000000176        4.6276285763865568E-007   3.8501290379139263E-009
   47.600000000000179        0.0000000000000000        0.0000000000000000     
   47.800000000000182        0.0000000000000000        0.0000000000000000     
   48.000000000000185        0.0000000000000000        0.0000000000000000     
   48.200000000000188        0.0000000000000000        0.0000000000000000     
   48.400000000000190        0.0000000000000000        0.0000000000000000     
   48.600000000000193        0.0000000000000000        0.0000000000000000     
   48.800000000000196        0.0000000000000000        0.0000000000000000     
   49.000000000000199        0.0000000000000000        0.0000000000000000     
   49.200000000000202        0.0000000000000000        0.0000000000000000     
   49.400000000000205        0.0000000000000000        0.0000000000000000     
   49.600000000000207        0.0000000000000000        0.0000000000000000     
   49.800000000000210        0.0000000000000000        0.0000000000000000     
   50.000000000000213        0.0000000000000000        0.0000000000000000     
   50.200000000000216        0.0000000000000000        0.0000000000000000     
   50.400000000000219        0.0000000000000000        0.0000000000000000     
   50.600000000000222        0.0000000000000000        0.0000000000000000     
   50.800000000000225        0.0000000000000000        0.0000000000000000     
   51.000000000000227        0.0000000000000000        0.0000000000000000     
   51.200000000000230        0.0000000000000000        0.0000000000000000     
   51.400000000000233        0.0000000000000000        0.0000000000000000     
   51.600000000000236        0.0000000000000000        0.0000000000000000     
   51.800000000000239        0.0000000000000000        0.0000000000000000     
   52.000000000000242        0.0000000000000000        0.0000000000000000     
   52.200000000000244        0.0000000000000000        0.0000000000000000     
   52.400000000000247        0.0000000000000000        0.0000000000000000     
   52.600000000000250        0.0000000000000000        0.0000000000000000     
   52.800000000000253        0.0000000000000000        0.0000000000000000     
   53.000000000000256        0.0000000000000000        0.0000000000000000     
   53.200000000000259        0.0000000000000000        0.0000000000000000     
   53.400000000000261        0.0000000000000000        0.0000000000000000     
   53.600000000000264        0.0000000000000000        0.0000000000000000     
   53.800000000000267        0.0000000000000000        0.0000000000000000     
   54.000000000000270        0.0000000000000000        0.0000000000000000     
   54.200000000000273        0.0000000000000000        0.0000000000000000     
   54.400000000000276        0.0000000000000000        0.0000000000000000     
   54.600000000000279        0.0000000000000000        0.0000000000000000     
   54.800000000000281        0.0000000000000000        0.0000000000000000     
   55.000000000000284        0.0000000000000000        0.0000000000000000     
   55.200000000000287        0.0000000000000000        0.0000000000000000     
   55.400000000000290        0.0000000000000000        0.0000000000000000     
   55.600000000000293        0.0000000000000000        0.0000000000000000     
   55.800000000000296        0.0000000000000000        0.0000000000000000     
   56.000000000000298        0.0000000000000000        0.0000000000000000     
   56.200000000000301        0.0000000000000000        0.0000000000000000     
   56.400000000000304        0.0000000000000000        0.0000000000000000     
   56.600000000000307        0.0000000000000000        0.0000000000000000     
   56.800000000000310        0.0000000000000000        0.0000000000000000     
   57.000000000000313        0.0000000000000000        0.0000000000000000     
   57.200000000000315        0.0000000000000000        0.0000000000000000     
   57.400000000000318        0.0000000000000000        0.0000000000000000     
   57.600000000000321        0.0000000000000000        0.0000000000000000     
   57.800000000000324        0.0000000000000000        0.0000000000000000     
   58.000000000000327        0.0000000000000000        0.0000000000000000     
   58.200000000000330        0.0000000000000000        0.0000000000000000     
   58.400000000000333        0.0000000000000000        0.0000000000000000     
   58.600000000000335        0.0000000000000000        0.0000000000000000     
   58.800000000000338        0.0000000000000000        0.0000000000000000     
   59.000000000000341        0.0000000000000000        0.0000000000000000     
   59.200000000000344        0.0000000000000000        0.0000000000000000     
   59.400000000000347        0.0000000000000000        0.0000000000000000     
   59.600000000000350        0.0000000000000000        0.0000000000000000     
   59.800000000000352        0.0000000000000000        0.0000000000000000     
