  -2.0000000000000000        0.0000000000000000        0.0000000000000000     
  -1.9800000000000000        0.0000000000000000        0.0000000000000000     
  -1.9600000000000000        0.0000000000000000        0.0000000000000000     
  -1.9399999999999999        0.0000000000000000        0.0000000000000000     
  -1.9199999999999999        0.0000000000000000        0.0000000000000000     
  -1.8999999999999999        0.0000000000000000        0.0000000000000000     
  -1.8799999999999999        0.0000000000000000        0.0000000000000000     
  -1.8599999999999999        0.0000000000000000        0.0000000000000000     
  -1.8399999999999999        0.0000000000000000        0.0000000000000000     
  -1.8199999999999998        0.0000000000000000        0.0000000000000000     
  -1.7999999999999998        0.0000000000000000        0.0000000000000000     
  -1.7799999999999998        0.0000000000000000        0.0000000000000000     
  -1.7599999999999998        0.0000000000000000        0.0000000000000000     
  -1.7399999999999998        0.0000000000000000        0.0000000000000000     
  -1.7199999999999998        0.0000000000000000        0.0000000000000000     
  -1.6999999999999997        0.0000000000000000        0.0000000000000000     
  -1.6799999999999997        0.0000000000000000        0.0000000000000000     
  -1.6599999999999997        0.0000000000000000        0.0000000000000000     
  -1.6399999999999997        0.0000000000000000        0.0000000000000000     
  -1.6199999999999997        0.0000000000000000        0.0000000000000000     
  -1.5999999999999996        0.0000000000000000        0.0000000000000000     
  -1.5799999999999996        0.0000000000000000        0.0000000000000000     
  -1.5599999999999996        0.0000000000000000        0.0000000000000000     
  -1.5399999999999996        0.0000000000000000        0.0000000000000000     
  -1.5199999999999996        0.0000000000000000        0.0000000000000000     
  -1.4999999999999996        0.0000000000000000        0.0000000000000000     
  -1.4799999999999995        0.0000000000000000        0.0000000000000000     
  -1.4599999999999995        0.0000000000000000        0.0000000000000000     
  -1.4399999999999995        0.0000000000000000        0.0000000000000000     
  -1.4199999999999995        0.0000000000000000        0.0000000000000000     
  -1.3999999999999995        0.0000000000000000        0.0000000000000000     
  -1.3799999999999994        0.0000000000000000        0.0000000000000000     
  -1.3599999999999994        0.0000000000000000        0.0000000000000000     
  -1.3399999999999994        0.0000000000000000        0.0000000000000000     
  -1.3199999999999994        0.0000000000000000        0.0000000000000000     
  -1.2999999999999994        0.0000000000000000        0.0000000000000000     
  -1.2799999999999994        0.0000000000000000        0.0000000000000000     
  -1.2599999999999993        8.5068141768558853E-005   2.4805423318506762E-006
  -1.2399999999999993        7.2365051727829176E-004   8.2611797784824089E-006
  -1.2199999999999993        1.4956687214165106E-003   1.2299319857928340E-005
  -1.1999999999999993        2.2961577949573322E-003   1.5609197173623277E-005
  -1.1799999999999993        2.9410518825832631E-003   1.8016967011980682E-005
  -1.1599999999999993        3.4898738609891941E-003   2.0014852631144147E-005
  -1.1399999999999992        3.8326244397088108E-003   2.1253011694658701E-005
  -1.1199999999999992        4.1516319431604293E-003   2.2341730909909120E-005
  -1.0999999999999992        4.3806036804269000E-003   2.3147322801272322E-005
  -1.0799999999999992        4.6237443258994914E-003   2.3954152328134327E-005
  -1.0599999999999992        4.8650353237733989E-003   2.4665529873463894E-005
  -1.0399999999999991        5.0285618808288525E-003   2.5242824078103808E-005
  -1.0199999999999991        5.2766604300532238E-003   2.6007730139106456E-005
 -0.99999999999999911        5.4683296100012857E-003   2.6644443048980513E-005
 -0.97999999999999909        5.6440185526741554E-003   2.7114317142957774E-005
 -0.95999999999999908        5.8745819565056753E-003   2.7868547037529849E-005
 -0.93999999999999906        6.0466886480463680E-003   2.8324192053684552E-005
 -0.91999999999999904        6.1855058647199259E-003   2.8743107669620519E-005
 -0.89999999999999902        6.3805007093673946E-003   2.9324147659328130E-005
 -0.87999999999999901        6.5471699665137426E-003   2.9763049853717555E-005
 -0.85999999999999899        6.7472021010854255E-003   3.0404278312026036E-005
 -0.83999999999999897        6.8868204229537979E-003   3.0734819341477688E-005
 -0.81999999999999895        7.0291826407977648E-003   3.1072980317440848E-005
 -0.79999999999999893        7.2334023319593340E-003   3.1687090194902325E-005
 -0.77999999999999892        7.3575819791701401E-003   3.1983986151267378E-005
 -0.75999999999999890        7.5249814840067687E-003   3.2357094891254836E-005
 -0.73999999999999888        7.6412400717297685E-003   3.2683975657092035E-005
 -0.71999999999999886        7.7954718198117862E-003   3.3062217761877618E-005
 -0.69999999999999885        7.9068132959905987E-003   3.3275062483374420E-005
 -0.67999999999999883        8.1324406758688690E-003   3.3883657768345929E-005
 -0.65999999999999881        8.2277360241717074E-003   3.3986850622310229E-005
 -0.63999999999999879        8.3167533620452441E-003   3.4317282270417757E-005
 -0.61999999999999877        8.4481768189351575E-003   3.4554378967963105E-005
 -0.59999999999999876        8.5926542418863858E-003   3.4898385424427749E-005
 -0.57999999999999874        8.7145701195200480E-003   3.5152341603182514E-005
 -0.55999999999999872        8.7628029686801518E-003   3.5192214714837955E-005
 -0.53999999999999870        8.8578406234559922E-003   3.5435954974090801E-005
 -0.51999999999999869        9.0065937607769521E-003   3.5721097945862235E-005
 -0.49999999999999867        9.0953368235634179E-003   3.5994445226985618E-005
 -0.47999999999999865        9.2023891968701400E-003   3.6195046133970926E-005
 -0.45999999999999863        9.2295284262125243E-003   3.6210052556432216E-005
 -0.43999999999999861        9.3196325238867877E-003   3.6408761082427422E-005
 -0.41999999999999860        9.3586471805519357E-003   3.6384070438303583E-005
 -0.39999999999999858        9.4399889576587872E-003   3.6610657903365477E-005
 -0.37999999999999856        9.5247226301379169E-003   3.6772049173475912E-005
 -0.35999999999999854        9.5880279562680654E-003   3.6973507032995681E-005
 -0.33999999999999853        9.6489757758894453E-003   3.7070087919722971E-005
 -0.31999999999999851        9.7144646809472664E-003   3.7185657642318312E-005
 -0.29999999999999849        9.7685350683835367E-003   3.7329884221033606E-005
 -0.27999999999999847        9.7704431939276502E-003   3.7289973970476246E-005
 -0.25999999999999845        9.8629207280258851E-003   3.7525797504452007E-005
 -0.23999999999999846        9.8422569383773695E-003   3.7433146941810850E-005
 -0.21999999999999847        9.9572901175642853E-003   3.7760750108076297E-005
 -0.19999999999999848        9.9739802750138939E-003   3.7753452230782589E-005
 -0.17999999999999849        1.0082854800118524E-002   3.8048498886810652E-005
 -0.15999999999999850        1.0121876387208970E-002   3.8093873523465735E-005
 -0.13999999999999851        1.0177590028515851E-002   3.8281285262064026E-005
 -0.11999999999999851        1.0130969295232863E-002   3.8207336336864266E-005
  -9.9999999999998507E-002   1.0293336478201506E-002   3.8591524106022738E-005
  -7.9999999999998503E-002   1.0240806088445319E-002   3.8488814586772657E-005
  -5.9999999999998499E-002   1.0247861495018334E-002   3.8491105371669535E-005
  -3.9999999999998495E-002   1.0370461091008988E-002   3.8725008386381249E-005
  -1.9999999999998495E-002   1.0384336254336922E-002   3.8889596540946801E-005
   1.5057399771478686E-015   1.0441414853198272E-002   3.9035449280861424E-005
   2.0000000000001506E-002   1.0455394144313609E-002   3.9033971693681989E-005
   4.0000000000001507E-002   1.0455160756576412E-002   3.9066859359087033E-005
   6.0000000000001510E-002   1.0530204785000748E-002   3.9310464667963152E-005
   8.0000000000001514E-002   1.0549409441718380E-002   3.9326821044130371E-005
  0.10000000000000152        1.0606241580273365E-002   3.9537848424047425E-005
  0.12000000000000151        1.0676108557815771E-002   3.9705692598231371E-005
  0.14000000000000151        1.0636636690224223E-002   3.9668989553656871E-005
  0.16000000000000150        1.0615835477289073E-002   3.9618226914701987E-005
  0.18000000000000149        1.0766529908753436E-002   4.0048663297003816E-005
  0.20000000000000148        1.0758134920695489E-002   4.0053768569170374E-005
  0.22000000000000147        1.0686589266496797E-002   3.9947756049324528E-005
  0.24000000000000146        1.0717106104465676E-002   3.9954813010566792E-005
  0.26000000000000145        1.0724490032589252E-002   4.0047024962964406E-005
  0.28000000000000147        1.0776327886601296E-002   4.0202164911724581E-005
  0.30000000000000149        1.0756157276235684E-002   4.0194903340116016E-005
  0.32000000000000151        1.0754438455669870E-002   4.0219567327709729E-005
  0.34000000000000152        1.0694190345170936E-002   4.0085395984757049E-005
  0.36000000000000154        1.0678908565675757E-002   4.0071350879403382E-005
  0.38000000000000156        1.0687227733332453E-002   4.0122523111680281E-005
  0.40000000000000158        1.0691686996156597E-002   4.0222114210490412E-005
  0.42000000000000159        1.0630517453892537E-002   4.0092424260546950E-005
  0.44000000000000161        1.0647341631447269E-002   4.0209234896811435E-005
  0.46000000000000163        1.0513696115497215E-002   3.9960644886753573E-005
  0.48000000000000165        1.0507137766568088E-002   3.9915081558235669E-005
  0.50000000000000167        1.0452754106791542E-002   3.9812263798165770E-005
  0.52000000000000168        1.0293453423615683E-002   3.9574742757599340E-005
  0.54000000000000170        1.0249707794066330E-002   3.9491292992999876E-005
  0.56000000000000172        1.0206044214581874E-002   3.9469329053471934E-005
  0.58000000000000174        1.0130271939938181E-002   3.9310303632991730E-005
  0.60000000000000175        1.0020881515207844E-002   3.9139706218311592E-005
  0.62000000000000177        9.9183920141139408E-003   3.8884907079242938E-005
  0.64000000000000179        9.8307142056231582E-003   3.8767626913907604E-005
  0.66000000000000181        9.6382747955490733E-003   3.8375384045117028E-005
  0.68000000000000183        9.5261685162675216E-003   3.8165720441582671E-005
  0.70000000000000184        9.4609861495404055E-003   3.8102817899586060E-005
  0.72000000000000186        9.3221533659527400E-003   3.7809458504266221E-005
  0.74000000000000188        9.1486594907090324E-003   3.7468504522398354E-005
  0.76000000000000190        9.0470693257223220E-003   3.7280312698917990E-005
  0.78000000000000191        8.8372762685594210E-003   3.6878391390490393E-005
  0.80000000000000193        8.7456730508942999E-003   3.6718699972647007E-005
  0.82000000000000195        8.5102746071897065E-003   3.6190597960994350E-005
  0.84000000000000197        8.3420401334659122E-003   3.5867146176042693E-005
  0.86000000000000199        8.2393427391048817E-003   3.5671555426001454E-005
  0.88000000000000200        8.0374880642434792E-003   3.5267488316335772E-005
  0.90000000000000202        7.8468555920829051E-003   3.4888780297378566E-005
  0.92000000000000204        7.7459233748413871E-003   3.4649060212320183E-005
  0.94000000000000206        7.5043139323481053E-003   3.4169905129666568E-005
  0.96000000000000207        7.3201581966555410E-003   3.3743360094041003E-005
  0.98000000000000198        7.1187458707193613E-003   3.3296961854497940E-005
   1.0000000000000020        6.9212807942776160E-003   3.2857603776745981E-005
   1.0200000000000020        6.6929272326953278E-003   3.2349407388350774E-005
   1.0400000000000020        6.5392048629652894E-003   3.2006768391591130E-005
   1.0600000000000021        6.2727418594454246E-003   3.1337539180060647E-005
   1.0800000000000021        6.0249620309726559E-003   3.0689521243347411E-005
   1.1000000000000021        5.7046404024529472E-003   2.9838048740215444E-005
   1.1200000000000021        5.3603053530046890E-003   2.8859280524085097E-005
   1.1400000000000021        4.9145007011001949E-003   2.7458339733210175E-005
   1.1600000000000021        4.2572161350422138E-003   2.5319675191295729E-005
   1.1800000000000022        3.3236828754960464E-003   2.2022033768818244E-005
   1.2000000000000022        2.2445286159454118E-003   1.7833592253732236E-005
   1.2200000000000022        1.0865211360488406E-003   1.2037687797097004E-005
   1.2400000000000022        1.3802234674121453E-004   3.8561277402070391E-006
   1.2600000000000022        0.0000000000000000        0.0000000000000000     
   1.2800000000000022        0.0000000000000000        0.0000000000000000     
   1.3000000000000023        0.0000000000000000        0.0000000000000000     
   1.3200000000000023        0.0000000000000000        0.0000000000000000     
   1.3400000000000023        0.0000000000000000        0.0000000000000000     
   1.3600000000000023        0.0000000000000000        0.0000000000000000     
   1.3800000000000023        0.0000000000000000        0.0000000000000000     
   1.4000000000000024        0.0000000000000000        0.0000000000000000     
   1.4200000000000024        0.0000000000000000        0.0000000000000000     
   1.4400000000000024        0.0000000000000000        0.0000000000000000     
   1.4600000000000024        0.0000000000000000        0.0000000000000000     
   1.4800000000000024        0.0000000000000000        0.0000000000000000     
   1.5000000000000024        0.0000000000000000        0.0000000000000000     
   1.5200000000000025        0.0000000000000000        0.0000000000000000     
   1.5400000000000025        0.0000000000000000        0.0000000000000000     
   1.5600000000000025        0.0000000000000000        0.0000000000000000     
   1.5800000000000025        0.0000000000000000        0.0000000000000000     
   1.6000000000000025        0.0000000000000000        0.0000000000000000     
   1.6200000000000025        0.0000000000000000        0.0000000000000000     
   1.6400000000000026        0.0000000000000000        0.0000000000000000     
   1.6600000000000026        0.0000000000000000        0.0000000000000000     
   1.6800000000000026        0.0000000000000000        0.0000000000000000     
   1.7000000000000026        0.0000000000000000        0.0000000000000000     
   1.7200000000000026        0.0000000000000000        0.0000000000000000     
   1.7400000000000027        0.0000000000000000        0.0000000000000000     
   1.7600000000000027        0.0000000000000000        0.0000000000000000     
   1.7800000000000027        0.0000000000000000        0.0000000000000000     
   1.8000000000000027        0.0000000000000000        0.0000000000000000     
   1.8200000000000027        0.0000000000000000        0.0000000000000000     
   1.8400000000000027        0.0000000000000000        0.0000000000000000     
   1.8600000000000028        0.0000000000000000        0.0000000000000000     
   1.8800000000000028        0.0000000000000000        0.0000000000000000     
   1.9000000000000028        0.0000000000000000        0.0000000000000000     
   1.9200000000000028        0.0000000000000000        0.0000000000000000     
   1.9400000000000028        0.0000000000000000        0.0000000000000000     
   1.9600000000000029        0.0000000000000000        0.0000000000000000     
   1.9800000000000026        0.0000000000000000        0.0000000000000000     
