  0.59999999999999998        12.703567066843380       0.20335413964696997     
  0.60599999999999998        12.968970839154245       0.19868661147468136     
  0.61199999999999999        13.386423885716905       0.21124482345061851     
  0.61799999999999999        13.247536854318053       0.18554615017675338     
  0.62400000000000000        13.311080649409076       0.18991609561754852     
  0.63000000000000000        13.754192968027374       0.20410031996991843     
  0.63600000000000001        14.246626326292674       0.21852471440554450     
  0.64200000000000002        14.205474968671556       0.20852028091056951     
  0.64800000000000002        14.421504272410754       0.20884828521546694     
  0.65400000000000003        14.388396911272402       0.20492745330289308     
  0.66000000000000003        15.074818203100602       0.22171762414541379     
  0.66600000000000004        15.044308468549964       0.20898901421451693     
  0.67200000000000004        15.253562215400079       0.21972796807907666     
  0.67800000000000005        15.468509609344434       0.20980899146748366     
  0.68400000000000005        15.916618819002590       0.23288281411323777     
  0.69000000000000006        15.918481121073540       0.21725038906892374     
  0.69600000000000006        15.993352331095684       0.21877894773035450     
  0.70200000000000007        16.526849440179614       0.22522868903574328     
  0.70800000000000007        16.586497707295123       0.22206276304514919     
  0.71400000000000008        16.468468733087132       0.20882910097941154     
  0.72000000000000008        16.928338737622457       0.22534603813326301     
  0.72600000000000009        17.422128185907599       0.24000703564321485     
  0.73200000000000010        17.249041938308483       0.22335362117076704     
  0.73800000000000010        17.348841658527569       0.22443787925221581     
  0.74400000000000011        18.177187452417918       0.23465457257662906     
  0.75000000000000011        18.224618245671195       0.23846075334711037     
  0.75600000000000012        18.560835670030638       0.24033475106721411     
  0.76200000000000012        18.882565609680423       0.24661249928864029     
  0.76800000000000013        18.804898218064075       0.23636662080918658     
  0.77400000000000013        19.169049059898139       0.23543495430504233     
  0.78000000000000014        19.446995619888625       0.24160245123301294     
  0.78600000000000014        19.094086711762255       0.22614871330685124     
  0.79200000000000015        20.147432861089161       0.24958855337928657     
  0.79800000000000015        20.069780360337340       0.24830484209396592     
  0.80400000000000016        20.136822691189384       0.24562644960472385     
  0.81000000000000016        20.534778686724302       0.24247520019792068     
  0.81600000000000017        21.082593603148219       0.25058583104535387     
  0.82200000000000017        20.976833241520584       0.24314674581055162     
  0.82800000000000018        21.552132311649018       0.26478952496659264     
  0.83400000000000019        21.722261028737634       0.25613949699710986     
  0.84000000000000019        21.630484241648468       0.24166785888822248     
  0.84600000000000020        22.478504087114928       0.26005998904987598     
  0.85200000000000020        22.296828730075273       0.24367132261354091     
  0.85800000000000021        23.315805550555137       0.27283956736682397     
  0.86400000000000021        24.096113853980068       0.27859599590004969     
  0.87000000000000022        24.329684610234061       0.28482058034439539     
  0.87600000000000022        24.598196211119440       0.27315216673959847     
  0.88200000000000023        24.514093205470473       0.26203926062308236     
  0.88800000000000023        25.613067570324962       0.28556774859831474     
  0.89400000000000024        25.963110173601976       0.27852600712220554     
  0.90000000000000024        26.008914822102479       0.26854628964899258     
  0.90600000000000025        27.275012807868709       0.29566549103940787     
  0.91200000000000025        28.375212192144598       0.30237835091914622     
  0.91800000000000026        28.349064325147477       0.29410095730295049     
  0.92400000000000027        28.959315649404299       0.28189073711443791     
  0.93000000000000027        30.149278265211617       0.29883195172708393     
  0.93600000000000028        31.256364386094759       0.30473934594534385     
  0.94200000000000028        32.484368285386140       0.31405766895927906     
  0.94800000000000029        33.111584442615275       0.30195844906164954     
  0.95400000000000029        35.218803938897615       0.32594040971714228     
  0.96000000000000030        37.151490999848384       0.33185835935501778     
  0.96600000000000030        39.040323057220945       0.34420051738650681     
  0.97200000000000031        41.361462996996707       0.35314212359797564     
  0.97800000000000031        44.542140517754916       0.37397119716525279     
  0.98400000000000032        47.872874106214297       0.40558016308288564     
  0.99000000000000032        47.663978644187708       0.38972603315835708     
  0.99600000000000022        43.133781879317631       0.36247320138047934     
   1.0020000000000002        34.900188079958191       0.32385396536416039     
   1.0080000000000002        26.242628784012190       0.26064816601842516     
   1.0140000000000002        20.490741171505444       0.22330077622570582     
   1.0200000000000002        15.821463306125839       0.17336073396626162     
   1.0260000000000002        13.399447058616202       0.15065017351489485     
   1.0320000000000003        11.367042085891054       0.12530783295611256     
   1.0380000000000003        9.9166553504334587       0.10179730808757517     
   1.0440000000000003        9.0142510259870914        8.9009291573804078E-002
   1.0500000000000003        8.2222280246510397        8.1302712405405986E-002
   1.0560000000000003        7.5890540891235645        6.5672896545746220E-002
   1.0620000000000003        7.0784885719955533        5.8090616286395884E-002
   1.0680000000000003        6.6339959161468327        5.1112548132185388E-002
   1.0740000000000003        6.3127779662640719        4.5022827178677609E-002
   1.0800000000000003        6.0315431179807915        3.7994883299388077E-002
   1.0860000000000003        5.7426069433117766        3.2225920360484925E-002
   1.0920000000000003        5.3483771657720061        2.4812779606288755E-002
   1.0980000000000003        1.8249926851240637        1.0661150495139781E-002
   1.1040000000000003        0.0000000000000000        0.0000000000000000     
   1.1100000000000003        0.0000000000000000        0.0000000000000000     
   1.1160000000000003        0.0000000000000000        0.0000000000000000     
   1.1220000000000003        0.0000000000000000        0.0000000000000000     
   1.1280000000000003        0.0000000000000000        0.0000000000000000     
   1.1340000000000003        0.0000000000000000        0.0000000000000000     
   1.1400000000000003        0.0000000000000000        0.0000000000000000     
   1.1460000000000004        0.0000000000000000        0.0000000000000000     
   1.1520000000000004        0.0000000000000000        0.0000000000000000     
   1.1580000000000004        0.0000000000000000        0.0000000000000000     
   1.1640000000000004        0.0000000000000000        0.0000000000000000     
   1.1700000000000004        0.0000000000000000        0.0000000000000000     
   1.1760000000000004        0.0000000000000000        0.0000000000000000     
   1.1820000000000004        0.0000000000000000        0.0000000000000000     
   1.1880000000000004        0.0000000000000000        0.0000000000000000     
   1.1940000000000004        0.0000000000000000        0.0000000000000000     
   1.2000000000000004        0.0000000000000000        0.0000000000000000     
   1.2060000000000004        0.0000000000000000        0.0000000000000000     
   1.2120000000000004        0.0000000000000000        0.0000000000000000     
   1.2180000000000004        0.0000000000000000        0.0000000000000000     
   1.2240000000000004        0.0000000000000000        0.0000000000000000     
   1.2300000000000004        0.0000000000000000        0.0000000000000000     
   1.2360000000000004        0.0000000000000000        0.0000000000000000     
   1.2420000000000004        0.0000000000000000        0.0000000000000000     
   1.2480000000000004        0.0000000000000000        0.0000000000000000     
   1.2540000000000004        0.0000000000000000        0.0000000000000000     
   1.2600000000000005        0.0000000000000000        0.0000000000000000     
   1.2660000000000005        0.0000000000000000        0.0000000000000000     
   1.2720000000000005        0.0000000000000000        0.0000000000000000     
   1.2780000000000005        0.0000000000000000        0.0000000000000000     
   1.2840000000000005        0.0000000000000000        0.0000000000000000     
   1.2900000000000005        0.0000000000000000        0.0000000000000000     
   1.2960000000000005        0.0000000000000000        0.0000000000000000     
   1.3020000000000005        0.0000000000000000        0.0000000000000000     
   1.3080000000000005        0.0000000000000000        0.0000000000000000     
   1.3140000000000005        0.0000000000000000        0.0000000000000000     
   1.3200000000000005        0.0000000000000000        0.0000000000000000     
   1.3260000000000005        0.0000000000000000        0.0000000000000000     
   1.3320000000000005        0.0000000000000000        0.0000000000000000     
   1.3380000000000005        0.0000000000000000        0.0000000000000000     
   1.3440000000000005        0.0000000000000000        0.0000000000000000     
   1.3500000000000005        0.0000000000000000        0.0000000000000000     
   1.3560000000000005        0.0000000000000000        0.0000000000000000     
   1.3620000000000005        0.0000000000000000        0.0000000000000000     
   1.3680000000000005        0.0000000000000000        0.0000000000000000     
   1.3740000000000006        0.0000000000000000        0.0000000000000000     
   1.3800000000000006        0.0000000000000000        0.0000000000000000     
   1.3860000000000006        0.0000000000000000        0.0000000000000000     
   1.3920000000000006        0.0000000000000000        0.0000000000000000     
   1.3980000000000006        0.0000000000000000        0.0000000000000000     
   1.4040000000000006        0.0000000000000000        0.0000000000000000     
   1.4100000000000006        0.0000000000000000        0.0000000000000000     
   1.4160000000000006        0.0000000000000000        0.0000000000000000     
   1.4220000000000006        0.0000000000000000        0.0000000000000000     
   1.4280000000000006        0.0000000000000000        0.0000000000000000     
   1.4340000000000006        0.0000000000000000        0.0000000000000000     
   1.4400000000000006        0.0000000000000000        0.0000000000000000     
   1.4460000000000006        0.0000000000000000        0.0000000000000000     
   1.4520000000000006        0.0000000000000000        0.0000000000000000     
   1.4580000000000006        0.0000000000000000        0.0000000000000000     
   1.4640000000000006        0.0000000000000000        0.0000000000000000     
   1.4700000000000006        0.0000000000000000        0.0000000000000000     
   1.4760000000000006        0.0000000000000000        0.0000000000000000     
   1.4820000000000007        0.0000000000000000        0.0000000000000000     
   1.4880000000000007        0.0000000000000000        0.0000000000000000     
   1.4940000000000007        0.0000000000000000        0.0000000000000000     
   1.5000000000000007        0.0000000000000000        0.0000000000000000     
   1.5060000000000007        0.0000000000000000        0.0000000000000000     
   1.5120000000000007        0.0000000000000000        0.0000000000000000     
   1.5180000000000007        0.0000000000000000        0.0000000000000000     
   1.5240000000000007        0.0000000000000000        0.0000000000000000     
   1.5300000000000007        0.0000000000000000        0.0000000000000000     
   1.5360000000000007        0.0000000000000000        0.0000000000000000     
   1.5420000000000007        0.0000000000000000        0.0000000000000000     
   1.5480000000000007        0.0000000000000000        0.0000000000000000     
   1.5540000000000007        0.0000000000000000        0.0000000000000000     
   1.5600000000000007        0.0000000000000000        0.0000000000000000     
   1.5660000000000007        0.0000000000000000        0.0000000000000000     
   1.5720000000000007        0.0000000000000000        0.0000000000000000     
   1.5780000000000007        0.0000000000000000        0.0000000000000000     
   1.5840000000000007        0.0000000000000000        0.0000000000000000     
   1.5900000000000007        0.0000000000000000        0.0000000000000000     
   1.5960000000000008        0.0000000000000000        0.0000000000000000     
   1.6020000000000008        0.0000000000000000        0.0000000000000000     
   1.6080000000000008        0.0000000000000000        0.0000000000000000     
   1.6140000000000008        0.0000000000000000        0.0000000000000000     
   1.6200000000000008        0.0000000000000000        0.0000000000000000     
   1.6260000000000008        0.0000000000000000        0.0000000000000000     
   1.6320000000000008        0.0000000000000000        0.0000000000000000     
   1.6380000000000008        0.0000000000000000        0.0000000000000000     
   1.6440000000000008        0.0000000000000000        0.0000000000000000     
   1.6500000000000008        0.0000000000000000        0.0000000000000000     
   1.6560000000000008        0.0000000000000000        0.0000000000000000     
   1.6620000000000008        0.0000000000000000        0.0000000000000000     
   1.6680000000000008        0.0000000000000000        0.0000000000000000     
   1.6740000000000008        0.0000000000000000        0.0000000000000000     
   1.6800000000000008        0.0000000000000000        0.0000000000000000     
   1.6860000000000008        0.0000000000000000        0.0000000000000000     
   1.6920000000000008        0.0000000000000000        0.0000000000000000     
   1.6980000000000008        0.0000000000000000        0.0000000000000000     
   1.7040000000000008        0.0000000000000000        0.0000000000000000     
   1.7100000000000009        0.0000000000000000        0.0000000000000000     
   1.7160000000000009        0.0000000000000000        0.0000000000000000     
   1.7220000000000009        0.0000000000000000        0.0000000000000000     
   1.7280000000000009        0.0000000000000000        0.0000000000000000     
   1.7340000000000009        0.0000000000000000        0.0000000000000000     
   1.7400000000000009        0.0000000000000000        0.0000000000000000     
   1.7460000000000009        0.0000000000000000        0.0000000000000000     
   1.7520000000000009        0.0000000000000000        0.0000000000000000     
   1.7580000000000009        0.0000000000000000        0.0000000000000000     
   1.7640000000000009        0.0000000000000000        0.0000000000000000     
   1.7700000000000009        0.0000000000000000        0.0000000000000000     
   1.7760000000000009        0.0000000000000000        0.0000000000000000     
   1.7820000000000009        0.0000000000000000        0.0000000000000000     
   1.7880000000000009        0.0000000000000000        0.0000000000000000     
   1.7940000000000009        0.0000000000000000        0.0000000000000000     
