  0.59999999999999998        3.1464662666822955E-002   1.3148511034562189E-004
  0.60599999999999998        3.1234363533490038E-002   1.2987521177338000E-004
  0.61199999999999999        3.1700488872452331E-002   1.3042787014329771E-004
  0.61799999999999999        3.2115804347191509E-002   1.3034161757732152E-004
  0.62400000000000000        3.1997262848263319E-002   1.2950039516296773E-004
  0.63000000000000000        3.2008732043489814E-002   1.2886890019701762E-004
  0.63600000000000001        3.2231434939411906E-002   1.2874758018477473E-004
  0.64200000000000002        3.2472381142720476E-002   1.2873580993087179E-004
  0.64800000000000002        3.2538634078126120E-002   1.2841907565024383E-004
  0.65400000000000003        3.2655319274558677E-002   1.2824762256166157E-004
  0.66000000000000003        3.3092997992015920E-002   1.2868608566169400E-004
  0.66600000000000004        3.2879380469528360E-002   1.2780204829508621E-004
  0.67200000000000004        3.3095095019043064E-002   1.2777764929290523E-004
  0.67800000000000005        3.3505347896628568E-002   1.2835222877717828E-004
  0.68400000000000005        3.3832128521244759E-002   1.2883421915138937E-004
  0.69000000000000006        3.3708514026876961E-002   1.2824273261372255E-004
  0.69600000000000006        3.4213208459426249E-002   1.2887142256507383E-004
  0.70200000000000007        3.4151919941452169E-002   1.2850426988110676E-004
  0.70800000000000007        3.4539138499717771E-002   1.2902005003136789E-004
  0.71400000000000008        3.4778315502456345E-002   1.2924996363022161E-004
  0.72000000000000008        3.5271733367037116E-002   1.3009332252611166E-004
  0.72600000000000009        3.5397293745289604E-002   1.3013389504237918E-004
  0.73200000000000010        3.5511097958258950E-002   1.3022842976539127E-004
  0.73800000000000010        3.5912417090309692E-002   1.3079771750836095E-004
  0.74400000000000011        3.6421211474188024E-002   1.3163744512842060E-004
  0.75000000000000011        3.6717332020453138E-002   1.3218954939301961E-004
  0.75600000000000012        3.7155373405214867E-002   1.3290572386466927E-004
  0.76200000000000012        3.7319525374760062E-002   1.3302506011051338E-004
  0.76800000000000013        3.7598146923474476E-002   1.3335417475516663E-004
  0.77400000000000013        3.7959432058198336E-002   1.3384450795123100E-004
  0.78000000000000014        3.8334662959434725E-002   1.3454892895257433E-004
  0.78600000000000014        3.8475833398887264E-002   1.3470283192547138E-004
  0.79200000000000015        3.9174510428210747E-002   1.3594369896218348E-004
  0.79800000000000015        3.9486230312807673E-002   1.3642834284760752E-004
  0.80400000000000016        3.9561094884718949E-002   1.3652086064320034E-004
  0.81000000000000016        4.0467289806775511E-002   1.3814262522296355E-004
  0.81600000000000017        4.0808133780250160E-002   1.3865814481390059E-004
  0.82200000000000017        4.1587139738598976E-002   1.4000747249859352E-004
  0.82800000000000018        4.2092475715398425E-002   1.4083802674013976E-004
  0.83400000000000019        4.2451350351690648E-002   1.4143518021981501E-004
  0.84000000000000019        4.2850304476959915E-002   1.4209628053702929E-004
  0.84600000000000020        4.3404044302066389E-002   1.4315788167438474E-004
  0.85200000000000020        4.3972735960610410E-002   1.4400306311613224E-004
  0.85800000000000021        4.4676287770511740E-002   1.4515805204006271E-004
  0.86400000000000021        4.5482512551005806E-002   1.4648760977190641E-004
  0.87000000000000022        4.6406624376591488E-002   1.4802150895562160E-004
  0.87600000000000022        4.6751686845297041E-002   1.4866424520345220E-004
  0.88200000000000023        4.8074096961849000E-002   1.5090895279287078E-004
  0.88800000000000023        4.9031752051665864E-002   1.5238063264764730E-004
  0.89400000000000024        4.9762588214312647E-002   1.5354485313085332E-004
  0.90000000000000024        5.1086439895787573E-002   1.5568012175276984E-004
  0.90600000000000025        5.2000243037859085E-002   1.5705684163613915E-004
  0.91200000000000025        5.3300838491295875E-002   1.5905377655037179E-004
  0.91800000000000026        5.5002444581235037E-002   1.6155413951702820E-004
  0.92400000000000027        5.6364155687520720E-002   1.6355922394885910E-004
  0.93000000000000027        5.8165366162070541E-002   1.6622829452178178E-004
  0.93600000000000028        5.9666122366689354E-002   1.6827344842134433E-004
  0.94200000000000028        6.2295232020328238E-002   1.7180481767395208E-004
  0.94800000000000029        6.4344312103343418E-002   1.7426429258682758E-004
  0.95400000000000029        6.7603110205318576E-002   1.7833600829031686E-004
  0.96000000000000030        7.0613127160613340E-002   1.8160053157839523E-004
  0.96600000000000030        7.4156251589443875E-002   1.8514871870963127E-004
  0.97200000000000031        7.8488534545490110E-002   1.8887519170567135E-004
  0.97800000000000031        8.1928524641856876E-002   1.9064086394066714E-004
  0.98400000000000032        8.4485042715415529E-002   1.8965925169011285E-004
  0.99000000000000032        8.1491968233167511E-002   1.8010365298697908E-004
  0.99600000000000022        6.6466025710453291E-002   1.5389577564229974E-004
   1.0020000000000002        4.3103343445238543E-002   1.1339615490456432E-004
   1.0080000000000002        2.3776923384513444E-002   7.3818881205071102E-005
   1.0140000000000002        1.1971350748687744E-002   4.3583933538979117E-005
   1.0200000000000002        5.7242381458887043E-003   2.3504716639530203E-005
   1.0260000000000002        2.4244797097799798E-003   1.0812518649067208E-005
   1.0320000000000003        7.4853167399076682E-004   3.5768133719206627E-006
   1.0380000000000003        6.2258623179810773E-005   4.1041083197650302E-007
   1.0440000000000003        0.0000000000000000        0.0000000000000000     
   1.0500000000000003        0.0000000000000000        0.0000000000000000     
   1.0560000000000003        0.0000000000000000        0.0000000000000000     
   1.0620000000000003        0.0000000000000000        0.0000000000000000     
   1.0680000000000003        0.0000000000000000        0.0000000000000000     
   1.0740000000000003        0.0000000000000000        0.0000000000000000     
   1.0800000000000003        0.0000000000000000        0.0000000000000000     
   1.0860000000000003        0.0000000000000000        0.0000000000000000     
   1.0920000000000003        0.0000000000000000        0.0000000000000000     
   1.0980000000000003        0.0000000000000000        0.0000000000000000     
   1.1040000000000003        0.0000000000000000        0.0000000000000000     
   1.1100000000000003        0.0000000000000000        0.0000000000000000     
   1.1160000000000003        0.0000000000000000        0.0000000000000000     
   1.1220000000000003        0.0000000000000000        0.0000000000000000     
   1.1280000000000003        0.0000000000000000        0.0000000000000000     
   1.1340000000000003        0.0000000000000000        0.0000000000000000     
   1.1400000000000003        0.0000000000000000        0.0000000000000000     
   1.1460000000000004        0.0000000000000000        0.0000000000000000     
   1.1520000000000004        0.0000000000000000        0.0000000000000000     
   1.1580000000000004        0.0000000000000000        0.0000000000000000     
   1.1640000000000004        0.0000000000000000        0.0000000000000000     
   1.1700000000000004        0.0000000000000000        0.0000000000000000     
   1.1760000000000004        0.0000000000000000        0.0000000000000000     
   1.1820000000000004        0.0000000000000000        0.0000000000000000     
   1.1880000000000004        0.0000000000000000        0.0000000000000000     
   1.1940000000000004        0.0000000000000000        0.0000000000000000     
   1.2000000000000004        0.0000000000000000        0.0000000000000000     
   1.2060000000000004        0.0000000000000000        0.0000000000000000     
   1.2120000000000004        0.0000000000000000        0.0000000000000000     
   1.2180000000000004        0.0000000000000000        0.0000000000000000     
   1.2240000000000004        0.0000000000000000        0.0000000000000000     
   1.2300000000000004        0.0000000000000000        0.0000000000000000     
   1.2360000000000004        0.0000000000000000        0.0000000000000000     
   1.2420000000000004        0.0000000000000000        0.0000000000000000     
   1.2480000000000004        0.0000000000000000        0.0000000000000000     
   1.2540000000000004        0.0000000000000000        0.0000000000000000     
   1.2600000000000005        0.0000000000000000        0.0000000000000000     
   1.2660000000000005        0.0000000000000000        0.0000000000000000     
   1.2720000000000005        0.0000000000000000        0.0000000000000000     
   1.2780000000000005        0.0000000000000000        0.0000000000000000     
   1.2840000000000005        0.0000000000000000        0.0000000000000000     
   1.2900000000000005        0.0000000000000000        0.0000000000000000     
   1.2960000000000005        0.0000000000000000        0.0000000000000000     
   1.3020000000000005        0.0000000000000000        0.0000000000000000     
   1.3080000000000005        0.0000000000000000        0.0000000000000000     
   1.3140000000000005        0.0000000000000000        0.0000000000000000     
   1.3200000000000005        0.0000000000000000        0.0000000000000000     
   1.3260000000000005        0.0000000000000000        0.0000000000000000     
   1.3320000000000005        0.0000000000000000        0.0000000000000000     
   1.3380000000000005        0.0000000000000000        0.0000000000000000     
   1.3440000000000005        0.0000000000000000        0.0000000000000000     
   1.3500000000000005        0.0000000000000000        0.0000000000000000     
   1.3560000000000005        0.0000000000000000        0.0000000000000000     
   1.3620000000000005        0.0000000000000000        0.0000000000000000     
   1.3680000000000005        0.0000000000000000        0.0000000000000000     
   1.3740000000000006        0.0000000000000000        0.0000000000000000     
   1.3800000000000006        0.0000000000000000        0.0000000000000000     
   1.3860000000000006        0.0000000000000000        0.0000000000000000     
   1.3920000000000006        0.0000000000000000        0.0000000000000000     
   1.3980000000000006        0.0000000000000000        0.0000000000000000     
   1.4040000000000006        0.0000000000000000        0.0000000000000000     
   1.4100000000000006        0.0000000000000000        0.0000000000000000     
   1.4160000000000006        0.0000000000000000        0.0000000000000000     
   1.4220000000000006        0.0000000000000000        0.0000000000000000     
   1.4280000000000006        0.0000000000000000        0.0000000000000000     
   1.4340000000000006        0.0000000000000000        0.0000000000000000     
   1.4400000000000006        0.0000000000000000        0.0000000000000000     
   1.4460000000000006        0.0000000000000000        0.0000000000000000     
   1.4520000000000006        0.0000000000000000        0.0000000000000000     
   1.4580000000000006        0.0000000000000000        0.0000000000000000     
   1.4640000000000006        0.0000000000000000        0.0000000000000000     
   1.4700000000000006        0.0000000000000000        0.0000000000000000     
   1.4760000000000006        0.0000000000000000        0.0000000000000000     
   1.4820000000000007        0.0000000000000000        0.0000000000000000     
   1.4880000000000007        0.0000000000000000        0.0000000000000000     
   1.4940000000000007        0.0000000000000000        0.0000000000000000     
   1.5000000000000007        0.0000000000000000        0.0000000000000000     
   1.5060000000000007        0.0000000000000000        0.0000000000000000     
   1.5120000000000007        0.0000000000000000        0.0000000000000000     
   1.5180000000000007        0.0000000000000000        0.0000000000000000     
   1.5240000000000007        0.0000000000000000        0.0000000000000000     
   1.5300000000000007        0.0000000000000000        0.0000000000000000     
   1.5360000000000007        0.0000000000000000        0.0000000000000000     
   1.5420000000000007        0.0000000000000000        0.0000000000000000     
   1.5480000000000007        0.0000000000000000        0.0000000000000000     
   1.5540000000000007        0.0000000000000000        0.0000000000000000     
   1.5600000000000007        0.0000000000000000        0.0000000000000000     
   1.5660000000000007        0.0000000000000000        0.0000000000000000     
   1.5720000000000007        0.0000000000000000        0.0000000000000000     
   1.5780000000000007        0.0000000000000000        0.0000000000000000     
   1.5840000000000007        0.0000000000000000        0.0000000000000000     
   1.5900000000000007        0.0000000000000000        0.0000000000000000     
   1.5960000000000008        0.0000000000000000        0.0000000000000000     
   1.6020000000000008        0.0000000000000000        0.0000000000000000     
   1.6080000000000008        0.0000000000000000        0.0000000000000000     
   1.6140000000000008        0.0000000000000000        0.0000000000000000     
   1.6200000000000008        0.0000000000000000        0.0000000000000000     
   1.6260000000000008        0.0000000000000000        0.0000000000000000     
   1.6320000000000008        0.0000000000000000        0.0000000000000000     
   1.6380000000000008        0.0000000000000000        0.0000000000000000     
   1.6440000000000008        0.0000000000000000        0.0000000000000000     
   1.6500000000000008        0.0000000000000000        0.0000000000000000     
   1.6560000000000008        0.0000000000000000        0.0000000000000000     
   1.6620000000000008        0.0000000000000000        0.0000000000000000     
   1.6680000000000008        0.0000000000000000        0.0000000000000000     
   1.6740000000000008        0.0000000000000000        0.0000000000000000     
   1.6800000000000008        0.0000000000000000        0.0000000000000000     
   1.6860000000000008        0.0000000000000000        0.0000000000000000     
   1.6920000000000008        0.0000000000000000        0.0000000000000000     
   1.6980000000000008        0.0000000000000000        0.0000000000000000     
   1.7040000000000008        0.0000000000000000        0.0000000000000000     
   1.7100000000000009        0.0000000000000000        0.0000000000000000     
   1.7160000000000009        0.0000000000000000        0.0000000000000000     
   1.7220000000000009        0.0000000000000000        0.0000000000000000     
   1.7280000000000009        0.0000000000000000        0.0000000000000000     
   1.7340000000000009        0.0000000000000000        0.0000000000000000     
   1.7400000000000009        0.0000000000000000        0.0000000000000000     
   1.7460000000000009        0.0000000000000000        0.0000000000000000     
   1.7520000000000009        0.0000000000000000        0.0000000000000000     
   1.7580000000000009        0.0000000000000000        0.0000000000000000     
   1.7640000000000009        0.0000000000000000        0.0000000000000000     
   1.7700000000000009        0.0000000000000000        0.0000000000000000     
   1.7760000000000009        0.0000000000000000        0.0000000000000000     
   1.7820000000000009        0.0000000000000000        0.0000000000000000     
   1.7880000000000009        0.0000000000000000        0.0000000000000000     
   1.7940000000000009        0.0000000000000000        0.0000000000000000     
