   60.000000000000000        1.6294809326909723E-005   2.7502377269058380E-007
   60.600000000000001        1.6676839843479020E-005   2.7231693825974827E-007
   61.200000000000003        1.6987777927728930E-005   2.6783650703523062E-007
   61.800000000000004        1.7070495784187817E-005   2.6490036558750978E-007
   62.400000000000006        1.7167384844103152E-005   2.6156522346915182E-007
   63.000000000000007        1.7340323815692176E-005   2.6011185444133685E-007
   63.600000000000001        1.8534621442825543E-005   2.6689657200283342E-007
   64.200000000000003        1.8923874713552548E-005   2.6654651109161472E-007
   64.799999999999997        1.9319123453402536E-005   2.6550444761926777E-007
   65.399999999999991        1.9703956047786105E-005   2.6677034758251206E-007
   65.999999999999986        1.9913719748571517E-005   2.6624277479521945E-007
   66.599999999999980        2.1500821747503239E-005   2.7552671937073927E-007
   67.199999999999974        2.1955321133205845E-005   2.7669781715352113E-007
   67.799999999999969        2.2470675319501207E-005   2.7901097297507112E-007
   68.399999999999963        2.3894246613847563E-005   2.8730091766288097E-007
   68.999999999999957        2.5109496553664302E-005   2.9439363743337143E-007
   69.599999999999952        2.6446471975940983E-005   3.0221921613759370E-007
   70.199999999999946        2.7786850144270263E-005   3.0997645458606069E-007
   70.799999999999940        2.9403677006490066E-005   3.2050287100375127E-007
   71.399999999999935        3.1052979915321826E-005   3.2960206426994073E-007
   71.999999999999929        3.2451992530797206E-005   3.3889832653543606E-007
   72.599999999999923        3.3829743174423420E-005   3.4753940733768310E-007
   73.199999999999918        3.6479600415312975E-005   3.6284898822635858E-007
   73.799999999999912        3.8701767117115789E-005   3.7645293710544896E-007
   74.399999999999906        4.2247422612965406E-005   3.9596529374294831E-007
   74.999999999999901        4.5172415256003039E-005   4.1341424450146906E-007
   75.599999999999895        4.8139812934820332E-005   4.3062496573387108E-007
   76.199999999999889        5.1454974605702686E-005   4.4979027271871745E-007
   76.799999999999883        5.5685711824068581E-005   4.7261362660507658E-007
   77.399999999999878        6.0596439358058257E-005   4.9876762132315997E-007
   77.999999999999872        6.4816711201494897E-005   5.2177375257611634E-007
   78.599999999999866        7.0992819467507483E-005   5.5278216519141221E-007
   79.199999999999861        7.6782223776942409E-005   5.8195482289613102E-007
   79.799999999999855        8.5622272568960378E-005   6.2235624406991850E-007
   80.399999999999849        9.3199652816844446E-005   6.5786340674875892E-007
   80.999999999999844        1.0352963685567963E-004   7.0269243501939424E-007
   81.599999999999838        1.1448813627960460E-004   7.4977870625889504E-007
   82.199999999999832        1.2840727308736233E-004   8.0522856903434307E-007
   82.799999999999827        1.4694694405206689E-004   8.7383063095310396E-007
   83.399999999999821        1.6448289754876741E-004   9.3787856299087672E-007
   83.999999999999815        1.8389380525265871E-004   1.0056216413716135E-006
   84.599999999999810        2.1572969010311870E-004   1.1041273279223398E-006
   85.199999999999804        2.4927325593074025E-004   1.2026809792562540E-006
   85.799999999999798        2.9780813400645789E-004   1.3301906082558031E-006
   86.399999999999793        3.6300151856970563E-004   1.4842314630592606E-006
   86.999999999999787        4.4798859335305042E-004   1.6613965576551459E-006
   87.599999999999781        5.6779423755839444E-004   1.8788520060946283E-006
   88.199999999999775        7.5478739209353422E-004   2.1636590985930906E-006
   88.799999999999770        1.0441495410130430E-003   2.5217231466104645E-006
   89.399999999999764        1.5067266874012044E-003   2.9666873622134798E-006
   89.999999999999758        2.1838165387367643E-003   3.4399993064359169E-006
   90.599999999999753        2.7535526616164832E-003   3.6464061184774055E-006
   91.199999999999747        2.4152727568937317E-003   3.1578333955937373E-006
   91.799999999999741        1.4557888420460294E-003   2.1946526420075037E-006
   92.399999999999736        7.3828999015916673E-004   1.3237009481841375E-006
   92.999999999999730        3.5839832213987191E-004   7.2096651257112989E-007
   93.599999999999724        1.5979306326411108E-004   3.3221668026121656E-007
   94.199999999999719        5.3177453901458102E-005   1.0376184003432167E-007
   94.799999999999713        2.6834805867107668E-006   6.3248797715787947E-009
   95.399999999999707        0.0000000000000000        0.0000000000000000     
   95.999999999999702        0.0000000000000000        0.0000000000000000     
   96.599999999999696        0.0000000000000000        0.0000000000000000     
   97.199999999999690        0.0000000000000000        0.0000000000000000     
   97.799999999999685        0.0000000000000000        0.0000000000000000     
   98.399999999999679        0.0000000000000000        0.0000000000000000     
   98.999999999999673        0.0000000000000000        0.0000000000000000     
   99.599999999999667        0.0000000000000000        0.0000000000000000     
   100.19999999999966        0.0000000000000000        0.0000000000000000     
   100.79999999999966        0.0000000000000000        0.0000000000000000     
   101.39999999999965        0.0000000000000000        0.0000000000000000     
   101.99999999999964        0.0000000000000000        0.0000000000000000     
   102.59999999999964        0.0000000000000000        0.0000000000000000     
   103.19999999999963        0.0000000000000000        0.0000000000000000     
   103.79999999999963        0.0000000000000000        0.0000000000000000     
   104.39999999999962        0.0000000000000000        0.0000000000000000     
   104.99999999999962        0.0000000000000000        0.0000000000000000     
   105.59999999999961        0.0000000000000000        0.0000000000000000     
   106.19999999999960        0.0000000000000000        0.0000000000000000     
   106.79999999999960        0.0000000000000000        0.0000000000000000     
   107.39999999999959        0.0000000000000000        0.0000000000000000     
   107.99999999999959        0.0000000000000000        0.0000000000000000     
   108.59999999999958        0.0000000000000000        0.0000000000000000     
   109.19999999999958        0.0000000000000000        0.0000000000000000     
   109.79999999999957        0.0000000000000000        0.0000000000000000     
   110.39999999999957        0.0000000000000000        0.0000000000000000     
   110.99999999999956        0.0000000000000000        0.0000000000000000     
   111.59999999999955        0.0000000000000000        0.0000000000000000     
   112.19999999999955        0.0000000000000000        0.0000000000000000     
   112.79999999999954        0.0000000000000000        0.0000000000000000     
   113.39999999999954        0.0000000000000000        0.0000000000000000     
   113.99999999999953        0.0000000000000000        0.0000000000000000     
   114.59999999999953        0.0000000000000000        0.0000000000000000     
   115.19999999999952        0.0000000000000000        0.0000000000000000     
   115.79999999999951        0.0000000000000000        0.0000000000000000     
   116.39999999999951        0.0000000000000000        0.0000000000000000     
   116.99999999999950        0.0000000000000000        0.0000000000000000     
   117.59999999999950        0.0000000000000000        0.0000000000000000     
   118.19999999999949        0.0000000000000000        0.0000000000000000     
   118.79999999999949        0.0000000000000000        0.0000000000000000     
   119.39999999999948        0.0000000000000000        0.0000000000000000     
   119.99999999999947        0.0000000000000000        0.0000000000000000     
   120.59999999999947        0.0000000000000000        0.0000000000000000     
   121.19999999999946        0.0000000000000000        0.0000000000000000     
   121.79999999999946        0.0000000000000000        0.0000000000000000     
   122.39999999999945        0.0000000000000000        0.0000000000000000     
   122.99999999999945        0.0000000000000000        0.0000000000000000     
   123.59999999999944        0.0000000000000000        0.0000000000000000     
   124.19999999999943        0.0000000000000000        0.0000000000000000     
   124.79999999999943        0.0000000000000000        0.0000000000000000     
   125.39999999999942        0.0000000000000000        0.0000000000000000     
   125.99999999999942        0.0000000000000000        0.0000000000000000     
   126.59999999999941        0.0000000000000000        0.0000000000000000     
   127.19999999999941        0.0000000000000000        0.0000000000000000     
   127.79999999999941        0.0000000000000000        0.0000000000000000     
   128.39999999999941        0.0000000000000000        0.0000000000000000     
   128.99999999999940        0.0000000000000000        0.0000000000000000     
   129.59999999999940        0.0000000000000000        0.0000000000000000     
   130.19999999999939        0.0000000000000000        0.0000000000000000     
   130.79999999999939        0.0000000000000000        0.0000000000000000     
   131.39999999999938        0.0000000000000000        0.0000000000000000     
   131.99999999999937        0.0000000000000000        0.0000000000000000     
   132.59999999999937        0.0000000000000000        0.0000000000000000     
   133.19999999999936        0.0000000000000000        0.0000000000000000     
   133.79999999999936        0.0000000000000000        0.0000000000000000     
   134.39999999999935        0.0000000000000000        0.0000000000000000     
   134.99999999999935        0.0000000000000000        0.0000000000000000     
   135.59999999999934        0.0000000000000000        0.0000000000000000     
   136.19999999999933        0.0000000000000000        0.0000000000000000     
   136.79999999999933        0.0000000000000000        0.0000000000000000     
   137.39999999999932        0.0000000000000000        0.0000000000000000     
   137.99999999999932        0.0000000000000000        0.0000000000000000     
   138.59999999999931        0.0000000000000000        0.0000000000000000     
   139.19999999999931        0.0000000000000000        0.0000000000000000     
   139.79999999999930        0.0000000000000000        0.0000000000000000     
   140.39999999999930        0.0000000000000000        0.0000000000000000     
   140.99999999999929        0.0000000000000000        0.0000000000000000     
   141.59999999999928        0.0000000000000000        0.0000000000000000     
   142.19999999999928        0.0000000000000000        0.0000000000000000     
   142.79999999999927        0.0000000000000000        0.0000000000000000     
   143.39999999999927        0.0000000000000000        0.0000000000000000     
   143.99999999999926        0.0000000000000000        0.0000000000000000     
   144.59999999999926        0.0000000000000000        0.0000000000000000     
   145.19999999999925        0.0000000000000000        0.0000000000000000     
   145.79999999999924        0.0000000000000000        0.0000000000000000     
   146.39999999999924        0.0000000000000000        0.0000000000000000     
   146.99999999999923        0.0000000000000000        0.0000000000000000     
   147.59999999999923        0.0000000000000000        0.0000000000000000     
   148.19999999999922        0.0000000000000000        0.0000000000000000     
   148.79999999999922        0.0000000000000000        0.0000000000000000     
   149.39999999999921        0.0000000000000000        0.0000000000000000     
   149.99999999999920        0.0000000000000000        0.0000000000000000     
   150.59999999999920        0.0000000000000000        0.0000000000000000     
   151.19999999999919        0.0000000000000000        0.0000000000000000     
   151.79999999999919        0.0000000000000000        0.0000000000000000     
   152.39999999999918        0.0000000000000000        0.0000000000000000     
   152.99999999999918        0.0000000000000000        0.0000000000000000     
   153.59999999999917        0.0000000000000000        0.0000000000000000     
   154.19999999999916        0.0000000000000000        0.0000000000000000     
   154.79999999999916        0.0000000000000000        0.0000000000000000     
   155.39999999999915        0.0000000000000000        0.0000000000000000     
   155.99999999999915        0.0000000000000000        0.0000000000000000     
   156.59999999999914        0.0000000000000000        0.0000000000000000     
   157.19999999999914        0.0000000000000000        0.0000000000000000     
   157.79999999999913        0.0000000000000000        0.0000000000000000     
   158.39999999999912        0.0000000000000000        0.0000000000000000     
   158.99999999999912        0.0000000000000000        0.0000000000000000     
   159.59999999999911        0.0000000000000000        0.0000000000000000     
   160.19999999999911        0.0000000000000000        0.0000000000000000     
   160.79999999999910        0.0000000000000000        0.0000000000000000     
   161.39999999999910        0.0000000000000000        0.0000000000000000     
   161.99999999999909        0.0000000000000000        0.0000000000000000     
   162.59999999999908        0.0000000000000000        0.0000000000000000     
   163.19999999999908        0.0000000000000000        0.0000000000000000     
   163.79999999999907        0.0000000000000000        0.0000000000000000     
   164.39999999999907        0.0000000000000000        0.0000000000000000     
   164.99999999999906        0.0000000000000000        0.0000000000000000     
   165.59999999999906        0.0000000000000000        0.0000000000000000     
   166.19999999999905        0.0000000000000000        0.0000000000000000     
   166.79999999999905        0.0000000000000000        0.0000000000000000     
   167.39999999999904        0.0000000000000000        0.0000000000000000     
   167.99999999999903        0.0000000000000000        0.0000000000000000     
   168.59999999999903        0.0000000000000000        0.0000000000000000     
   169.19999999999902        0.0000000000000000        0.0000000000000000     
   169.79999999999902        0.0000000000000000        0.0000000000000000     
   170.39999999999901        0.0000000000000000        0.0000000000000000     
   170.99999999999901        0.0000000000000000        0.0000000000000000     
   171.59999999999900        0.0000000000000000        0.0000000000000000     
   172.19999999999899        0.0000000000000000        0.0000000000000000     
   172.79999999999899        0.0000000000000000        0.0000000000000000     
   173.39999999999898        0.0000000000000000        0.0000000000000000     
   173.99999999999898        0.0000000000000000        0.0000000000000000     
   174.59999999999897        0.0000000000000000        0.0000000000000000     
   175.19999999999897        0.0000000000000000        0.0000000000000000     
   175.79999999999896        0.0000000000000000        0.0000000000000000     
   176.39999999999895        0.0000000000000000        0.0000000000000000     
   176.99999999999895        0.0000000000000000        0.0000000000000000     
   177.59999999999894        0.0000000000000000        0.0000000000000000     
   178.19999999999894        0.0000000000000000        0.0000000000000000     
   178.79999999999893        0.0000000000000000        0.0000000000000000     
   179.39999999999893        0.0000000000000000        0.0000000000000000     
