   0.0000000000000000        178.99191681833170       0.16231660420885091     
   1.0000000000000000E-002   116.72284432520878       0.24267468965582287     
   1.9999999999999997E-002   131.81186485072701       0.41969366668271224     
   2.9999999999999999E-002   141.06613927472208       0.55390046191182851     
   4.0000000000000001E-002   131.38069333419588       0.58145665776588440     
   5.0000000000000003E-002   122.43341264902597       0.60303127508373722     
   6.0000000000000005E-002   111.84210475495422       0.60529604474020127     
   7.0000000000000007E-002   98.892397758343392       0.61620004470432199     
   8.0000000000000002E-002   75.463387355658838       0.57519331170157906     
   8.9999999999999997E-002   43.387001914456796       0.45633879743194944     
   9.9999999999999992E-002   21.456039444502288       0.30132583762457804     
  0.10999999999999999        11.217859211339945       0.19353938403771545     
  0.11999999999999998        7.1515244787977137       0.14493940958269230     
  0.12999999999999998        4.7603523386720710       0.10442250782216703     
  0.13999999999999999        3.4289838629340741        8.9112871799523388E-002
  0.14999999999999999        2.5262353454508006        7.3697018998641964E-002
  0.16000000000000000        2.0259128805632267        6.2985474376507547E-002
  0.17000000000000001        1.5314267460472053        5.1562647826718905E-002
  0.18000000000000002        1.1404554109630027        3.4404424325771406E-002
  0.19000000000000003       0.99904151636673999        3.6286478810561212E-002
  0.20000000000000004       0.79033729715054613        2.6449296506473971E-002
  0.21000000000000005       0.69116996061382818        2.4130850467653276E-002
  0.22000000000000006       0.59295452607258281        2.5342561860029388E-002
  0.23000000000000007       0.49565569166047885        2.1900684489479866E-002
  0.24000000000000005       0.42643272753728967        1.8537830416834600E-002
  0.25000000000000006       0.42354225026809306        2.1773770570989125E-002
  0.26000000000000006       0.33335523268205769        1.7253317474907829E-002
  0.27000000000000007       0.29215769685348003        1.7463005491885550E-002
  0.28000000000000008       0.24568393651176174        1.3286088500052015E-002
  0.29000000000000009       0.26591869972257737        1.4955001359743687E-002
  0.30000000000000010       0.21885020487955265        1.6247814431269120E-002
  0.31000000000000011       0.20885590427263925        1.8057265608344412E-002
  0.32000000000000012       0.20006301236949875        1.5736134921001000E-002
  0.33000000000000013       0.16202454237087860        1.0887939962773895E-002
  0.34000000000000014       0.14995359595268040        1.0281085897593875E-002
  0.35000000000000014       0.13177161364913365        1.2065600953953228E-002
  0.36000000000000015       0.10557761270534516        6.6645187049120952E-003
  0.37000000000000016       0.14326173046966770        1.7838076265645184E-002
  0.38000000000000017        8.8380497530696017E-002   5.3741097354484376E-003
  0.39000000000000018        9.2628135696300420E-002   9.0739328452963067E-003
  0.40000000000000019       0.10348407313726231        1.5032418050281106E-002
  0.41000000000000020        8.7830521106904896E-002   8.8537733599389698E-003
  0.42000000000000021        5.8203546887002848E-002   3.3021325911564555E-003
  0.43000000000000022        6.1153830007333536E-002   4.2987765711052619E-003
  0.44000000000000022        6.8674607739042007E-002   6.5046284974050080E-003
  0.45000000000000023        7.2697530819163553E-002   9.9800840571512683E-003
  0.46000000000000024        4.6589280777190802E-002   4.7779535252662538E-003
  0.47000000000000025        5.0101159561623546E-002   5.3893568456832887E-003
  0.48000000000000026        5.3621112597598469E-002   8.4538543696846494E-003
  0.49000000000000021        5.0980657778812076E-002   6.9738595304949082E-003
  0.50000000000000022        5.0886978545876399E-002   7.4154162220289076E-003
  0.51000000000000023        4.0449221657704301E-002   5.9376210769862235E-003
  0.52000000000000024        3.2533711937156595E-002   4.5791436903813163E-003
  0.53000000000000025        3.9106494468425006E-002   4.6629708515885174E-003
  0.54000000000000026        3.7342230876241826E-002   6.2701948012345446E-003
  0.55000000000000027        3.5479539077287271E-002   6.0625918471289139E-003
  0.56000000000000028        2.4363995626802325E-002   2.3441487817526282E-003
  0.57000000000000028        2.1188499169132659E-002   3.7770148312080225E-003
  0.58000000000000029        2.0788973888787150E-002   3.2266599005459891E-003
  0.59000000000000030        2.6439502165056073E-002   5.1841896374335839E-003
  0.60000000000000031        1.8937983181514868E-002   2.6635966078642093E-003
  0.61000000000000032        1.9797327524328279E-002   2.9678102027654541E-003
  0.62000000000000033        1.4243092296074804E-002   2.6113801240161107E-003
  0.63000000000000034        2.1531956968727929E-002   6.2724099488438000E-003
  0.64000000000000035        2.0316682214831284E-002   6.5569434287456648E-003
  0.65000000000000036        8.8381176335496775E-003   2.3557655731960606E-003
  0.66000000000000036        9.5769181560735241E-003   2.1314751722308883E-003
  0.67000000000000037        1.4272677820858778E-002   2.3381854770932460E-003
  0.68000000000000038        1.7519610359880023E-002   1.2209383670810172E-002
  0.69000000000000039        5.4260222885681433E-003   1.2258775003703023E-003
  0.70000000000000040        1.8914092476164880E-003   4.2987242263403468E-004
  0.71000000000000041        2.6553920668236320E-003   7.9743817145164729E-004
  0.72000000000000042        6.2903483433992373E-003   3.8447098724063550E-003
  0.73000000000000043        4.6539901485868971E-004   2.2380266243601852E-004
  0.74000000000000044        2.2460328201142500E-007   2.2460327401425271E-007
  0.75000000000000044        0.0000000000000000        0.0000000000000000     
  0.76000000000000045        0.0000000000000000        0.0000000000000000     
  0.77000000000000046        0.0000000000000000        0.0000000000000000     
  0.78000000000000047        0.0000000000000000        0.0000000000000000     
  0.79000000000000048        0.0000000000000000        0.0000000000000000     
  0.80000000000000049        0.0000000000000000        0.0000000000000000     
  0.81000000000000050        0.0000000000000000        0.0000000000000000     
  0.82000000000000051        0.0000000000000000        0.0000000000000000     
  0.83000000000000052        0.0000000000000000        0.0000000000000000     
  0.84000000000000052        0.0000000000000000        0.0000000000000000     
  0.85000000000000053        0.0000000000000000        0.0000000000000000     
  0.86000000000000054        0.0000000000000000        0.0000000000000000     
  0.87000000000000055        0.0000000000000000        0.0000000000000000     
  0.88000000000000056        0.0000000000000000        0.0000000000000000     
  0.89000000000000057        0.0000000000000000        0.0000000000000000     
  0.90000000000000058        0.0000000000000000        0.0000000000000000     
  0.91000000000000059        0.0000000000000000        0.0000000000000000     
  0.92000000000000060        0.0000000000000000        0.0000000000000000     
  0.93000000000000060        0.0000000000000000        0.0000000000000000     
  0.94000000000000061        0.0000000000000000        0.0000000000000000     
  0.95000000000000062        0.0000000000000000        0.0000000000000000     
  0.96000000000000063        0.0000000000000000        0.0000000000000000     
  0.97000000000000064        0.0000000000000000        0.0000000000000000     
  0.98000000000000065        0.0000000000000000        0.0000000000000000     
  0.99000000000000066        0.0000000000000000        0.0000000000000000     
   1.0000000000000007        0.0000000000000000        0.0000000000000000     
   1.0100000000000007        0.0000000000000000        0.0000000000000000     
   1.0200000000000007        0.0000000000000000        0.0000000000000000     
   1.0300000000000007        0.0000000000000000        0.0000000000000000     
   1.0400000000000007        0.0000000000000000        0.0000000000000000     
   1.0500000000000007        0.0000000000000000        0.0000000000000000     
   1.0600000000000007        0.0000000000000000        0.0000000000000000     
   1.0700000000000007        0.0000000000000000        0.0000000000000000     
   1.0800000000000007        0.0000000000000000        0.0000000000000000     
   1.0900000000000007        0.0000000000000000        0.0000000000000000     
   1.1000000000000008        0.0000000000000000        0.0000000000000000     
   1.1100000000000008        0.0000000000000000        0.0000000000000000     
   1.1200000000000008        0.0000000000000000        0.0000000000000000     
   1.1300000000000008        0.0000000000000000        0.0000000000000000     
   1.1400000000000008        0.0000000000000000        0.0000000000000000     
   1.1500000000000008        0.0000000000000000        0.0000000000000000     
   1.1600000000000008        0.0000000000000000        0.0000000000000000     
   1.1700000000000008        0.0000000000000000        0.0000000000000000     
   1.1800000000000008        0.0000000000000000        0.0000000000000000     
   1.1900000000000008        0.0000000000000000        0.0000000000000000     
   1.2000000000000008        0.0000000000000000        0.0000000000000000     
   1.2100000000000009        0.0000000000000000        0.0000000000000000     
   1.2200000000000009        0.0000000000000000        0.0000000000000000     
   1.2300000000000009        0.0000000000000000        0.0000000000000000     
   1.2400000000000009        0.0000000000000000        0.0000000000000000     
   1.2500000000000009        0.0000000000000000        0.0000000000000000     
   1.2600000000000009        0.0000000000000000        0.0000000000000000     
   1.2700000000000009        0.0000000000000000        0.0000000000000000     
   1.2800000000000009        0.0000000000000000        0.0000000000000000     
   1.2900000000000009        0.0000000000000000        0.0000000000000000     
   1.3000000000000009        0.0000000000000000        0.0000000000000000     
   1.3100000000000009        0.0000000000000000        0.0000000000000000     
   1.3200000000000010        0.0000000000000000        0.0000000000000000     
   1.3300000000000010        0.0000000000000000        0.0000000000000000     
   1.3400000000000010        0.0000000000000000        0.0000000000000000     
   1.3500000000000010        0.0000000000000000        0.0000000000000000     
   1.3600000000000010        0.0000000000000000        0.0000000000000000     
   1.3700000000000010        0.0000000000000000        0.0000000000000000     
   1.3800000000000010        0.0000000000000000        0.0000000000000000     
   1.3900000000000010        0.0000000000000000        0.0000000000000000     
   1.4000000000000010        0.0000000000000000        0.0000000000000000     
   1.4100000000000010        0.0000000000000000        0.0000000000000000     
   1.4200000000000010        0.0000000000000000        0.0000000000000000     
   1.4300000000000010        0.0000000000000000        0.0000000000000000     
   1.4400000000000011        0.0000000000000000        0.0000000000000000     
   1.4500000000000011        0.0000000000000000        0.0000000000000000     
   1.4600000000000011        0.0000000000000000        0.0000000000000000     
   1.4700000000000011        0.0000000000000000        0.0000000000000000     
   1.4800000000000011        0.0000000000000000        0.0000000000000000     
   1.4900000000000011        0.0000000000000000        0.0000000000000000     
   1.5000000000000011        0.0000000000000000        0.0000000000000000     
   1.5100000000000011        0.0000000000000000        0.0000000000000000     
   1.5200000000000011        0.0000000000000000        0.0000000000000000     
   1.5300000000000011        0.0000000000000000        0.0000000000000000     
   1.5400000000000011        0.0000000000000000        0.0000000000000000     
   1.5500000000000012        0.0000000000000000        0.0000000000000000     
   1.5600000000000012        0.0000000000000000        0.0000000000000000     
   1.5700000000000012        0.0000000000000000        0.0000000000000000     
   1.5800000000000012        0.0000000000000000        0.0000000000000000     
   1.5900000000000012        0.0000000000000000        0.0000000000000000     
   1.6000000000000012        0.0000000000000000        0.0000000000000000     
   1.6100000000000012        0.0000000000000000        0.0000000000000000     
   1.6200000000000012        0.0000000000000000        0.0000000000000000     
   1.6300000000000012        0.0000000000000000        0.0000000000000000     
   1.6400000000000012        0.0000000000000000        0.0000000000000000     
   1.6500000000000012        0.0000000000000000        0.0000000000000000     
   1.6600000000000013        0.0000000000000000        0.0000000000000000     
   1.6700000000000013        0.0000000000000000        0.0000000000000000     
   1.6800000000000013        0.0000000000000000        0.0000000000000000     
   1.6900000000000013        0.0000000000000000        0.0000000000000000     
   1.7000000000000013        0.0000000000000000        0.0000000000000000     
   1.7100000000000013        0.0000000000000000        0.0000000000000000     
   1.7200000000000013        0.0000000000000000        0.0000000000000000     
   1.7300000000000013        0.0000000000000000        0.0000000000000000     
   1.7400000000000013        0.0000000000000000        0.0000000000000000     
   1.7500000000000013        0.0000000000000000        0.0000000000000000     
   1.7600000000000013        0.0000000000000000        0.0000000000000000     
   1.7700000000000014        0.0000000000000000        0.0000000000000000     
   1.7800000000000014        0.0000000000000000        0.0000000000000000     
   1.7900000000000014        0.0000000000000000        0.0000000000000000     
   1.8000000000000014        0.0000000000000000        0.0000000000000000     
   1.8100000000000014        0.0000000000000000        0.0000000000000000     
   1.8200000000000014        0.0000000000000000        0.0000000000000000     
   1.8300000000000014        0.0000000000000000        0.0000000000000000     
   1.8400000000000014        0.0000000000000000        0.0000000000000000     
   1.8500000000000014        0.0000000000000000        0.0000000000000000     
   1.8600000000000014        0.0000000000000000        0.0000000000000000     
   1.8700000000000014        0.0000000000000000        0.0000000000000000     
   1.8800000000000014        0.0000000000000000        0.0000000000000000     
   1.8900000000000015        0.0000000000000000        0.0000000000000000     
   1.9000000000000015        0.0000000000000000        0.0000000000000000     
   1.9100000000000015        0.0000000000000000        0.0000000000000000     
   1.9200000000000015        0.0000000000000000        0.0000000000000000     
   1.9300000000000015        0.0000000000000000        0.0000000000000000     
   1.9400000000000015        0.0000000000000000        0.0000000000000000     
   1.9500000000000015        0.0000000000000000        0.0000000000000000     
   1.9600000000000015        0.0000000000000000        0.0000000000000000     
   1.9700000000000015        0.0000000000000000        0.0000000000000000     
   1.9800000000000015        0.0000000000000000        0.0000000000000000     
   1.9900000000000013        0.0000000000000000        0.0000000000000000     
