   80.000000000000000        4.5245844556231291E-002   2.9123634101122361E-003
   80.099999999999994        4.0194503757460628E-002   1.7422372648299449E-003
   80.199999999999989        4.6843248411479986E-002   2.5980391064733192E-003
   80.299999999999983        4.6744789570844707E-002   2.5664266157396981E-003
   80.399999999999977        4.4006369765612542E-002   2.5810615763799932E-003
   80.499999999999972        4.4249037669563437E-002   2.3637090879973332E-003
   80.599999999999966        4.5209102857715983E-002   2.1122703154332597E-003
   80.699999999999960        4.8153791218281894E-002   2.7716817718028129E-003
   80.799999999999955        4.7886660127082113E-002   3.0257113405827759E-003
   80.899999999999949        4.6866970525279467E-002   1.9535986941559731E-003
   80.999999999999943        5.0537741068234769E-002   2.7960939157925129E-003
   81.099999999999937        4.9483368410684264E-002   2.1547570927698090E-003
   81.199999999999932        4.7996120221775428E-002   2.2695043149236313E-003
   81.299999999999926        5.3141781902271985E-002   2.9453446343407513E-003
   81.399999999999920        5.5359546005437583E-002   3.1754402340531422E-003
   81.499999999999915        5.6268755731175089E-002   2.9882558417088484E-003
   81.599999999999909        5.2639568148756588E-002   2.1488304083092679E-003
   81.699999999999903        5.4921517014239772E-002   2.3002940886545017E-003
   81.799999999999898        5.3681223465110256E-002   2.6240266882645025E-003
   81.899999999999892        6.0656371607318030E-002   2.9773392172080834E-003
   81.999999999999886        5.7659725512328092E-002   2.2435472248808668E-003
   82.099999999999881        6.1975540402167371E-002   2.9102095405481084E-003
   82.199999999999875        6.2211639561361179E-002   2.6476479191592565E-003
   82.299999999999869        7.1012803629916896E-002   3.6746487458345230E-003
   82.399999999999864        6.5643370436636345E-002   2.8938031378143605E-003
   82.499999999999858        6.3949098723135644E-002   2.9294956428716837E-003
   82.599999999999852        6.6684769425945672E-002   3.0254988180964965E-003
   82.699999999999847        6.6566615608087493E-002   3.0407386567198242E-003
   82.799999999999841        6.8931204388153713E-002   2.9336777672006350E-003
   82.899999999999835        7.7005377564478145E-002   3.6379638456141877E-003
   82.999999999999829        7.2537669297475765E-002   2.7692698155150335E-003
   83.099999999999824        6.8642020368953088E-002   2.6850759265526691E-003
   83.199999999999818        7.0977735447109572E-002   2.6298578889309243E-003
   83.299999999999812        7.4960277438410855E-002   2.6271590205372186E-003
   83.399999999999807        7.9637072811298504E-002   3.5775686727176894E-003
   83.499999999999801        7.8532882798662385E-002   3.2737406844944826E-003
   83.599999999999795        8.2013064145261841E-002   3.7063699338087232E-003
   83.699999999999790        7.8614805615615499E-002   2.9035075088940997E-003
   83.799999999999784        8.9238606553920158E-002   3.1960635849479363E-003
   83.899999999999778        8.5672674646940200E-002   3.1778802878592535E-003
   83.999999999999773        8.3299281046194926E-002   2.7949988707890198E-003
   84.099999999999767        9.4436664242443361E-002   3.4692845486567871E-003
   84.199999999999761        9.7586079044616886E-002   4.1242561226515076E-003
   84.299999999999756        9.0757396751994165E-002   3.2046637330465926E-003
   84.399999999999750        9.7522809659900414E-002   3.1194004623862682E-003
   84.499999999999744       0.10216597313207755        3.5783603746679495E-003
   84.599999999999739        9.7658429702562499E-002   3.2670895071004813E-003
   84.699999999999733        9.8457777491808882E-002   2.9860952659888132E-003
   84.799999999999727       0.10375555567962319        3.6068407021241427E-003
   84.899999999999721       0.10775758061617202        3.5865277416804197E-003
   84.999999999999716       0.11783918430321873        4.5102898307336258E-003
   85.099999999999710       0.11503540061570444        3.8193988360078045E-003
   85.199999999999704       0.11169912474158551        3.6828217155545845E-003
   85.299999999999699       0.11818000635411985        4.0932252076960121E-003
   85.399999999999693       0.12222797486151718        3.9230034934342019E-003
   85.499999999999687       0.12803545825006926        4.1513781704464970E-003
   85.599999999999682       0.13283143673995290        4.1753071582709403E-003
   85.699999999999676       0.13429680776533265        3.9204176043521012E-003
   85.799999999999670       0.14203019616316881        4.6305195807091158E-003
   85.899999999999665       0.13979591050956586        4.0679678698710081E-003
   85.999999999999659       0.13726032619200307        3.8991756912832073E-003
   86.099999999999653       0.14642374128599206        3.9279725881230139E-003
   86.199999999999648       0.15512725728159771        4.6240463300962001E-003
   86.299999999999642       0.15702251850647880        4.5049558280172968E-003
   86.399999999999636       0.16490902481408545        4.6242292100793937E-003
   86.499999999999631       0.16714832012170205        4.7163747258853203E-003
   86.599999999999625       0.17439946320861860        4.8244794373777265E-003
   86.699999999999619       0.18773028254469426        5.4886214532335817E-003
   86.799999999999613       0.18610392144295709        4.7995807480281883E-003
   86.899999999999608       0.19702203999337123        5.3723965801167556E-003
   86.999999999999602       0.19223303392878038        4.6421417901096763E-003
   87.099999999999596       0.20190014387695887        4.9272516154288222E-003
   87.199999999999591       0.21317166784611080        5.6869880798136110E-003
   87.299999999999585       0.22627890412040158        6.0624769221894670E-003
   87.399999999999579       0.23407272538222487        5.6342940357560741E-003
   87.499999999999574       0.24194129614135834        5.6438062852014175E-003
   87.599999999999568       0.25568730876322893        6.4641973459482653E-003
   87.699999999999562       0.26077371801739491        6.1173438085862083E-003
   87.799999999999557       0.27383266092111003        6.2182032934380762E-003
   87.899999999999551       0.28639646860854046        7.0381470687627574E-003
   87.999999999999545       0.30156583994987202        6.9805916492672185E-003
   88.099999999999540       0.31899789254299915        7.4765477946985180E-003
   88.199999999999534       0.32578339170264309        7.1310545163893301E-003
   88.299999999999528       0.32988473240347543        7.0921746178316640E-003
   88.399999999999523       0.35630951047839754        7.2654674266641869E-003
   88.499999999999517       0.37371717436067642        7.7671026540739683E-003
   88.599999999999511       0.38941550313412049        7.9069130353294787E-003
   88.699999999999505       0.41861101966162095        8.3764150760973072E-003
   88.799999999999500       0.42947135191107166        8.1805750264447048E-003
   88.899999999999494       0.45648281364269633        8.4720606530319115E-003
   88.999999999999488       0.48691071076402642        8.8166616897290499E-003
   89.099999999999483       0.52643609485147480        9.7588015132420453E-003
   89.199999999999477       0.53269390677698703        9.2855076322815207E-003
   89.299999999999471       0.57870758187041604        9.9709687116303208E-003
   89.399999999999466       0.62087847098240090        1.0835030464305612E-002
   89.499999999999460       0.64364278599371505        1.0404052032103898E-002
   89.599999999999454       0.70584849517016912        1.1374012864349387E-002
   89.699999999999449       0.73189013204866005        1.0941049718530183E-002
   89.799999999999443       0.78606296823719846        1.1677751157055738E-002
   89.899999999999437       0.86855520615351811        1.2785815693637143E-002
   89.999999999999432       0.91992966955082112        1.3035807815195921E-002
   90.099999999999426       0.96694449663499904        1.3187003322059665E-002
   90.199999999999420        1.0495877780737104        1.3774979096994400E-002
   90.299999999999415        1.1446452064962507        1.5010828734452183E-002
   90.399999999999409        1.2164979866843100        1.5180616301500726E-002
   90.499999999999403        1.3250190181041719        1.5824340933258151E-002
   90.599999999999397        1.4049752962981601        1.6058112069447138E-002
   90.699999999999392        1.4737962928784705        1.6337757721251220E-002
   90.799999999999386        1.5967198455072023        1.7073566471153035E-002
   90.899999999999380        1.7260373531312088        1.8663390509784182E-002
   90.999999999999375        1.7626342971155993        1.7440968446851387E-002
   91.099999999999369        1.9378005698578420        2.0090009935296641E-002
   91.199999999999363        1.9785645489707508        1.9167489442386488E-002
   91.299999999999358        2.1247571356721031        2.0612215000121073E-002
   91.399999999999352        2.1704606284725649        2.0853351785892715E-002
   91.499999999999346        2.1893091583148347        2.0954085217499481E-002
   91.599999999999341        2.2034394738112582        2.0570594351408265E-002
   91.699999999999335        2.2106565866811052        2.0928042930110562E-002
   91.799999999999329        2.2105861727989824        2.1129982734275486E-002
   91.899999999999324        2.1034575526828991        1.9963852718326118E-002
   91.999999999999318        2.0393417781770684        1.9809347917942786E-002
   92.099999999999312        1.9859196534961432        2.0062653108367644E-002
   92.199999999999307        1.8530597486898108        1.8806082130381166E-002
   92.299999999999301        1.7576518255396512        1.8167292905478520E-002
   92.399999999999295        1.6598022211281194        1.7538614832120814E-002
   92.499999999999289        1.5696087135276509        1.7016345424507400E-002
   92.599999999999284        1.4755570773469915        1.6631499762992510E-002
   92.699999999999278        1.3438239286139348        1.5354571623495144E-002
   92.799999999999272        1.3015916111813306        1.5287822426075397E-002
   92.899999999999267        1.1971436623453289        1.4592050347636451E-002
   92.999999999999261        1.1535070731659904        1.4479719667792774E-002
   93.099999999999255        1.0462262930571971        1.3292648690031043E-002
   93.199999999999250       0.99495371561857182        1.3125996970117969E-002
   93.299999999999244       0.94150024472551375        1.2721641035259783E-002
   93.399999999999238       0.87215353699112119        1.1834865010950909E-002
   93.499999999999233       0.81496743490225809        1.1023076533957600E-002
   93.599999999999227       0.79451105529799693        1.1501465589874983E-002
   93.699999999999221       0.75755410425678782        1.1017818820450890E-002
   93.799999999999216       0.70596402622925769        1.0176408920247381E-002
   93.899999999999210       0.66721112631590052        9.8946330352389141E-003
   93.999999999999204       0.64964093876522566        9.9306315838204647E-003
   94.099999999999199       0.60651757330177636        9.1954991892464703E-003
   94.199999999999193       0.59415366057467067        9.1562968786882484E-003
   94.299999999999187       0.56207998514123358        8.6170164031028444E-003
   94.399999999999181       0.54319118311837200        8.7164962930417547E-003
   94.499999999999176       0.52075567000930545        7.9986122296828287E-003
   94.599999999999170       0.50333228120198414        8.0244700690684026E-003
   94.699999999999164       0.49566560627361744        7.9610795925556931E-003
   94.799999999999159       0.47297200403391104        7.6544232372177667E-003
   94.899999999999153       0.44152840044499825        6.8688090328922801E-003
   94.999999999999147       0.43050713433209054        6.8490664835446705E-003
   95.099999999999142       0.41649509157046921        6.7905358920774105E-003
   95.199999999999136       0.40157934729474687        6.4746134736650028E-003
   95.299999999999130       0.38933781714783683        5.9968550326916382E-003
   95.399999999999125       0.39055212256529126        6.1862741260318814E-003
   95.499999999999119       0.36739157337949246        5.6103479431472295E-003
   95.599999999999113       0.37271144153244617        5.7997186069843262E-003
   95.699999999999108       0.35630885351156749        5.4719049203539750E-003
   95.799999999999102       0.34275689821570421        5.2797268330540444E-003
   95.899999999999096       0.34241330702343187        5.2052858950811451E-003
   95.999999999999091       0.33693341202630650        5.2331714975901184E-003
   96.099999999999085       0.31954294738325240        4.7808206041731142E-003
   96.199999999999079       0.32298282116245197        4.7662554926448482E-003
   96.299999999999073       0.31518081358694178        4.5823150995497079E-003
   96.399999999999068       0.30442780192302932        4.3555075741024572E-003
   96.499999999999062       0.30385378385024775        4.3850752001585057E-003
   96.599999999999056       0.30401075920562870        4.2615010625507649E-003
   96.699999999999051       0.30434693003782920        4.2939410135484513E-003
   96.799999999999045       0.29769566661800773        4.1539290508155842E-003
   96.899999999999039       0.30262108927249237        4.0333657085164570E-003
   96.999999999999034       0.28956860420807373        3.8594317378010529E-003
   97.099999999999028       0.28497489215965177        3.6150895911156084E-003
   97.199999999999022       0.28809861883658811        3.5998390808708604E-003
   97.299999999999017       0.29196076957678530        3.6328589342102518E-003
   97.399999999999011       0.29039729169030354        3.5419504982753440E-003
   97.499999999999005       0.28887278585388509        3.4328056880123733E-003
   97.599999999999000       0.28985855885747924        3.3657816115970226E-003
   97.699999999998994       0.29173752676584319        3.3874547859554524E-003
   97.799999999998988       0.29455920111677614        3.2035079893614673E-003
   97.899999999998983       0.29381752901037939        3.1238677548182368E-003
   97.999999999998977       0.29877877426178939        3.1112677321962464E-003
   98.099999999998971       0.30018008841366267        2.9941461377530078E-003
   98.199999999998965       0.30469200395635287        3.0210919073113004E-003
   98.299999999998960       0.30749260321470107        2.8933695114988305E-003
   98.399999999998954       0.31743660698894982        2.8863698803115508E-003
   98.499999999998948       0.31878054278572504        2.7492928825576936E-003
   98.599999999998943       0.33011670897806544        2.7752823410808823E-003
   98.699999999998937       0.33651309751894337        2.7162737660221966E-003
   98.799999999998931       0.34615821049706480        2.5942133889623430E-003
   98.899999999998926       0.35990968696054226        2.5494864413946779E-003
   98.999999999998920       0.37622076708380264        2.5180686394860696E-003
   99.099999999998914       0.39149255325244814        2.4762152806099267E-003
   99.199999999998909       0.41287004885910261        2.4274925027935072E-003
   99.299999999998903       0.44397956184459547        2.3898468286005755E-003
   99.399999999998897       0.48106567598715744        2.3610340162165924E-003
   99.499999999998892       0.53294916781856583        2.3278629387805854E-003
   99.599999999998886       0.60300465613566767        2.2962265352766574E-003
   99.699999999998880       0.70853583266678843        2.2468188763478626E-003
   99.799999999998875       0.89403793589493230        2.2035931470616513E-003
   99.899999999998869        1.1245403565568053        1.8538779394161103E-003
