   86.000000000000000       0.13677922987961039        5.7085912960795236E-003
   86.049999999999997       0.13774142250439730        5.3130982924620256E-003
   86.099999999999994       0.15056809882945563        5.6603531072686886E-003
   86.149999999999991       0.14227938374252944        5.4478800636460411E-003
   86.199999999999989       0.15239492995154963        6.2835289304025146E-003
   86.249999999999986       0.15785958461164462        6.7858666023474096E-003
   86.299999999999983       0.16089868879730432        6.7085249823489448E-003
   86.349999999999980       0.15314634821565118        6.0147975178044431E-003
   86.399999999999977       0.15874325992628693        5.9377035522420888E-003
   86.449999999999974       0.17107478970188233        7.0909530140884254E-003
   86.499999999999972       0.16361410392663361        6.6203179670832404E-003
   86.549999999999969       0.17068253631677094        6.7195401043917144E-003
   86.599999999999966       0.17884524402440513        6.9670943281945220E-003
   86.649999999999963       0.16995368239283223        6.6758093582522920E-003
   86.699999999999960       0.19165929316234284        8.5107108768406152E-003
   86.749999999999957       0.18380127192704684        6.9334545843219081E-003
   86.799999999999955       0.17910652793229556        6.2014489030512666E-003
   86.849999999999952       0.19310131495361971        7.3274122156647015E-003
   86.899999999999949       0.19503044354222218        7.9294571174089185E-003
   86.949999999999946       0.19901363644452075        7.2512028291087677E-003
   86.999999999999943       0.19366082433606263        7.1346269888123929E-003
   87.049999999999940       0.19080524352149766        5.9414140333917441E-003
   87.099999999999937       0.19947262574135416        7.0747018755871688E-003
   87.149999999999935       0.20432766201256722        6.8604491841671401E-003
   87.199999999999932       0.21175661082508340        7.5759349631879689E-003
   87.249999999999929       0.21458672486713753        8.4840533199924129E-003
   87.299999999999926       0.23212883869033568        8.9721185638716137E-003
   87.349999999999923       0.22042896955046634        8.1561661326423410E-003
   87.399999999999920       0.23047546620016207        7.9606945496227752E-003
   87.449999999999918       0.23766998456428873        7.9759887669640789E-003
   87.499999999999915       0.23988956242891368        7.9896740402927470E-003
   87.549999999999912       0.24399302985380436        7.9739469785848009E-003
   87.599999999999909       0.24959041046083386        9.4422943067825338E-003
   87.649999999999906       0.26178420706562427        8.8315334498495490E-003
   87.699999999999903       0.25292618032335978        8.7223145412623181E-003
   87.749999999999901       0.26862125571143425        8.5801343049098904E-003
   87.799999999999898       0.26375770548384381        8.1792221103036446E-003
   87.849999999999895       0.28390761635837747        9.3688547824595739E-003
   87.899999999999892       0.28217187519287196        9.8770381555729550E-003
   87.949999999999889       0.29062106202420768        1.0029861246945703E-002
   87.999999999999886       0.29846728338803491        9.3672097402791154E-003
   88.049999999999883       0.30466439651170940        1.0352935023554468E-002
   88.099999999999881       0.32158940362443250        1.0627019176007415E-002
   88.149999999999878       0.31640638146156663        1.0520282781675326E-002
   88.199999999999875       0.31321916867307420        9.1949946441804240E-003
   88.249999999999872       0.33834761473220942        1.0902993230500554E-002
   88.299999999999869       0.31578415636813767        9.6508666447944185E-003
   88.349999999999866       0.34398530843880937        1.0395785479321558E-002
   88.399999999999864       0.37232176715982024        1.1562270677844728E-002
   88.449999999999861       0.34029725379697928        8.8022960810367583E-003
   88.499999999999858       0.37106450551414782        1.0825498021834381E-002
   88.549999999999855       0.37636984320720490        1.1141834049514566E-002
   88.599999999999852       0.39223573708776338        1.1917610932012134E-002
   88.649999999999849       0.38659526918047998        1.0395659097152985E-002
   88.699999999999847       0.42143929334302660        1.2731711263560604E-002
   88.749999999999844       0.41578274598021681        1.0889736700763838E-002
   88.799999999999841       0.41302160300576440        1.1336618391646968E-002
   88.849999999999838       0.44592110081637054        1.1798098855696703E-002
   88.899999999999835       0.45798777047568540        1.2090714833344571E-002
   88.949999999999832       0.45497785680971353        1.1872161049918013E-002
   88.999999999999829       0.48532937011941885        1.2918078792045998E-002
   89.049999999999827       0.48849205140863500        1.2003826911575104E-002
   89.099999999999824       0.52000041488307969        1.3723056975218008E-002
   89.149999999999821       0.53287177481986658        1.3880017627588564E-002
   89.199999999999818       0.52181613051180364        1.2769804057553263E-002
   89.249999999999815       0.54357168304215009        1.3485400272620292E-002
   89.299999999999812       0.56948701461583084        1.3621931221693043E-002
   89.349999999999810       0.58792814912499958        1.4566146323727156E-002
   89.399999999999807       0.62816847064068315        1.5538205171901045E-002
   89.449999999999804       0.61358847132412586        1.5106682406587911E-002
   89.499999999999801       0.63276274648850905        1.4108855239884095E-002
   89.549999999999798       0.65452282549891205        1.5296330080248076E-002
   89.599999999999795       0.71211700660763189        1.7132684903272265E-002
   89.649999999999793       0.69957998373271701        1.4967175245090468E-002
   89.699999999999790       0.71794788971218049        1.5136875877377859E-002
   89.749999999999787       0.74583237438513328        1.5804405930098714E-002
   89.799999999999784       0.76889319525373068        1.6494914887438303E-002
   89.849999999999781       0.80323274122067623        1.6537448856084668E-002
   89.899999999999778       0.87167617926624708        1.8502974762507514E-002
   89.949999999999775       0.86543423304079548        1.7653841501047349E-002
   89.999999999999773       0.91570151331231453        1.9122898160421658E-002
   90.049999999999770       0.92415782578932382        1.7724760944244865E-002
   90.099999999999767       0.95962234140762226        1.8994289322806439E-002
   90.149999999999764       0.97426665186241357        1.8301403135183955E-002
   90.199999999999761        1.0254722968169723        1.8736945747663217E-002
   90.249999999999758        1.0737032593304405        2.0201173507313507E-002
   90.299999999999756        1.1216528408364888        2.0737087479290584E-002
   90.349999999999753        1.1676375721560153        2.1713218423897999E-002
   90.399999999999750        1.1947827210303736        2.0557157105982750E-002
   90.449999999999747        1.2382132523382370        2.2347778120797423E-002
   90.499999999999744        1.2952452218381163        2.1829197990047199E-002
   90.549999999999741        1.3547928143702248        2.2921185300739340E-002
   90.599999999999739        1.3887632381934185        2.3075547559620588E-002
   90.649999999999736        1.4211873544028923        2.2344090810628384E-002
   90.699999999999733        1.4292022545607537        2.2677691368277672E-002
   90.749999999999730        1.5183903311961764        2.3531418606914104E-002
   90.799999999999727        1.5295796328049376        2.3308673774601801E-002
   90.849999999999724        1.6638600582094456        2.4962032249577677E-002
   90.899999999999721        1.7075530489902493        2.5954189973247006E-002
   90.949999999999719        1.7445216572722588        2.6834724282465888E-002
   90.999999999999716        1.7350064888732777        2.4476377887301788E-002
   91.049999999999713        1.7902621053578716        2.4861794032762487E-002
   91.099999999999710        1.9299718840071485        2.8267134619461134E-002
   91.149999999999707        1.9456292557084827        2.8564837713084868E-002
   91.199999999999704        1.9454706089417049        2.6744400114161116E-002
   91.249999999999702        2.0116584889997737        2.7475036385238457E-002
   91.299999999999699        2.0636695608173583        2.8268276849228040E-002
   91.349999999999696        2.1858447105268470        3.0016913344158024E-002
   91.399999999999693        2.1889557506162953        3.0577120785068489E-002
   91.449999999999690        2.1519655063288354        2.8375602614050553E-002
   91.499999999999687        2.1611818501034099        2.8853426888598353E-002
   91.549999999999685        2.2174364665262702        3.0405138126271304E-002
   91.599999999999682        2.1674894016707769        2.8524351549320478E-002
   91.649999999999679        2.2393895459517652        2.9659158141798779E-002
   91.699999999999676        2.2260270155666313        3.0086416881749241E-002
   91.749999999999673        2.1952861577955498        2.9111013742864917E-002
   91.799999999999670        2.1966743188974545        2.9114789256929594E-002
   91.849999999999667        2.2244980267005992        3.0642215441951764E-002
   91.899999999999665        2.1116405233879751        2.8317060673766277E-002
   91.949999999999662        2.0952745819778897        2.8160434800760269E-002
   91.999999999999659        2.0668320297630500        2.8758683327372903E-002
   92.049999999999656        2.0118515265910317        2.7261415252417136E-002
   92.099999999999653        2.0069610530801509        2.8093424101672031E-002
   92.149999999999650        1.9648782539121716        2.8659623489449879E-002
   92.199999999999648        1.8833959408020149        2.6283789133285093E-002
   92.249999999999645        1.8227235565776101        2.6913514763979265E-002
   92.299999999999642        1.8120781678431099        2.6924578939751413E-002
   92.349999999999639        1.7032254832361922        2.4407348399783577E-002
   92.399999999999636        1.6888746943737574        2.5420062027345744E-002
   92.449999999999633        1.6307297478824514        2.4179197200308693E-002
   92.499999999999631        1.5822229414222073        2.3589762852501701E-002
   92.549999999999628        1.5569944856330773        2.4537846394438723E-002
   92.599999999999625        1.5155374945994176        2.4107286915984009E-002
   92.649999999999622        1.4355766600945725        2.2925590639262059E-002
   92.699999999999619        1.3538097340447313        2.1481318815729504E-002
   92.749999999999616        1.3338381231831291        2.1951478333981068E-002
   92.799999999999613        1.3164901295598945        2.1381147536028971E-002
   92.849999999999611        1.2866930928027831        2.1862371326216993E-002
   92.899999999999608        1.2062066708993815        2.1342882858312609E-002
   92.949999999999605        1.1880806537912729        1.9909841492251605E-002
   92.999999999999602        1.1698629866020573        2.0453051441454762E-002
   93.049999999999599        1.1371511597298896        2.0506475846137497E-002
   93.099999999999596        1.0549236169005887        1.8712099319855457E-002
   93.149999999999594        1.0375289692138241        1.8889011992268247E-002
   93.199999999999591        1.0103258052027475        1.8578543132754324E-002
   93.249999999999588       0.97958162603440924        1.8551254787369978E-002
   93.299999999999585       0.96342304135770762        1.8187397395398888E-002
   93.349999999999582       0.91957744809330855        1.7796297413319329E-002
   93.399999999999579       0.87831828985315918        1.6518278843264612E-002
   93.449999999999577       0.86598878412905789        1.6956218754421496E-002
   93.499999999999574       0.83145586303974073        1.5632523082940372E-002
   93.549999999999571       0.79847900676477368        1.5548433150885861E-002
   93.599999999999568       0.81989131143622618        1.7343970925648228E-002
   93.649999999999565       0.76913079915978655        1.5113350144905233E-002
   93.699999999999562       0.76532703028377169        1.5819831439925384E-002
   93.749999999999559       0.74978117822980972        1.5342288883382404E-002
   93.799999999999557       0.69609629548704144        1.3557479086692014E-002
   93.849999999999554       0.71583175697146340        1.5182375387822578E-002
   93.899999999999551       0.68014467239256216        1.4221752224575498E-002
   93.949999999999548       0.65427758023924687        1.3763052815852004E-002
   93.999999999999545       0.66407469130907315        1.4567592958490534E-002
   94.049999999999542       0.63520718622139127        1.3502460590321695E-002
   94.099999999999540       0.61890679775839141        1.3414976803410148E-002
   94.149999999999537       0.59412834884515542        1.2582558155628950E-002
   94.199999999999534       0.61407198853007328        1.3531263357531064E-002
   94.249999999999531       0.57423533261925175        1.2341286631948370E-002
   94.299999999999528       0.56900773661209736        1.2066423049701857E-002
   94.349999999999525       0.55515223367036903        1.2306881214168433E-002
   94.399999999999523       0.53575622221186670        1.1639876371459905E-002
   94.449999999999520       0.55062614402486287        1.2979424900131051E-002
   94.499999999999517       0.52625722099247352        1.1681523004230617E-002
   94.549999999999514       0.51525411902614593        1.0931271665039167E-002
   94.599999999999511       0.50439512493009164        1.1209598038276300E-002
   94.649999999999508       0.50226943747386654        1.1486961590213793E-002
   94.699999999999505       0.49775926532700521        1.1245858890065345E-002
   94.749999999999503       0.49357194722023257        1.1273047070601970E-002
   94.799999999999500       0.48228325700229774        1.1640451423372580E-002
   94.849999999999497       0.46366075106552063        9.9445078842944484E-003
   94.899999999999494       0.44211022848362080        9.8742924641628069E-003
   94.949999999999491       0.44094657240637791        9.5524284517566685E-003
   94.999999999999488       0.42564268647045256        9.7252330426441744E-003
   95.049999999999486       0.43537158219373162        9.6480918760516402E-003
   95.099999999999483       0.43091331088327611        1.0040206660690729E-002
   95.149999999999480       0.40207687225765965        9.1468570323743736E-003
   95.199999999999477       0.40664066659869236        9.5059284937926286E-003
   95.249999999999474       0.39651802799079860        8.7945030587975991E-003
   95.299999999999471       0.39313966058576472        8.5310868673879603E-003
   95.349999999999469       0.38553597370992015        8.4315901011784000E-003
   95.399999999999466       0.38701330877833018        8.4923462966969027E-003
   95.449999999999463       0.39409093635225101        8.9990119717301732E-003
   95.499999999999460       0.37097149065801344        8.0055388607010950E-003
   95.549999999999457       0.36381165610097566        7.8635245919140197E-003
   95.599999999999454       0.37998626088353143        8.5845130361436282E-003
   95.649999999999451       0.36543662218135964        7.8021344806416832E-003
   95.699999999999449       0.35601672687414143        7.5826863951887003E-003
   95.749999999999446       0.35660098014899366        7.8922956061523650E-003
   95.799999999999443       0.34715132694712114        7.5545639727898741E-003
   95.849999999999440       0.33836246948428422        7.3788706106528885E-003
   95.899999999999437       0.34213423680422006        7.3083268901530047E-003
   95.949999999999434       0.34269237724264245        7.4152166631830420E-003
