  0.59999999999999998        14.469332738402265       0.23455579237091806     
  0.60599999999999998        14.769484844352235       0.23691989198083765     
  0.61199999999999999        14.478951851091285       0.21640373275772098     
  0.61799999999999999        14.298102417510334       0.20586250523789615     
  0.62400000000000000        14.533254632164697       0.21482831321737805     
  0.63000000000000000        15.369696589543475       0.23849024736412561     
  0.63600000000000001        15.449827847446576       0.23885656739345348     
  0.64200000000000002        15.746599952406001       0.24851662663013105     
  0.64800000000000002        16.113474439768268       0.24409552566549683     
  0.65400000000000003        16.099640334740947       0.24410776813134483     
  0.66000000000000003        16.304984088532500       0.24199595462915108     
  0.66600000000000004        16.306992944913340       0.24133534717563432     
  0.67200000000000004        17.076222507539917       0.25091883021242001     
  0.67800000000000005        17.146070469530049       0.26330185532937561     
  0.68400000000000005        17.546989163349245       0.25220671494818275     
  0.69000000000000006        17.683603432917504       0.27131251720992083     
  0.69600000000000006        17.471500918170950       0.26175695956305500     
  0.70200000000000007        18.055636156469259       0.25974265129783530     
  0.70800000000000007        18.097263557582242       0.26504068481935955     
  0.71400000000000008        18.444382359111366       0.26076083374450065     
  0.72000000000000008        18.675871706409513       0.26253112653558230     
  0.72600000000000009        18.664666540070545       0.26630528294451783     
  0.73200000000000010        18.609635574174558       0.24473324129604951     
  0.73800000000000010        19.560440208938566       0.27384124491871964     
  0.74400000000000011        19.939305369091517       0.27307396231716130     
  0.75000000000000011        20.528179260863674       0.29855776870354112     
  0.75600000000000012        20.383763219130746       0.28886206107453055     
  0.76200000000000012        20.499849922056292       0.27000431854327789     
  0.76800000000000013        21.548662563369032       0.29560951488688747     
  0.77400000000000013        21.084977744989960       0.28505760692699850     
  0.78000000000000014        21.045773428754941       0.27518302866476263     
  0.78600000000000014        21.379394798034220       0.27689846270102825     
  0.79200000000000015        22.333618170812230       0.29310090193547589     
  0.79800000000000015        21.938501627757141       0.29234574205696462     
  0.80400000000000016        22.584874782282892       0.29813907080927976     
  0.81000000000000016        22.441743889866885       0.28673184348245701     
  0.81600000000000017        22.905218506264458       0.29694299343733460     
  0.82200000000000017        23.614639144111070       0.31796488104097359     
  0.82800000000000018        23.197981366644186       0.28607016563904109     
  0.83400000000000019        23.932175198234283       0.29975881650581432     
  0.84000000000000019        24.235825826821642       0.30399882680168999     
  0.84600000000000020        25.093311927568990       0.31770104612429895     
  0.85200000000000020        25.532546333828499       0.31663860120009385     
  0.85800000000000021        25.960797450794239       0.32452537578930651     
  0.86400000000000021        25.829214012757696       0.30037732149978552     
  0.87000000000000022        26.664879401461437       0.31216825415439964     
  0.87600000000000022        26.361400210282483       0.32484541979123949     
  0.88200000000000023        27.998934680673930       0.33876602004934364     
  0.88800000000000023        27.543186587978635       0.32265067475230574     
  0.89400000000000024        28.385589439830660       0.32874815040103816     
  0.90000000000000024        29.492027089965951       0.33228251177265961     
  0.90600000000000025        29.987999742599627       0.33073394202150153     
  0.91200000000000025        31.285941477555458       0.36027385886678598     
  0.91800000000000026        31.989466356256870       0.35003511010377497     
  0.92400000000000027        32.676721911349752       0.34967950653217822     
  0.93000000000000027        33.424468337897963       0.34850690292012310     
  0.93600000000000028        34.621366570088661       0.36784327533208327     
  0.94200000000000028        35.912630356241209       0.35750602621906147     
  0.94800000000000029        37.644589093811561       0.38242672017484031     
  0.95400000000000029        39.599088157747687       0.38756035678140888     
  0.96000000000000030        41.728766202941976       0.40404873517625239     
  0.96600000000000030        44.787724638208999       0.43932767264721323     
  0.97200000000000031        46.770976820541890       0.43916448841658057     
  0.97800000000000031        50.611592230740378       0.46176390504960446     
  0.98400000000000032        52.967844429566128       0.47485579765835395     
  0.99000000000000032        53.889815662176446       0.48876232852748341     
  0.99600000000000022        50.693114633631666       0.47860149946523867     
   1.0020000000000002        39.480301121966335       0.38821058610788012     
   1.0080000000000002        30.123771875084770       0.32873971184606998     
   1.0140000000000002        22.701112913916653       0.26355040443702993     
   1.0200000000000002        18.387545629225041       0.22505517132435623     
   1.0260000000000002        14.956917289476449       0.18431414103645760     
   1.0320000000000003        12.915176551703878       0.15398702369330095     
   1.0380000000000003        11.287411938396410       0.12719878430479234     
   1.0440000000000003        10.243353258636283       0.11197712218740405     
   1.0500000000000003        9.2400536285719461        9.4008084041410089E-002
   1.0560000000000003        8.5889528264829789        8.1402605004463530E-002
   1.0620000000000003        8.0488138732257379        7.2717200090620063E-002
   1.0680000000000003        7.6151262407620477        6.2533383384240707E-002
   1.0740000000000003        7.1777138376194758        5.2054455750282329E-002
   1.0800000000000003        6.7279004520865602        4.2959269086014405E-002
   1.0860000000000003        5.8751192093818361        3.1610291062092885E-002
   1.0920000000000003       0.49141420741730618        5.8600703496360183E-003
   1.0980000000000003        0.0000000000000000        0.0000000000000000     
   1.1040000000000003        0.0000000000000000        0.0000000000000000     
   1.1100000000000003        0.0000000000000000        0.0000000000000000     
   1.1160000000000003        0.0000000000000000        0.0000000000000000     
   1.1220000000000003        0.0000000000000000        0.0000000000000000     
   1.1280000000000003        0.0000000000000000        0.0000000000000000     
   1.1340000000000003        0.0000000000000000        0.0000000000000000     
   1.1400000000000003        0.0000000000000000        0.0000000000000000     
   1.1460000000000004        0.0000000000000000        0.0000000000000000     
   1.1520000000000004        0.0000000000000000        0.0000000000000000     
   1.1580000000000004        0.0000000000000000        0.0000000000000000     
   1.1640000000000004        0.0000000000000000        0.0000000000000000     
   1.1700000000000004        0.0000000000000000        0.0000000000000000     
   1.1760000000000004        0.0000000000000000        0.0000000000000000     
   1.1820000000000004        0.0000000000000000        0.0000000000000000     
   1.1880000000000004        0.0000000000000000        0.0000000000000000     
   1.1940000000000004        0.0000000000000000        0.0000000000000000     
   1.2000000000000004        0.0000000000000000        0.0000000000000000     
   1.2060000000000004        0.0000000000000000        0.0000000000000000     
   1.2120000000000004        0.0000000000000000        0.0000000000000000     
   1.2180000000000004        0.0000000000000000        0.0000000000000000     
   1.2240000000000004        0.0000000000000000        0.0000000000000000     
   1.2300000000000004        0.0000000000000000        0.0000000000000000     
   1.2360000000000004        0.0000000000000000        0.0000000000000000     
   1.2420000000000004        0.0000000000000000        0.0000000000000000     
   1.2480000000000004        0.0000000000000000        0.0000000000000000     
   1.2540000000000004        0.0000000000000000        0.0000000000000000     
   1.2600000000000005        0.0000000000000000        0.0000000000000000     
   1.2660000000000005        0.0000000000000000        0.0000000000000000     
   1.2720000000000005        0.0000000000000000        0.0000000000000000     
   1.2780000000000005        0.0000000000000000        0.0000000000000000     
   1.2840000000000005        0.0000000000000000        0.0000000000000000     
   1.2900000000000005        0.0000000000000000        0.0000000000000000     
   1.2960000000000005        0.0000000000000000        0.0000000000000000     
   1.3020000000000005        0.0000000000000000        0.0000000000000000     
   1.3080000000000005        0.0000000000000000        0.0000000000000000     
   1.3140000000000005        0.0000000000000000        0.0000000000000000     
   1.3200000000000005        0.0000000000000000        0.0000000000000000     
   1.3260000000000005        0.0000000000000000        0.0000000000000000     
   1.3320000000000005        0.0000000000000000        0.0000000000000000     
   1.3380000000000005        0.0000000000000000        0.0000000000000000     
   1.3440000000000005        0.0000000000000000        0.0000000000000000     
   1.3500000000000005        0.0000000000000000        0.0000000000000000     
   1.3560000000000005        0.0000000000000000        0.0000000000000000     
   1.3620000000000005        0.0000000000000000        0.0000000000000000     
   1.3680000000000005        0.0000000000000000        0.0000000000000000     
   1.3740000000000006        0.0000000000000000        0.0000000000000000     
   1.3800000000000006        0.0000000000000000        0.0000000000000000     
   1.3860000000000006        0.0000000000000000        0.0000000000000000     
   1.3920000000000006        0.0000000000000000        0.0000000000000000     
   1.3980000000000006        0.0000000000000000        0.0000000000000000     
   1.4040000000000006        0.0000000000000000        0.0000000000000000     
   1.4100000000000006        0.0000000000000000        0.0000000000000000     
   1.4160000000000006        0.0000000000000000        0.0000000000000000     
   1.4220000000000006        0.0000000000000000        0.0000000000000000     
   1.4280000000000006        0.0000000000000000        0.0000000000000000     
   1.4340000000000006        0.0000000000000000        0.0000000000000000     
   1.4400000000000006        0.0000000000000000        0.0000000000000000     
   1.4460000000000006        0.0000000000000000        0.0000000000000000     
   1.4520000000000006        0.0000000000000000        0.0000000000000000     
   1.4580000000000006        0.0000000000000000        0.0000000000000000     
   1.4640000000000006        0.0000000000000000        0.0000000000000000     
   1.4700000000000006        0.0000000000000000        0.0000000000000000     
   1.4760000000000006        0.0000000000000000        0.0000000000000000     
   1.4820000000000007        0.0000000000000000        0.0000000000000000     
   1.4880000000000007        0.0000000000000000        0.0000000000000000     
   1.4940000000000007        0.0000000000000000        0.0000000000000000     
   1.5000000000000007        0.0000000000000000        0.0000000000000000     
   1.5060000000000007        0.0000000000000000        0.0000000000000000     
   1.5120000000000007        0.0000000000000000        0.0000000000000000     
   1.5180000000000007        0.0000000000000000        0.0000000000000000     
   1.5240000000000007        0.0000000000000000        0.0000000000000000     
   1.5300000000000007        0.0000000000000000        0.0000000000000000     
   1.5360000000000007        0.0000000000000000        0.0000000000000000     
   1.5420000000000007        0.0000000000000000        0.0000000000000000     
   1.5480000000000007        0.0000000000000000        0.0000000000000000     
   1.5540000000000007        0.0000000000000000        0.0000000000000000     
   1.5600000000000007        0.0000000000000000        0.0000000000000000     
   1.5660000000000007        0.0000000000000000        0.0000000000000000     
   1.5720000000000007        0.0000000000000000        0.0000000000000000     
   1.5780000000000007        0.0000000000000000        0.0000000000000000     
   1.5840000000000007        0.0000000000000000        0.0000000000000000     
   1.5900000000000007        0.0000000000000000        0.0000000000000000     
   1.5960000000000008        0.0000000000000000        0.0000000000000000     
   1.6020000000000008        0.0000000000000000        0.0000000000000000     
   1.6080000000000008        0.0000000000000000        0.0000000000000000     
   1.6140000000000008        0.0000000000000000        0.0000000000000000     
   1.6200000000000008        0.0000000000000000        0.0000000000000000     
   1.6260000000000008        0.0000000000000000        0.0000000000000000     
   1.6320000000000008        0.0000000000000000        0.0000000000000000     
   1.6380000000000008        0.0000000000000000        0.0000000000000000     
   1.6440000000000008        0.0000000000000000        0.0000000000000000     
   1.6500000000000008        0.0000000000000000        0.0000000000000000     
   1.6560000000000008        0.0000000000000000        0.0000000000000000     
   1.6620000000000008        0.0000000000000000        0.0000000000000000     
   1.6680000000000008        0.0000000000000000        0.0000000000000000     
   1.6740000000000008        0.0000000000000000        0.0000000000000000     
   1.6800000000000008        0.0000000000000000        0.0000000000000000     
   1.6860000000000008        0.0000000000000000        0.0000000000000000     
   1.6920000000000008        0.0000000000000000        0.0000000000000000     
   1.6980000000000008        0.0000000000000000        0.0000000000000000     
   1.7040000000000008        0.0000000000000000        0.0000000000000000     
   1.7100000000000009        0.0000000000000000        0.0000000000000000     
   1.7160000000000009        0.0000000000000000        0.0000000000000000     
   1.7220000000000009        0.0000000000000000        0.0000000000000000     
   1.7280000000000009        0.0000000000000000        0.0000000000000000     
   1.7340000000000009        0.0000000000000000        0.0000000000000000     
   1.7400000000000009        0.0000000000000000        0.0000000000000000     
   1.7460000000000009        0.0000000000000000        0.0000000000000000     
   1.7520000000000009        0.0000000000000000        0.0000000000000000     
   1.7580000000000009        0.0000000000000000        0.0000000000000000     
   1.7640000000000009        0.0000000000000000        0.0000000000000000     
   1.7700000000000009        0.0000000000000000        0.0000000000000000     
   1.7760000000000009        0.0000000000000000        0.0000000000000000     
   1.7820000000000009        0.0000000000000000        0.0000000000000000     
   1.7880000000000009        0.0000000000000000        0.0000000000000000     
   1.7940000000000009        0.0000000000000000        0.0000000000000000     
