  0.59999999999999998        0.0000000000000000        0.0000000000000000     
  0.60599999999999998        0.0000000000000000        0.0000000000000000     
  0.61199999999999999        0.0000000000000000        0.0000000000000000     
  0.61799999999999999        7.7593875583276076E-003   6.9231957012609881E-005
  0.62400000000000000        2.3574155012814679E-002   1.2073261227574666E-004
  0.63000000000000000        2.3616257842400352E-002   1.1876577372973982E-004
  0.63600000000000001        2.3650443640499761E-002   1.1755780019091590E-004
  0.64200000000000002        2.3689044079749897E-002   1.1592482377500754E-004
  0.64800000000000002        2.3552639001052058E-002   1.1458533389343017E-004
  0.65400000000000003        2.3624456086704375E-002   1.1329883311429463E-004
  0.66000000000000003        2.3617079690468289E-002   1.1211256422205906E-004
  0.66600000000000004        2.3660036459732810E-002   1.1139029723463169E-004
  0.67200000000000004        2.3711337503908036E-002   1.1029851943164979E-004
  0.67800000000000005        2.3821355566316739E-002   1.0952021871927649E-004
  0.68400000000000005        2.3740405995762139E-002   1.0820132611093259E-004
  0.69000000000000006        2.3675676769511406E-002   1.0727636095448350E-004
  0.69600000000000006        2.3994467514996485E-002   1.0741939079706182E-004
  0.70200000000000007        2.4152594123516953E-002   1.0710883570503818E-004
  0.70800000000000007        2.4121056589112864E-002   1.0619342753874001E-004
  0.71400000000000008        2.4119178241856748E-002   1.0569895647407749E-004
  0.72000000000000008        2.4064163488502960E-002   1.0477086489930458E-004
  0.72600000000000009        2.4354876834559051E-002   1.0506255267416932E-004
  0.73200000000000010        2.4478518641580165E-002   1.0486987126808662E-004
  0.73800000000000010        2.4453137314628288E-002   1.0427175435833122E-004
  0.74400000000000011        2.4596154873730229E-002   1.0416221055163527E-004
  0.75000000000000011        2.4720973778400466E-002   1.0411496768473051E-004
  0.75600000000000012        2.4726382383629113E-002   1.0355719371552745E-004
  0.76200000000000012        2.4717697391020352E-002   1.0309680115412698E-004
  0.76800000000000013        2.4852651977417449E-002   1.0293648273799239E-004
  0.77400000000000013        2.5135827478944970E-002   1.0347871199678378E-004
  0.78000000000000014        2.5256252664359755E-002   1.0329991282255753E-004
  0.78600000000000014        2.5329750715484968E-002   1.0324451466512698E-004
  0.79200000000000015        2.5489410861012998E-002   1.0327087830340641E-004
  0.79800000000000015        2.5389784479759724E-002   1.0273463325583327E-004
  0.80400000000000016        2.5665567148895726E-002   1.0308234729988719E-004
  0.81000000000000016        2.5885643707537320E-002   1.0327618103015937E-004
  0.81600000000000017        2.5959666118785134E-002   1.0327447553130823E-004
  0.82200000000000017        2.6364001276258053E-002   1.0399940936439703E-004
  0.82800000000000018        2.6370167426619340E-002   1.0372910403075802E-004
  0.83400000000000019        2.6456184491843705E-002   1.0376390677118340E-004
  0.84000000000000019        2.6452457190867102E-002   1.0356203037860647E-004
  0.84600000000000020        2.6928111236250867E-002   1.0437659236355464E-004
  0.85200000000000020        2.7018037122841433E-002   1.0453622172179518E-004
  0.85800000000000021        2.7612578716479382E-002   1.0555575150977188E-004
  0.86400000000000021        2.7494598137246497E-002   1.0516132282672365E-004
  0.87000000000000022        2.7654736358637574E-002   1.0532382454081342E-004
  0.87600000000000022        2.7939471880387205E-002   1.0568556217712381E-004
  0.88200000000000023        2.7981220702448701E-002   1.0569931852466878E-004
  0.88800000000000023        2.8342379503412916E-002   1.0633438246759770E-004
  0.89400000000000024        2.8401738776127092E-002   1.0628385884487893E-004
  0.90000000000000024        2.8752077936127867E-002   1.0694178586419409E-004
  0.90600000000000025        2.8922318231042070E-002   1.0722849069859124E-004
  0.91200000000000025        2.9204522841624104E-002   1.0768113058034678E-004
  0.91800000000000026        2.9303068748768684E-002   1.0780737385061502E-004
  0.92400000000000027        2.9810248410368341E-002   1.0877582559607843E-004
  0.93000000000000027        3.0047202549308816E-002   1.0905497001573301E-004
  0.93600000000000028        3.0521327998700203E-002   1.0995838661437522E-004
  0.94200000000000028        3.0856562838549203E-002   1.1047520138914015E-004
  0.94800000000000029        3.1179793097709602E-002   1.1103704060621544E-004
  0.95400000000000029        3.1470947390138074E-002   1.1159341964861317E-004
  0.96000000000000030        3.1614042450579791E-002   1.1183473859017329E-004
  0.96600000000000030        3.2008416382980687E-002   1.1258198420816070E-004
  0.97200000000000031        3.2388345116769038E-002   1.1315336766924372E-004
  0.97800000000000031        3.2940981025276067E-002   1.1408995840727884E-004
  0.98400000000000032        3.3321184166138544E-002   1.1482146251977651E-004
  0.99000000000000032        3.3844728450780570E-002   1.1564726078347503E-004
  0.99600000000000022        3.4250922456221487E-002   1.1647198393714998E-004
   1.0020000000000002        3.4737718832575357E-002   1.1727562152574422E-004
   1.0080000000000002        3.5467198994258237E-002   1.1851139599590349E-004
   1.0140000000000002        3.5847027148287518E-002   1.1909875722096215E-004
   1.0200000000000002        3.6409029138401813E-002   1.2012739659242853E-004
   1.0260000000000002        3.7274034186713455E-002   1.2151471792922772E-004
   1.0320000000000003        3.8023173615488189E-002   1.2277999369202694E-004
   1.0380000000000003        3.8736992352185584E-002   1.2380143486634816E-004
   1.0440000000000003        3.9439153366567829E-002   1.2499348754315063E-004
   1.0500000000000003        4.0666389821696951E-002   1.2680640273448606E-004
   1.0560000000000003        4.1476989242194215E-002   1.2813769447299878E-004
   1.0620000000000003        4.2541693222300177E-002   1.2967450134227299E-004
   1.0680000000000003        4.3664745984008810E-002   1.3127360200738394E-004
   1.0740000000000003        4.5189890795074503E-002   1.3337997899095120E-004
   1.0800000000000003        4.6380334402350447E-002   1.3486158380368967E-004
   1.0860000000000003        4.8304131491655279E-002   1.3738591219300504E-004
   1.0920000000000003        5.0157485290050215E-002   1.3953292438301300E-004
   1.0980000000000003        5.1886805280560104E-002   1.4116897433389913E-004
   1.1040000000000003        5.4482201509631137E-002   1.4378292248858301E-004
   1.1100000000000003        5.6863600477253390E-002   1.4551809765023740E-004
   1.1160000000000003        5.8911363574275892E-002   1.4612067385829161E-004
   1.1220000000000003        6.0366152122020213E-002   1.4494173276151419E-004
   1.1280000000000003        5.8858804497672113E-002   1.3869876636384129E-004
   1.1340000000000003        5.1353102973082577E-002   1.2343907206736573E-004
   1.1400000000000003        3.7526239277430450E-002   9.7925748349292401E-005
   1.1460000000000004        2.2839906335927418E-002   6.8376132424198096E-005
   1.1520000000000004        1.2398443586867565E-002   4.3099023978247470E-005
   1.1580000000000004        6.2163570030829727E-003   2.4667186308509134E-005
   1.1640000000000004        2.8171628390828195E-003   1.2375547654858982E-005
   1.1700000000000004        1.0171620074518849E-003   4.8133961934840366E-006
   1.1760000000000004        1.6477504598355294E-004   9.4651800813855369E-007
   1.1820000000000004        0.0000000000000000        0.0000000000000000     
   1.1880000000000004        0.0000000000000000        0.0000000000000000     
   1.1940000000000004        0.0000000000000000        0.0000000000000000     
   1.2000000000000004        0.0000000000000000        0.0000000000000000     
   1.2060000000000004        0.0000000000000000        0.0000000000000000     
   1.2120000000000004        0.0000000000000000        0.0000000000000000     
   1.2180000000000004        0.0000000000000000        0.0000000000000000     
   1.2240000000000004        0.0000000000000000        0.0000000000000000     
   1.2300000000000004        0.0000000000000000        0.0000000000000000     
   1.2360000000000004        0.0000000000000000        0.0000000000000000     
   1.2420000000000004        0.0000000000000000        0.0000000000000000     
   1.2480000000000004        0.0000000000000000        0.0000000000000000     
   1.2540000000000004        0.0000000000000000        0.0000000000000000     
   1.2600000000000005        0.0000000000000000        0.0000000000000000     
   1.2660000000000005        0.0000000000000000        0.0000000000000000     
   1.2720000000000005        0.0000000000000000        0.0000000000000000     
   1.2780000000000005        0.0000000000000000        0.0000000000000000     
   1.2840000000000005        0.0000000000000000        0.0000000000000000     
   1.2900000000000005        0.0000000000000000        0.0000000000000000     
   1.2960000000000005        0.0000000000000000        0.0000000000000000     
   1.3020000000000005        0.0000000000000000        0.0000000000000000     
   1.3080000000000005        0.0000000000000000        0.0000000000000000     
   1.3140000000000005        0.0000000000000000        0.0000000000000000     
   1.3200000000000005        0.0000000000000000        0.0000000000000000     
   1.3260000000000005        0.0000000000000000        0.0000000000000000     
   1.3320000000000005        0.0000000000000000        0.0000000000000000     
   1.3380000000000005        0.0000000000000000        0.0000000000000000     
   1.3440000000000005        0.0000000000000000        0.0000000000000000     
   1.3500000000000005        0.0000000000000000        0.0000000000000000     
   1.3560000000000005        0.0000000000000000        0.0000000000000000     
   1.3620000000000005        0.0000000000000000        0.0000000000000000     
   1.3680000000000005        0.0000000000000000        0.0000000000000000     
   1.3740000000000006        0.0000000000000000        0.0000000000000000     
   1.3800000000000006        0.0000000000000000        0.0000000000000000     
   1.3860000000000006        0.0000000000000000        0.0000000000000000     
   1.3920000000000006        0.0000000000000000        0.0000000000000000     
   1.3980000000000006        0.0000000000000000        0.0000000000000000     
   1.4040000000000006        0.0000000000000000        0.0000000000000000     
   1.4100000000000006        0.0000000000000000        0.0000000000000000     
   1.4160000000000006        0.0000000000000000        0.0000000000000000     
   1.4220000000000006        0.0000000000000000        0.0000000000000000     
   1.4280000000000006        0.0000000000000000        0.0000000000000000     
   1.4340000000000006        0.0000000000000000        0.0000000000000000     
   1.4400000000000006        0.0000000000000000        0.0000000000000000     
   1.4460000000000006        0.0000000000000000        0.0000000000000000     
   1.4520000000000006        0.0000000000000000        0.0000000000000000     
   1.4580000000000006        0.0000000000000000        0.0000000000000000     
   1.4640000000000006        0.0000000000000000        0.0000000000000000     
   1.4700000000000006        0.0000000000000000        0.0000000000000000     
   1.4760000000000006        0.0000000000000000        0.0000000000000000     
   1.4820000000000007        0.0000000000000000        0.0000000000000000     
   1.4880000000000007        0.0000000000000000        0.0000000000000000     
   1.4940000000000007        0.0000000000000000        0.0000000000000000     
   1.5000000000000007        0.0000000000000000        0.0000000000000000     
   1.5060000000000007        0.0000000000000000        0.0000000000000000     
   1.5120000000000007        0.0000000000000000        0.0000000000000000     
   1.5180000000000007        0.0000000000000000        0.0000000000000000     
   1.5240000000000007        0.0000000000000000        0.0000000000000000     
   1.5300000000000007        0.0000000000000000        0.0000000000000000     
   1.5360000000000007        0.0000000000000000        0.0000000000000000     
   1.5420000000000007        0.0000000000000000        0.0000000000000000     
   1.5480000000000007        0.0000000000000000        0.0000000000000000     
   1.5540000000000007        0.0000000000000000        0.0000000000000000     
   1.5600000000000007        0.0000000000000000        0.0000000000000000     
   1.5660000000000007        0.0000000000000000        0.0000000000000000     
   1.5720000000000007        0.0000000000000000        0.0000000000000000     
   1.5780000000000007        0.0000000000000000        0.0000000000000000     
   1.5840000000000007        0.0000000000000000        0.0000000000000000     
   1.5900000000000007        0.0000000000000000        0.0000000000000000     
   1.5960000000000008        0.0000000000000000        0.0000000000000000     
   1.6020000000000008        0.0000000000000000        0.0000000000000000     
   1.6080000000000008        0.0000000000000000        0.0000000000000000     
   1.6140000000000008        0.0000000000000000        0.0000000000000000     
   1.6200000000000008        0.0000000000000000        0.0000000000000000     
   1.6260000000000008        0.0000000000000000        0.0000000000000000     
   1.6320000000000008        0.0000000000000000        0.0000000000000000     
   1.6380000000000008        0.0000000000000000        0.0000000000000000     
   1.6440000000000008        0.0000000000000000        0.0000000000000000     
   1.6500000000000008        0.0000000000000000        0.0000000000000000     
   1.6560000000000008        0.0000000000000000        0.0000000000000000     
   1.6620000000000008        0.0000000000000000        0.0000000000000000     
   1.6680000000000008        0.0000000000000000        0.0000000000000000     
   1.6740000000000008        0.0000000000000000        0.0000000000000000     
   1.6800000000000008        0.0000000000000000        0.0000000000000000     
   1.6860000000000008        0.0000000000000000        0.0000000000000000     
   1.6920000000000008        0.0000000000000000        0.0000000000000000     
   1.6980000000000008        0.0000000000000000        0.0000000000000000     
   1.7040000000000008        0.0000000000000000        0.0000000000000000     
   1.7100000000000009        0.0000000000000000        0.0000000000000000     
   1.7160000000000009        0.0000000000000000        0.0000000000000000     
   1.7220000000000009        0.0000000000000000        0.0000000000000000     
   1.7280000000000009        0.0000000000000000        0.0000000000000000     
   1.7340000000000009        0.0000000000000000        0.0000000000000000     
   1.7400000000000009        0.0000000000000000        0.0000000000000000     
   1.7460000000000009        0.0000000000000000        0.0000000000000000     
   1.7520000000000009        0.0000000000000000        0.0000000000000000     
   1.7580000000000009        0.0000000000000000        0.0000000000000000     
   1.7640000000000009        0.0000000000000000        0.0000000000000000     
   1.7700000000000009        0.0000000000000000        0.0000000000000000     
   1.7760000000000009        0.0000000000000000        0.0000000000000000     
   1.7820000000000009        0.0000000000000000        0.0000000000000000     
   1.7880000000000009        0.0000000000000000        0.0000000000000000     
   1.7940000000000009        0.0000000000000000        0.0000000000000000     
