   25.000000000000000        4.2566442399528245E-003   3.7922484553534396E-005
   25.250000000000000        4.3069658726890463E-003   3.7977284355090817E-005
   25.500000000000000        4.4664500109543957E-003   3.8795598033937933E-005
   25.750000000000000        4.4313730309671747E-003   3.8463001184255826E-005
   26.000000000000000        4.6054017499570932E-003   3.9273680891969646E-005
   26.250000000000000        4.6146366794558137E-003   3.9188283850549732E-005
   26.500000000000000        4.6668031359773064E-003   3.9376704490924300E-005
   26.750000000000000        4.8270845347453519E-003   4.0279815774585746E-005
   27.000000000000000        4.7778246702199646E-003   3.9777312827037348E-005
   27.250000000000000        4.8412746387069428E-003   4.0111974596549340E-005
   27.500000000000000        4.9420921325768726E-003   4.0555164017768036E-005
   27.750000000000000        4.9103431091407027E-003   4.0442999969836004E-005
   28.000000000000000        5.0965629474542364E-003   4.1227676157619305E-005
   28.250000000000000        5.0584650971933166E-003   4.0997854883263769E-005
   28.500000000000000        5.1159112635074172E-003   4.1210278119725851E-005
   28.750000000000000        5.1354145286845185E-003   4.1211286746433099E-005
   29.000000000000000        5.1653256535946282E-003   4.1288054912060828E-005
   29.250000000000000        5.2112270357268752E-003   4.1477115842952678E-005
   29.500000000000000        5.3295274859404664E-003   4.2094795087575023E-005
   29.750000000000000        5.3588060869018701E-003   4.2201325593010708E-005
   30.000000000000000        5.4239456872328803E-003   4.2470309005488879E-005
   30.250000000000000        5.4259560666057079E-003   4.2181243072311507E-005
   30.500000000000000        5.5272194451564038E-003   4.2777635405129832E-005
   30.750000000000000        5.5674216446516120E-003   4.2926484719640797E-005
   31.000000000000000        5.6146762158477571E-003   4.3118819144909668E-005
   31.250000000000000        5.5872317621579867E-003   4.2960104099258458E-005
   31.500000000000000        5.6619675689014203E-003   4.3323949445093047E-005
   31.750000000000000        5.8930667248873921E-003   4.4254292706477071E-005
   32.000000000000000        5.8440025055506014E-003   4.3975606867877177E-005
   32.250000000000000        5.8609281687248766E-003   4.4091163488094409E-005
   32.500000000000000        5.8830703843416971E-003   4.3976366995269942E-005
   32.750000000000000        5.9736576781894112E-003   4.4523679321917905E-005
   33.000000000000000        5.9796474934155300E-003   4.4410144737871004E-005
   33.250000000000000        6.0737980273481871E-003   4.4854299052510363E-005
   33.500000000000000        6.1142832116119613E-003   4.4962105377617820E-005
   33.750000000000000        6.1975089114912965E-003   4.5223010051067458E-005
   34.000000000000000        6.2743083345721011E-003   4.5562905905961271E-005
   34.250000000000000        6.3185989315591986E-003   4.5691038682465210E-005
   34.500000000000000        6.3647131368597823E-003   4.5746847357500280E-005
   34.750000000000000        6.4705858929825100E-003   4.6346801365599150E-005
   35.000000000000000        6.4764679421343008E-003   4.6357091539716688E-005
   35.250000000000000        6.6654484927269903E-003   4.7126441776501417E-005
   35.500000000000000        6.6133761528670591E-003   4.6638179253360415E-005
   35.750000000000000        6.8013244111256319E-003   4.7447184416515907E-005
   36.000000000000000        6.8492799518853932E-003   4.7612152928037330E-005
   36.250000000000000        6.9536809943999542E-003   4.7945765379596387E-005
   36.500000000000000        6.9963277502081865E-003   4.8192582137341548E-005
   36.750000000000000        7.0338733787719612E-003   4.8271041825274078E-005
   37.000000000000000        7.2492384138621423E-003   4.9001676335929096E-005
   37.250000000000000        7.2592657700740314E-003   4.9019701717097738E-005
   37.500000000000000        7.3169176651896413E-003   4.9309498811213700E-005
   37.750000000000000        7.3774543291689797E-003   4.9363011136090546E-005
   38.000000000000000        7.6223350077456791E-003   5.0307456063589012E-005
   38.250000000000000        7.7193163905119235E-003   5.0769628492710072E-005
   38.500000000000000        7.7788117336765362E-003   5.0857479268893646E-005
   38.750000000000000        7.8020960332934432E-003   5.0919873051625960E-005
   39.000000000000000        7.9283533859227026E-003   5.1367079756437685E-005
   39.250000000000000        8.0869540839767964E-003   5.1902851701105623E-005
   39.500000000000000        8.1639918137582090E-003   5.2179899669086533E-005
   39.750000000000000        8.4109803655667871E-003   5.2923788523965267E-005
   40.000000000000000        8.5296860014015315E-003   5.3322678543128337E-005
   40.250000000000000        8.6653911802947754E-003   5.3700040245578819E-005
   40.500000000000000        8.7625638599372543E-003   5.4020600461825689E-005
   40.750000000000000        9.0422343807484429E-003   5.4923119789674900E-005
   41.000000000000000        9.1125012819870937E-003   5.5225080513508885E-005
   41.250000000000000        9.3039019568646880E-003   5.5609420354494291E-005
   41.500000000000000        9.6231241230297030E-003   5.6701301100314947E-005
   41.750000000000000        9.8552182865764802E-003   5.7337471664341044E-005
   42.000000000000000        1.0061951817935608E-002   5.7960625867217665E-005
   42.250000000000000        1.0471596366913484E-002   5.9309094933533769E-005
   42.500000000000000        1.0683090178957246E-002   5.9797755737146986E-005
   42.750000000000000        1.1134837250271036E-002   6.1045145368518325E-005
   43.000000000000000        1.1563533984765572E-002   6.2176590207610645E-005
   43.250000000000000        1.1933392002425701E-002   6.3112567145097990E-005
   43.500000000000000        1.2543530287052946E-002   6.4681710337356142E-005
   43.750000000000000        1.3137268575388595E-002   6.6280190437273463E-005
   44.000000000000000        1.3952641199636953E-002   6.8305686751156164E-005
   44.250000000000000        1.4587978439189873E-002   6.9707343126560207E-005
   44.500000000000000        1.5600617470103741E-002   7.2027383355123870E-005
   44.750000000000000        1.6399071992913440E-002   7.3779285181132371E-005
   45.000000000000000        1.6787307229376831E-002   7.4434673222332739E-005
   45.250000000000000        1.6370416807689438E-002   7.3307180024558596E-005
   45.500000000000000        1.4034358834193411E-002   6.7189395417961378E-005
   45.750000000000000        1.0588380277193920E-002   5.7772752852688382E-005
   46.000000000000000        7.4413851098663582E-003   4.7667504266509262E-005
   46.250000000000000        5.2880470681197578E-003   3.9218309951231655E-005
   46.500000000000000        3.9232677127422240E-003   3.3166234303160885E-005
   46.750000000000000        2.9730302451250867E-003   2.8200685034803623E-005
   47.000000000000000        2.3753596077663208E-003   2.4562704749721485E-005
   47.250000000000000        1.8920805262481373E-003   2.1332513930021009E-005
   47.500000000000000        1.6199824977324885E-003   1.9299092490463231E-005
   47.750000000000000        1.3682204863936368E-003   1.7235197963582284E-005
   48.000000000000000        1.1675386100469939E-003   1.5501237579282761E-005
   48.250000000000000        1.0053946292026465E-003   1.3955540818863704E-005
   48.500000000000000        8.9056569360677765E-004   1.2712289985594703E-005
   48.750000000000000        7.9215739360068106E-004   1.1594186966959643E-005
   49.000000000000000        7.1004372714437015E-004   1.0710472968582912E-005
   49.250000000000000        6.2831426763697599E-004   9.7889508826621876E-006
   49.500000000000000        5.8008373906651069E-004   9.1324883001933197E-006
   49.750000000000000        5.2376740400445550E-004   8.4430867391163103E-006
   50.000000000000000        4.7063742023101788E-004   7.7749653383916108E-006
   50.250000000000000        4.4684576565781766E-004   7.3579291686495288E-006
   50.500000000000000        4.0648692826312604E-004   6.7988095452121744E-006
   50.750000000000000        3.7474523466396448E-004   6.3031582739342619E-006
   51.000000000000000        3.5095362098945293E-004   5.9323142550408461E-006
   51.250000000000000        3.2779098828559990E-004   5.6203994732344813E-006
   51.500000000000000        3.0891859395016318E-004   5.3379838364736149E-006
   51.750000000000000        2.8603494847774297E-004   4.9826953137176207E-006
   52.000000000000000        2.8012862038899949E-004   4.8515679442231763E-006
   52.250000000000000        2.4586991389446782E-004   4.3478927508454055E-006
   52.500000000000000        2.4174694526525489E-004   4.2397896600359648E-006
   52.750000000000000        2.1775608353458560E-004   3.8936322625688875E-006
   53.000000000000000        2.1413966950348587E-004   3.7702695096092157E-006
   53.250000000000000        2.0600208377062463E-004   3.5960954674836867E-006
   53.500000000000000        1.8675121012636461E-004   3.3356307805035418E-006
   53.750000000000000        1.7956932603944658E-004   3.1863882706208685E-006
   54.000000000000000        1.6937947824911847E-004   2.9927829688581460E-006
   54.250000000000000        1.6829781849898078E-004   2.9425648899626716E-006
   54.500000000000000        1.5248929264566799E-004   2.7433569843081397E-006
   54.750000000000000        1.4859557215253830E-004   2.6098986253821416E-006
   55.000000000000000        1.4282515316556719E-004   2.5055332615253068E-006
   55.250000000000000        1.3502756448793561E-004   2.3834718514199312E-006
   55.500000000000000        1.2875582113239348E-004   2.2900113740534694E-006
   55.750000000000000        1.2221617527524104E-004   2.1578488536110767E-006
   56.000000000000000        1.1607743399810627E-004   2.0612057910352067E-006
   56.250000000000000        1.1464928753740639E-004   2.0076203503151352E-006
   56.500000000000000        1.0786985311901454E-004   1.8995570545284188E-006
   56.750000000000000        1.0367919939470727E-004   1.8222385047954506E-006
   57.000000000000000        9.9740342032549477E-005   1.7472106928501430E-006
   57.250000000000000        9.7262885748901625E-005   1.6800165639696378E-006
   57.500000000000000        9.3919392122977473E-005   1.6257900974537114E-006
   57.750000000000000        8.7426979383676886E-005   1.5289677628799758E-006
   58.000000000000000        8.9626776709593017E-005   1.5354373633010792E-006
   58.250000000000000        8.2545096913370629E-005   1.4167221907996869E-006
   58.500000000000000        8.0389217677870336E-005   1.3804368616466615E-006
   58.750000000000000        7.5704481078084804E-005   1.3149906127258379E-006
   59.000000000000000        7.6679936717063063E-005   1.3110087055522894E-006
   59.250000000000000        7.3419677771257029E-005   1.2445851693085612E-006
   59.500000000000000        6.9344606880765062E-005   1.1797058428836241E-006
   59.750000000000000        6.6844396514500215E-005   1.1235611233440386E-006
   60.000000000000000        6.6315998276992270E-005   1.1142508057244070E-006
   60.250000000000000        6.3473615779958606E-005   1.0637010323548725E-006
   60.500000000000000        6.2066796345791052E-005   1.0337346424503677E-006
   60.750000000000000        6.0998710978358816E-005   1.0047038087360887E-006
   61.000000000000000        5.7941860672017630E-005   9.6587722560524804E-007
   61.250000000000000        5.4861094091367072E-005   9.1300246062738726E-007
   61.500000000000000        5.3538498202938805E-005   8.9152671324860383E-007
   61.750000000000000        5.1271568352969876E-005   8.5304517904875714E-007
   62.000000000000000        5.0755419148338106E-005   8.4184890558777277E-007
   62.250000000000000        4.9678106705670051E-005   8.1684348364246309E-007
   62.500000000000000        4.8196822505259631E-005   7.9336136617037341E-007
   62.750000000000000        4.7117180035519068E-005   7.6211060202563937E-007
   63.000000000000000        4.5627725494591847E-005   7.3791131810754294E-007
   63.250000000000000        4.5416010268595992E-005   7.3136957259205099E-007
   63.500000000000000        4.2186091802141998E-005   6.8119013487406361E-007
   63.750000000000000        4.2693612743141205E-005   6.8459006913500927E-007
   64.000000000000000        4.0747136990415195E-005   6.5313567637565072E-007
   64.250000000000000        3.9362559458249882E-005   6.2849314718460439E-007
   64.500000000000000        3.9184425999425578E-005   6.2126735763289291E-007
   64.750000000000000        3.7298557692486451E-005   5.9089076150729902E-007
   65.000000000000000        3.6800806095250737E-005   5.8127081216868984E-007
   65.250000000000000        3.4973172119941887E-005   5.5534955803701131E-007
   65.500000000000000        3.4944049041797759E-005   5.4562872827351587E-007
   65.750000000000000        3.3457531269724883E-005   5.2261300737338879E-007
   66.000000000000000        3.2850185477511461E-005   5.1780841023418148E-007
   66.250000000000000        3.2180637378877162E-005   5.0317751619419900E-007
   66.500000000000000        3.0413326268197841E-005   4.7327570116145288E-007
   66.750000000000000        2.9537475104029129E-005   4.6319325779501175E-007
   67.000000000000000        2.8505935673973189E-005   4.4708638518103326E-007
   67.250000000000000        2.8427806876595721E-005   4.4001362366436859E-007
   67.500000000000000        2.7488959481878841E-005   4.2277135923637198E-007
   67.750000000000000        2.7640308028465344E-005   4.2378467116146211E-007
   68.000000000000000        2.7542370085250407E-005   4.1557573715844266E-007
   68.250000000000000        2.6550566812565089E-005   3.9954366231727666E-007
   68.500000000000000        2.4845699451300363E-005   3.8165244094074882E-007
   68.750000000000000        2.5151027881139594E-005   3.7494266024442624E-007
   69.000000000000000        2.3409262294170750E-005   3.5542677843675614E-007
   69.250000000000000        2.3027253119364663E-005   3.4576603385940155E-007
   69.500000000000000        2.3505021325731562E-005   3.5004842903460654E-007
   69.750000000000000        2.2640696619451922E-005   3.3637476543599884E-007
   70.000000000000000        2.1849587550681651E-005   3.2659945474391622E-007
   70.250000000000000        2.1175341631787777E-005   3.1482081162632129E-007
   70.500000000000000        2.0584345694432662E-005   3.0576988596847055E-007
   70.750000000000000        1.9812259306974333E-005   2.9620851295014542E-007
   71.000000000000000        1.9971649495780122E-005   2.9262630787818141E-007
   71.250000000000000        1.9033819854619489E-005   2.8195008035036992E-007
   71.500000000000000        1.8795443595559623E-005   2.7432653571444929E-007
   71.750000000000000        1.8193596188297441E-005   2.6448218508423958E-007
   72.000000000000000        1.7803599786928029E-005   2.5949684028088929E-007
   72.250000000000000        1.7418768511776693E-005   2.5323592480953908E-007
   72.500000000000000        1.7126209771657654E-005   2.4716836235300982E-007
   72.750000000000000        1.6917889666468351E-005   2.4274396436797827E-007
   73.000000000000000        1.6481551127881874E-005   2.3651622710655447E-007
   73.250000000000000        1.5937685573342704E-005   2.2933529778862936E-007
   73.500000000000000        1.5957054611797065E-005   2.2604644106339162E-007
   73.750000000000000        1.5396540634980594E-005   2.1875353449697388E-007
   74.000000000000000        1.4470066558712972E-005   2.0911167509141734E-007
   74.250000000000000        1.4175820887981795E-005   2.0263166402884934E-007
   74.500000000000000        1.4016339412699155E-005   2.0004324260836441E-007
   74.750000000000000        1.3787848829800987E-005   1.9486546566368744E-007
