   0.0000000000000000        9.9457464262291795E-002   1.2375196199592071E-004
  0.50000000000000000        1.1519764671584170E-002   4.3127192606707698E-005
   1.0000000000000000        6.7477761444226592E-003   3.3077063546837926E-005
   1.5000000000000000        4.7517512240536101E-003   2.7750667831792055E-005
   2.0000000000000000        3.6605458639718184E-003   2.4440347706894103E-005
   2.5000000000000000        2.9350122059468402E-003   2.1824143722970577E-005
   3.0000000000000000        2.4316977810970295E-003   1.9840029882834518E-005
   3.5000000000000000        2.0963644178223452E-003   1.8473746464406232E-005
   4.0000000000000000        1.7802549982901109E-003   1.6942353589828744E-005
   4.5000000000000000        1.5411529539541711E-003   1.5725014022750652E-005
   5.0000000000000000        1.3851992870045689E-003   1.4964667561971673E-005
   5.5000000000000000        1.2152494271212930E-003   1.3980326442880309E-005
   6.0000000000000000        1.0683417112055877E-003   1.3104600923826292E-005
   6.5000000000000000        9.8959627002928987E-004   1.2720069843664825E-005
   7.0000000000000000        8.7694601841715916E-004   1.1895101296279350E-005
   7.5000000000000000        8.1160242911311779E-004   1.1441155501347294E-005
   8.0000000000000000        7.1278353632787646E-004   1.0705468933003397E-005
   8.5000000000000000        6.6330446358807578E-004   1.0369265744225992E-005
   9.0000000000000000        6.1986474304653242E-004   1.0033560432137769E-005
   9.5000000000000000        5.6970709459626498E-004   9.5124663141289391E-006
   10.000000000000000        5.1341187261256908E-004   9.0441328314374626E-006
   10.500000000000000        4.7834481284701741E-004   8.7538712613249125E-006
   11.000000000000000        4.4437885772675035E-004   8.4508938082542694E-006
   11.500000000000000        4.0172070897935650E-004   7.9600594951755217E-006
   12.000000000000000        3.6499349565008297E-004   7.5726260081323189E-006
   12.500000000000000        3.4133953704367539E-004   7.2989021909638873E-006
   13.000000000000000        3.0195405592927185E-004   6.9015806069086617E-006
   13.500000000000000        2.9014986023411313E-004   6.7894893779673920E-006
   14.000000000000000        2.6158591292382231E-004   6.4395075423113934E-006
   14.500000000000000        2.4022826839464282E-004   6.1085853012798887E-006
   15.000000000000000        2.2342638802660795E-004   5.9403697187411136E-006
   15.500000000000000        2.0098164674762202E-004   5.6402175895413252E-006
   16.000000000000000        1.7920751823360872E-004   5.2966671485248033E-006
   16.500000000000000        1.6291386500366162E-004   5.0099488555752353E-006
   17.000000000000000        1.4326718071487699E-004   4.6797419984265450E-006
   17.500000000000000        1.2357631312892093E-004   4.4012895921952462E-006
   18.000000000000000        1.1930039533686134E-004   4.3318246327277226E-006
   18.500000000000000        9.7523953862487092E-005   3.8810178295832745E-006
   19.000000000000000        8.3379862462364346E-005   3.5851940120278512E-006
   19.500000000000000        6.6314527489544492E-005   3.0761679378466551E-006
   20.000000000000000        5.0255702110719870E-005   2.6609064693368937E-006
   20.500000000000000        3.6704872192217856E-005   2.2253311371353587E-006
   21.000000000000000        3.0218858313379376E-005   1.9461582673585821E-006
   21.500000000000000        2.4074247033327324E-005   1.7294172111731555E-006
   22.000000000000000        1.9446742634707235E-005   1.5329886245589837E-006
   22.500000000000000        1.7201910042332860E-005   1.4539923050786257E-006
   23.000000000000000        1.3184099970113159E-005   1.2209482283795856E-006
   23.500000000000000        9.8379434444709595E-006   9.7095752684857071E-007
   24.000000000000000        9.6364966087738878E-006   9.7024075320682106E-007
   24.500000000000000        8.9931914046526849E-006   9.4837476833000822E-007
   25.000000000000000        8.1044439727802272E-006   8.9613326446362523E-007
   25.500000000000000        8.3224017112028128E-006   8.8808142247614831E-007
   26.000000000000000        6.9798576895992826E-006   8.9790210287453983E-007
   26.500000000000000        5.4708521747817970E-006   6.8895364686122602E-007
   27.000000000000000        3.8077296603501486E-006   5.1173988557833838E-007
   27.500000000000000        4.2714790040870514E-006   6.1904476590922718E-007
   28.000000000000000        4.7077416796515224E-006   6.6476394220342178E-007
   28.500000000000000        3.2077456954285246E-006   4.0662552983042768E-007
   29.000000000000000        2.3372073723793948E-006   2.7374409941489120E-007
   29.500000000000000        2.7320089349260474E-006   4.1215039271523567E-007
   30.000000000000000        1.8597508807310854E-006   2.2904265525073077E-007
   30.500000000000000        1.9176361890838736E-006   2.8138950922873931E-007
   31.000000000000000        1.7862661001335576E-006   2.8134044673927371E-007
   31.500000000000000        1.6712853227200063E-006   2.2004645229414541E-007
   32.000000000000000        1.2863616626137104E-006   2.6164160179428534E-007
   32.500000000000000        1.2686837349864636E-006   1.8668246127438389E-007
   33.000000000000000        1.0096448953671125E-006   1.0401534743637685E-007
   33.500000000000000        9.3432471636500553E-007   8.6095803370984409E-008
   34.000000000000000        9.7670495537981336E-007   9.2212405961280505E-008
   34.500000000000000        7.9839035099560823E-007   8.7339380093140617E-008
   35.000000000000000        6.7991953223520756E-007   6.2309544803018171E-008
   35.500000000000000        7.1994772146011579E-007   5.9898251875763678E-008
   36.000000000000000        7.1767019151013448E-007   8.2733784551632552E-008
   36.500000000000000        7.2274918970977539E-007   1.1873553051358150E-007
   37.000000000000000        8.1540175684390070E-007   9.4360410007336838E-008
   37.500000000000000        6.0262076370754239E-007   9.2981079503961217E-008
   38.000000000000000        5.5443507730588902E-007   4.4955266448096847E-008
   38.500000000000000        4.9259818417902733E-007   4.2124002048149470E-008
   39.000000000000000        4.1602014295842511E-007   3.4233137008464030E-008
   39.500000000000000        5.1727498701285839E-007   8.7580412952680766E-008
   40.000000000000000        4.1518037273448987E-007   3.4551563474329100E-008
   40.500000000000000        4.0551849057866456E-007   4.2130130046928281E-008
   41.000000000000000        3.0649007706931493E-007   2.3780835670574302E-008
   41.500000000000000        3.0394105171154014E-007   2.9277360131468451E-008
   42.000000000000000        3.1335779579686619E-007   2.6588920836955133E-008
   42.500000000000000        3.5753853424573600E-007   4.0645091993580741E-008
   43.000000000000000        3.5547811885276504E-007   6.1276471594617817E-008
   43.500000000000000        2.5131846711914085E-007   3.5891774636126153E-008
   44.000000000000000        3.2140204647140694E-007   3.8063514301526338E-008
   44.500000000000000        2.5337955056928737E-007   2.9160175099588814E-008
   45.000000000000000        2.0337190645006172E-007   2.2300871772302322E-008
   45.500000000000000        1.7113561557435598E-007   1.4154374484102700E-008
   46.000000000000000        1.8214308381401148E-007   2.0117983559440635E-008
   46.500000000000000        1.6420794959817529E-007   1.5724818375844846E-008
   47.000000000000000        1.3571382118621416E-007   1.1123550423961614E-008
   47.500000000000000        1.6875815587469663E-007   2.2171483079047373E-008
   48.000000000000000        1.5637141895246457E-007   1.5450529403438530E-008
   48.500000000000000        1.3905635435690928E-007   1.2955112242174691E-008
   49.000000000000000        1.3260200893285143E-007   1.0893069429180577E-008
   49.500000000000000        1.4842370038524059E-007   1.7216567158654719E-008
   50.000000000000000        1.2833281290378897E-007   1.5326806809020812E-008
   50.500000000000000        1.1425943096817215E-007   1.0864083860534893E-008
   51.000000000000000        1.1174549482057938E-007   8.8644727311724496E-009
   51.500000000000000        9.9530900220506976E-008   1.2155895275762875E-008
   52.000000000000000        9.8311534393399321E-008   8.0218570179566763E-009
   52.500000000000000        8.5496564114459107E-008   8.2158796027346875E-009
   53.000000000000000        7.3728430049793846E-008   7.4639868610409022E-009
   53.500000000000000        7.4838282237302979E-008   7.9504964735798673E-009
   54.000000000000000        7.7572915161674262E-008   9.9977904450111494E-009
   54.500000000000000        7.9217154084910080E-008   9.3096414122068434E-009
   55.000000000000000        6.0562362724464381E-008   5.6175413587751344E-009
   55.500000000000000        6.4460199494029310E-008   6.9823771401574171E-009
   56.000000000000000        5.5094195636789168E-008   7.1112975610872043E-009
   56.500000000000000        5.0517731324086194E-008   5.5289754858950062E-009
   57.000000000000000        5.2497612791988491E-008   4.8829234576365506E-009
   57.500000000000000        5.1985044590652114E-008   6.9316105755695370E-009
   58.000000000000000        4.1590974391352240E-008   4.8571155339639206E-009
   58.500000000000000        4.5906700100386460E-008   4.9521353781780833E-009
   59.000000000000000        4.0399786143030734E-008   3.9819034968362479E-009
   59.500000000000000        3.6198610662449877E-008   4.1137031979687035E-009
   60.000000000000000        3.7784337658575833E-008   4.1662564948960059E-009
   60.500000000000000        3.7878125775689592E-008   4.7794850086651562E-009
   61.000000000000000        3.3680196621496638E-008   4.5031944869501511E-009
   61.500000000000000        2.4242487860973812E-008   2.5940418326497821E-009
   62.000000000000000        3.0677385145302954E-008   4.0205308072668845E-009
   62.500000000000000        2.7245340180797392E-008   3.8425066738010343E-009
   63.000000000000000        2.1177987004429309E-008   2.4477039726368821E-009
   63.500000000000000        2.2617257872559062E-008   2.4638827958179010E-009
   64.000000000000000        1.5054288459568535E-008   1.8434741584494472E-009
   64.500000000000000        2.0266179043100357E-008   3.3866600198494548E-009
   65.000000000000000        1.9293256533729209E-008   3.0148769897294431E-009
   65.500000000000000        1.8307993113621035E-008   2.6571759913834557E-009
   66.000000000000000        1.3964537540430166E-008   1.6694708707701390E-009
   66.500000000000000        1.6453725022077042E-008   1.8642754190122024E-009
   67.000000000000000        1.2921052013339495E-008   1.6513368462293229E-009
   67.500000000000000        1.1296789503664555E-008   1.4888448410245412E-009
   68.000000000000000        1.4854813312362647E-008   2.4447751438697910E-009
   68.500000000000000        1.0387295137593202E-008   1.3633900569222026E-009
   69.000000000000000        1.0106069491443786E-008   1.7006381686964590E-009
   69.500000000000000        1.0262517545115015E-008   1.7812083323031691E-009
   70.000000000000000        9.2166410311785686E-009   1.8613956660850327E-009
   70.500000000000000        6.3808955122654556E-009   8.7001900129819995E-010
   71.000000000000000        5.9140119968524286E-009   1.1684193383034213E-009
   71.500000000000000        6.1341815241131003E-009   9.1114209044501327E-010
   72.000000000000000        5.6749040237759215E-009   1.1673422500303148E-009
   72.500000000000000        4.4241782157764545E-009   6.5204295742487220E-010
   73.000000000000000        7.5459228821378590E-009   1.5153231199062514E-009
   73.500000000000000        5.3333123746708685E-009   8.7293133105588668E-010
   74.000000000000000        3.6604905464851485E-009   8.7091848575176935E-010
   74.500000000000000        4.1294222041233257E-009   8.1350618603442087E-010
   75.000000000000000        3.2593893356056979E-009   7.2707908064736031E-010
   75.500000000000000        3.8984243233695687E-009   8.7768359198141467E-010
   76.000000000000000        3.6934159329458517E-009   7.4200512168182598E-010
   76.500000000000000        5.4904719235255176E-009   1.1417705305698995E-009
   77.000000000000000        2.1654607040646285E-009   4.8583387115423256E-010
   77.500000000000000        3.1467337661302551E-009   9.2542346155070588E-010
   78.000000000000000        3.0991963728111286E-009   8.7811768800919662E-010
   78.500000000000000        1.5925068598226380E-009   3.6807235788216789E-010
   79.000000000000000        1.5382530874359722E-009   5.0210456397671598E-010
   79.500000000000000        2.5284631378208813E-009   7.5086569680960645E-010
   80.000000000000000        1.3223706760673608E-009   3.3043573768835020E-010
   80.500000000000000        7.9617670607492848E-010   2.1570103280011742E-010
   81.000000000000000        2.3850240976287616E-009   7.4794170864061383E-010
   81.500000000000000        1.3385262899990973E-009   3.5455677088028411E-010
   82.000000000000000        1.9556232334342773E-009   5.3030794548921224E-010
   82.500000000000000        1.0028516778731019E-009   4.0158934369081942E-010
   83.000000000000000        8.8235969047833529E-010   2.8807587119772745E-010
   83.500000000000000        1.0996421593539006E-009   3.5653963602985829E-010
   84.000000000000000        7.1967268885215863E-010   2.3927462381747430E-010
   84.500000000000000        1.2024399106043638E-009   3.6947118109910378E-010
   85.000000000000000        8.1772307025886149E-010   3.1797259601544596E-010
   85.500000000000000        1.0589636277243801E-009   3.2498163770267838E-010
   86.000000000000000        6.5137719713432109E-010   2.2845585196455651E-010
   86.500000000000000        4.8921066197150801E-010   1.5841348301160046E-010
   87.000000000000000        4.6200924185887860E-010   1.6883464334716633E-010
   87.500000000000000        3.7658422431151592E-010   1.5728181278947310E-010
   88.000000000000000        3.0884983940251161E-010   9.5808775236445533E-011
   88.500000000000000        4.3930391378799846E-010   1.6944444499317360E-010
   89.000000000000000        2.1960996463771260E-010   8.1930077605213695E-011
   89.500000000000000        2.5248704527105958E-010   1.0985298832912077E-010
   90.000000000000000        3.8862639721029680E-010   1.8915798325646104E-010
   90.500000000000000        6.5159456703799716E-011   3.3647127163761189E-011
   91.000000000000000        2.7026126997028150E-010   1.1159393859628304E-010
   91.500000000000000        3.2510842976951648E-010   1.5395020775732836E-010
   92.000000000000000        4.1145927524741646E-010   1.5766810238656193E-010
   92.500000000000000        1.2548654565441393E-010   7.7094319991729643E-011
   93.000000000000000        9.8919419485887391E-011   5.1818358693039160E-011
   93.500000000000000        3.0101295227531500E-010   1.1866749888822921E-010
   94.000000000000000        1.5399755684334170E-010   6.4325503010584132E-011
   94.500000000000000        2.2824656944452274E-010   1.0319941225580969E-010
   95.000000000000000        1.1692043709752631E-010   5.7312378872588043E-011
   95.500000000000000        5.2154103094891658E-011   3.3367259472058306E-011
   96.000000000000000        7.2696330937749980E-011   3.1011472452719712E-011
   96.500000000000000        3.5255031886003258E-011   2.0533607797504032E-011
   97.000000000000000        6.0744992898611111E-011   2.2569192928802844E-011
   97.500000000000000        9.1941683188526934E-012   5.5813257316537540E-012
   98.000000000000000        5.6158888220259179E-011   2.6047110967731512E-011
   98.500000000000000        3.1231699143970970E-011   1.8734756230870828E-011
   99.000000000000000        6.9003672325171448E-012   4.3977036218955635E-012
   99.500000000000000        1.5348711444738089E-011   1.0484847032045336E-011
