  0.59999999999999998        7.3263681718143247E-003   3.1563273674947365E-003
  0.60599999999999998        7.3976626228928720E-003   2.5328267887709879E-003
  0.61199999999999999        7.7969701071478603E-002   6.4373711274635176E-002
  0.61799999999999999        3.0192873990542259       0.10033826241452731     
  0.62400000000000000        10.037622014788990       0.20599613896374100     
  0.63000000000000000        10.649635139545751       0.23111214908194691     
  0.63600000000000001        10.649769710539426       0.20013882601469987     
  0.64200000000000002        11.590508692827433       0.27019034252933150     
  0.64800000000000002        11.646540812225624       0.21682129565029026     
  0.65400000000000003        11.855746003111625       0.24005168206247049     
  0.66000000000000003        12.135715674468882       0.24080751180276216     
  0.66600000000000004        11.921143210529310       0.23188380249067098     
  0.67200000000000004        12.431884148189745       0.24550661271280949     
  0.67800000000000005        12.346427972060853       0.23227839734560346     
  0.68400000000000005        12.776148523725961       0.23563378325768969     
  0.69000000000000006        12.746455337689829       0.23225563067591051     
  0.69600000000000006        13.082943907048488       0.22997955014184379     
  0.70200000000000007        13.400557197121534       0.25685442492456934     
  0.70800000000000007        13.443279838993291       0.22870817129040616     
  0.71400000000000008        13.546490760448496       0.26871960976093029     
  0.72000000000000008        13.649584302832443       0.25755873046575173     
  0.72600000000000009        13.437577535151728       0.21831268484033159     
  0.73200000000000010        14.165035566188722       0.25405752990275854     
  0.73800000000000010        14.388593231763469       0.27082707240603016     
  0.74400000000000011        14.093755623305729       0.22129221201291926     
  0.75000000000000011        14.319271701682531       0.22537759680782846     
  0.75600000000000012        14.457163046825395       0.24543194215195718     
  0.76200000000000012        14.470806047140977       0.21936914109541225     
  0.76800000000000013        14.285193673429347       0.19943848500326677     
  0.77400000000000013        15.533350527588317       0.34778741110962541     
  0.78000000000000014        15.555817035935512       0.26451943309183806     
  0.78600000000000014        15.665695521581572       0.27603519733601378     
  0.79200000000000015        15.984507675580254       0.27717542430683462     
  0.79800000000000015        15.818671004329337       0.26707392559805299     
  0.80400000000000016        16.264889201067696       0.28059452472544977     
  0.81000000000000016        16.007967604578237       0.26042731799805702     
  0.81600000000000017        16.984493421024716       0.31907292040588597     
  0.82200000000000017        16.563282585448263       0.25584785004404359     
  0.82800000000000018        17.267879283767996       0.30175127985931843     
  0.83400000000000019        17.379226046907643       0.30435339845672832     
  0.84000000000000019        17.590740840878702       0.28353780244100574     
  0.84600000000000020        17.713076610331033       0.27765287255902427     
  0.85200000000000020        17.661734999659387       0.28850723303805875     
  0.85800000000000021        17.823085294410031       0.28992003861738125     
  0.86400000000000021        18.071108923068980       0.25962796050623987     
  0.87000000000000022        18.517691041486852       0.30267096513514807     
  0.87600000000000022        18.222361149323980       0.25426741430889077     
  0.88200000000000023        18.459519886789487       0.27305160398909029     
  0.88800000000000023        18.660720768708192       0.27158659115538392     
  0.89400000000000024        19.179669854073030       0.28700074130768644     
  0.90000000000000024        18.920279873864189       0.27941219476556589     
  0.90600000000000025        19.280501685378766       0.28238137772392546     
  0.91200000000000025        19.863044008783309       0.30670684945440341     
  0.91800000000000026        19.871730887409697       0.28348987511522233     
  0.92400000000000027        20.342037899795969       0.28596849781505468     
  0.93000000000000027        20.173484116346469       0.28486393910826802     
  0.93600000000000028        20.669431999112383       0.30447384169613656     
  0.94200000000000028        20.719054104477241       0.28332077232404951     
  0.94800000000000029        21.054381980387937       0.29405275760546595     
  0.95400000000000029        20.899746251215159       0.29557968251109462     
  0.96000000000000030        22.313714869085587       0.38206190370487136     
  0.96600000000000030        21.960468847997848       0.32019624231297816     
  0.97200000000000031        22.438151363291567       0.32153385428229569     
  0.97800000000000031        22.483008512726347       0.30782749410865257     
  0.98400000000000032        23.568528621817535       0.33906322027843405     
  0.99000000000000032        22.803322903215818       0.30597528621254028     
  0.99600000000000022        23.343031076122564       0.30762882385148921     
   1.0020000000000002        23.840933215455617       0.30730084256382501     
   1.0080000000000002        24.127646024167074       0.29927371558842641     
   1.0140000000000002        25.120062595094151       0.32098494657301146     
   1.0200000000000002        25.830833104006796       0.33221885918632355     
   1.0260000000000002        25.943162372735600       0.39595953979019499     
   1.0320000000000003        26.214263163379194       0.33416531550824524     
   1.0380000000000003        27.118974857386892       0.33245089348053464     
   1.0440000000000003        27.821106863918587       0.33963569412990341     
   1.0500000000000003        28.309058963121529       0.33297613584522623     
   1.0560000000000003        29.189858982209632       0.33757049900723934     
   1.0620000000000003        30.289539571490863       0.36860994934904012     
   1.0680000000000003        31.908760940519016       0.46520627904142497     
   1.0740000000000003        32.038606333452094       0.35519414241987235     
   1.0800000000000003        34.135882732307657       0.40928539003075365     
   1.0860000000000003        35.028592837711628       0.40503477939157434     
   1.0920000000000003        36.335989884174651       0.39355066326924898     
   1.0980000000000003        38.780823118529511       0.39455102195784952     
   1.1040000000000003        41.292250108653825       0.42938533505925403     
   1.1100000000000003        43.358271915992432       0.46008746336726930     
   1.1160000000000003        46.054645035176776       0.45360375071918319     
   1.1220000000000003        47.160056167865946       0.45650056423257063     
   1.1280000000000003        47.086979102498816       0.50344482503184884     
   1.1340000000000003        42.078277556515744       0.45090717350451975     
   1.1400000000000003        34.439931327129536       0.40569729788692338     
   1.1460000000000004        26.209291653649231       0.30864587078981348     
   1.1520000000000004        20.641336297735215       0.25664725261507043     
   1.1580000000000004        16.500440592643461       0.22789397797626978     
   1.1640000000000004        14.120746539180157       0.18444320189453700     
   1.1700000000000004        11.999106589703926       0.14506176949385122     
   1.1760000000000004        10.702605378918413       0.14916882945707019     
   1.1820000000000004        9.4965265661891234       0.11911827256541063     
   1.1880000000000004        8.7087731385944380       0.11052219134676199     
   1.1940000000000004        8.1053409601698156        8.9810263556666131E-002
   1.2000000000000004        7.5046907040647888        8.0296296755693747E-002
   1.2060000000000004        7.0613724955094685        7.3090966771880886E-002
   1.2120000000000004        6.8683338850107276        6.7561029067476588E-002
   1.2180000000000004        6.4274353481453970        5.6035963413014991E-002
   1.2240000000000004        6.1547172338994258        4.8926512241882096E-002
   1.2300000000000004        5.8567014596939169        4.1074077913422866E-002
   1.2360000000000004        5.2537027732845054        2.9385519485801068E-002
   1.2420000000000004        1.0712032700840544        9.1733434556596667E-003
   1.2480000000000004        0.0000000000000000        0.0000000000000000     
   1.2540000000000004        0.0000000000000000        0.0000000000000000     
   1.2600000000000005        0.0000000000000000        0.0000000000000000     
   1.2660000000000005        0.0000000000000000        0.0000000000000000     
   1.2720000000000005        0.0000000000000000        0.0000000000000000     
   1.2780000000000005        0.0000000000000000        0.0000000000000000     
   1.2840000000000005        0.0000000000000000        0.0000000000000000     
   1.2900000000000005        0.0000000000000000        0.0000000000000000     
   1.2960000000000005        0.0000000000000000        0.0000000000000000     
   1.3020000000000005        0.0000000000000000        0.0000000000000000     
   1.3080000000000005        0.0000000000000000        0.0000000000000000     
   1.3140000000000005        0.0000000000000000        0.0000000000000000     
   1.3200000000000005        0.0000000000000000        0.0000000000000000     
   1.3260000000000005        0.0000000000000000        0.0000000000000000     
   1.3320000000000005        0.0000000000000000        0.0000000000000000     
   1.3380000000000005        0.0000000000000000        0.0000000000000000     
   1.3440000000000005        0.0000000000000000        0.0000000000000000     
   1.3500000000000005        0.0000000000000000        0.0000000000000000     
   1.3560000000000005        0.0000000000000000        0.0000000000000000     
   1.3620000000000005        0.0000000000000000        0.0000000000000000     
   1.3680000000000005        0.0000000000000000        0.0000000000000000     
   1.3740000000000006        0.0000000000000000        0.0000000000000000     
   1.3800000000000006        0.0000000000000000        0.0000000000000000     
   1.3860000000000006        0.0000000000000000        0.0000000000000000     
   1.3920000000000006        0.0000000000000000        0.0000000000000000     
   1.3980000000000006        0.0000000000000000        0.0000000000000000     
   1.4040000000000006        0.0000000000000000        0.0000000000000000     
   1.4100000000000006        0.0000000000000000        0.0000000000000000     
   1.4160000000000006        0.0000000000000000        0.0000000000000000     
   1.4220000000000006        0.0000000000000000        0.0000000000000000     
   1.4280000000000006        0.0000000000000000        0.0000000000000000     
   1.4340000000000006        0.0000000000000000        0.0000000000000000     
   1.4400000000000006        0.0000000000000000        0.0000000000000000     
   1.4460000000000006        0.0000000000000000        0.0000000000000000     
   1.4520000000000006        0.0000000000000000        0.0000000000000000     
   1.4580000000000006        0.0000000000000000        0.0000000000000000     
   1.4640000000000006        0.0000000000000000        0.0000000000000000     
   1.4700000000000006        0.0000000000000000        0.0000000000000000     
   1.4760000000000006        0.0000000000000000        0.0000000000000000     
   1.4820000000000007        0.0000000000000000        0.0000000000000000     
   1.4880000000000007        0.0000000000000000        0.0000000000000000     
   1.4940000000000007        0.0000000000000000        0.0000000000000000     
   1.5000000000000007        0.0000000000000000        0.0000000000000000     
   1.5060000000000007        0.0000000000000000        0.0000000000000000     
   1.5120000000000007        0.0000000000000000        0.0000000000000000     
   1.5180000000000007        0.0000000000000000        0.0000000000000000     
   1.5240000000000007        0.0000000000000000        0.0000000000000000     
   1.5300000000000007        0.0000000000000000        0.0000000000000000     
   1.5360000000000007        0.0000000000000000        0.0000000000000000     
   1.5420000000000007        0.0000000000000000        0.0000000000000000     
   1.5480000000000007        0.0000000000000000        0.0000000000000000     
   1.5540000000000007        0.0000000000000000        0.0000000000000000     
   1.5600000000000007        0.0000000000000000        0.0000000000000000     
   1.5660000000000007        0.0000000000000000        0.0000000000000000     
   1.5720000000000007        0.0000000000000000        0.0000000000000000     
   1.5780000000000007        0.0000000000000000        0.0000000000000000     
   1.5840000000000007        0.0000000000000000        0.0000000000000000     
   1.5900000000000007        0.0000000000000000        0.0000000000000000     
   1.5960000000000008        0.0000000000000000        0.0000000000000000     
   1.6020000000000008        0.0000000000000000        0.0000000000000000     
   1.6080000000000008        0.0000000000000000        0.0000000000000000     
   1.6140000000000008        0.0000000000000000        0.0000000000000000     
   1.6200000000000008        0.0000000000000000        0.0000000000000000     
   1.6260000000000008        0.0000000000000000        0.0000000000000000     
   1.6320000000000008        0.0000000000000000        0.0000000000000000     
   1.6380000000000008        0.0000000000000000        0.0000000000000000     
   1.6440000000000008        0.0000000000000000        0.0000000000000000     
   1.6500000000000008        0.0000000000000000        0.0000000000000000     
   1.6560000000000008        0.0000000000000000        0.0000000000000000     
   1.6620000000000008        0.0000000000000000        0.0000000000000000     
   1.6680000000000008        0.0000000000000000        0.0000000000000000     
   1.6740000000000008        0.0000000000000000        0.0000000000000000     
   1.6800000000000008        0.0000000000000000        0.0000000000000000     
   1.6860000000000008        0.0000000000000000        0.0000000000000000     
   1.6920000000000008        0.0000000000000000        0.0000000000000000     
   1.6980000000000008        0.0000000000000000        0.0000000000000000     
   1.7040000000000008        0.0000000000000000        0.0000000000000000     
   1.7100000000000009        0.0000000000000000        0.0000000000000000     
   1.7160000000000009        0.0000000000000000        0.0000000000000000     
   1.7220000000000009        0.0000000000000000        0.0000000000000000     
   1.7280000000000009        0.0000000000000000        0.0000000000000000     
   1.7340000000000009        0.0000000000000000        0.0000000000000000     
   1.7400000000000009        0.0000000000000000        0.0000000000000000     
   1.7460000000000009        0.0000000000000000        0.0000000000000000     
   1.7520000000000009        0.0000000000000000        0.0000000000000000     
   1.7580000000000009        0.0000000000000000        0.0000000000000000     
   1.7640000000000009        0.0000000000000000        0.0000000000000000     
   1.7700000000000009        0.0000000000000000        0.0000000000000000     
   1.7760000000000009        0.0000000000000000        0.0000000000000000     
   1.7820000000000009        0.0000000000000000        0.0000000000000000     
   1.7880000000000009        0.0000000000000000        0.0000000000000000     
   1.7940000000000009        0.0000000000000000        0.0000000000000000     
