   20.000000000000000        0.0000000000000000        0.0000000000000000     
   20.199999999999999        0.0000000000000000        0.0000000000000000     
   20.399999999999999        0.0000000000000000        0.0000000000000000     
   20.599999999999998        0.0000000000000000        0.0000000000000000     
   20.799999999999997        0.0000000000000000        0.0000000000000000     
   20.999999999999996        0.0000000000000000        0.0000000000000000     
   21.199999999999996        0.0000000000000000        0.0000000000000000     
   21.399999999999995        0.0000000000000000        0.0000000000000000     
   21.599999999999994        0.0000000000000000        0.0000000000000000     
   21.799999999999994        0.0000000000000000        0.0000000000000000     
   21.999999999999993        0.0000000000000000        0.0000000000000000     
   22.199999999999992        0.0000000000000000        0.0000000000000000     
   22.399999999999991        0.0000000000000000        0.0000000000000000     
   22.599999999999991        0.0000000000000000        0.0000000000000000     
   22.799999999999990        0.0000000000000000        0.0000000000000000     
   22.999999999999989        0.0000000000000000        0.0000000000000000     
   23.199999999999989        0.0000000000000000        0.0000000000000000     
   23.399999999999988        0.0000000000000000        0.0000000000000000     
   23.599999999999987        0.0000000000000000        0.0000000000000000     
   23.799999999999986        0.0000000000000000        0.0000000000000000     
   23.999999999999986        0.0000000000000000        0.0000000000000000     
   24.199999999999985        0.0000000000000000        0.0000000000000000     
   24.399999999999984        0.0000000000000000        0.0000000000000000     
   24.599999999999984        0.0000000000000000        0.0000000000000000     
   24.799999999999983        0.0000000000000000        0.0000000000000000     
   24.999999999999982        6.1090264883136014E-002   4.7866394438426489E-003
   25.199999999999982        5.1458166405214875E-002   2.8182075359837570E-003
   25.399999999999981        5.4048964922834099E-002   3.0939462744464853E-003
   25.599999999999980        4.8903623530178207E-002   2.3077341530623866E-003
   25.799999999999979        5.3816504975284701E-002   3.6236029556187036E-003
   25.999999999999979        5.6234324820963501E-002   3.6369903913615565E-003
   26.199999999999978        5.5494619906011934E-002   3.8656108456711471E-003
   26.399999999999977        5.5717024822889344E-002   3.8124442226471823E-003
   26.599999999999977        4.8502843857870272E-002   2.0590480448287574E-003
   26.799999999999976        5.4203147528638175E-002   2.7454309039122516E-003
   26.999999999999975        5.8115347844443097E-002   4.1978849387146839E-003
   27.199999999999974        5.7229145035330289E-002   4.4738035978953176E-003
   27.399999999999974        5.9215762422649205E-002   3.1787102818078396E-003
   27.599999999999973        6.0683208415040435E-002   4.3819668019357263E-003
   27.799999999999972        5.5933439898106702E-002   3.8716477675637294E-003
   27.999999999999972        5.2231605454649895E-002   2.0458089059438868E-003
   28.199999999999971        6.2143870490824787E-002   3.9152021779238350E-003
   28.399999999999970        5.8477471145270937E-002   3.8601765295718390E-003
   28.599999999999969        6.0411880568689756E-002   3.5770784475563011E-003
   28.799999999999969        6.1464062752312414E-002   3.6221434530513789E-003
   28.999999999999968        6.0437841805921294E-002   4.4128682770282228E-003
   29.199999999999967        6.1219919643070816E-002   3.8934057041607605E-003
   29.399999999999967        5.6253255573563095E-002   2.9711589709601914E-003
   29.599999999999966        6.8767741855507936E-002   4.4678906808959338E-003
   29.799999999999965        6.5479514220083176E-002   4.5461799001017683E-003
   29.999999999999964        6.3227639576411629E-002   3.8423899460357318E-003
   30.199999999999964        6.2386639262905823E-002   3.9396267467671896E-003
   30.399999999999963        6.3638415897941072E-002   3.6398938700369409E-003
   30.599999999999962        6.3201146696707802E-002   3.4176962700545300E-003
   30.799999999999962        7.3106049100186726E-002   5.5018685585412792E-003
   30.999999999999961        6.7421392318776460E-002   3.5900219380685891E-003
   31.199999999999960        6.2971166058497438E-002   3.6410199806124321E-003
   31.399999999999959        6.6425385007278820E-002   3.8424120477512295E-003
   31.599999999999959        6.6915855342383423E-002   4.3020898836071512E-003
   31.799999999999958        6.2838708156533016E-002   3.5368613660904363E-003
   31.999999999999961        7.0184515647802620E-002   4.5837576259863027E-003
   32.199999999999960        7.3652626462527140E-002   5.3867334427416579E-003
   32.399999999999963        6.9940094205562062E-002   4.2232851469617763E-003
   32.599999999999966        6.9649622971062877E-002   3.4291075073209147E-003
   32.799999999999969        7.2422689084687547E-002   3.9211567444891885E-003
   32.999999999999972        6.5317762258715134E-002   2.8380394422007427E-003
   33.199999999999974        7.1388925776588716E-002   4.0864077237616507E-003
   33.399999999999977        7.2335451460414257E-002   4.0481557155413539E-003
   33.599999999999980        6.4758116376002914E-002   2.4972482708796812E-003
   33.799999999999983        7.3162438753810385E-002   4.5976546432908360E-003
   33.999999999999986        6.5842858403029766E-002   2.5446571583122930E-003
   34.199999999999989        7.6733806527780737E-002   4.2081896418806643E-003
   34.399999999999991        8.0084517956614379E-002   5.8219261097097897E-003
   34.599999999999994        7.3753569866920402E-002   3.4927935603534439E-003
   34.799999999999997        7.3601497368593533E-002   3.4152658263761101E-003
   35.000000000000000        7.9961004582678893E-002   4.6971939719452739E-003
   35.200000000000003        7.9868208398493790E-002   4.9251507367954863E-003
   35.400000000000006        7.4817403231361004E-002   5.6214655467271210E-003
   35.600000000000009        8.0871134585527887E-002   4.1165406715762175E-003
   35.800000000000011        8.2347150956376972E-002   5.9865190072981855E-003
   36.000000000000014        7.7882928723311276E-002   3.4193579151576363E-003
   36.200000000000017        7.7748483771241841E-002   3.9764506233225944E-003
   36.400000000000020        8.5940668997569261E-002   4.3856542344687735E-003
   36.600000000000023        8.0592460334144009E-002   3.9575337883005933E-003
   36.800000000000026        8.4080909544214807E-002   4.1831043265177547E-003
   37.000000000000028        9.3404066276133332E-002   6.3021403088427850E-003
   37.200000000000031        7.8558515580979191E-002   3.2042401805798724E-003
   37.400000000000034        8.8612632107324479E-002   4.9827639321923722E-003
   37.600000000000037        8.5349606556571506E-002   4.2564073786225988E-003
   37.800000000000040        8.1607528363808066E-002   3.5913906152335515E-003
   38.000000000000043        9.3602824245128391E-002   5.2702515455325212E-003
   38.200000000000045        8.9500982322196665E-002   5.2354242447884437E-003
   38.400000000000048        9.5481945358960374E-002   4.9164515711428739E-003
   38.600000000000051        9.0650141274782201E-002   4.8721227669159053E-003
   38.800000000000054        8.9650753761500723E-002   4.0322774460240197E-003
   39.000000000000057        8.9454365707026223E-002   3.6879184605164012E-003
   39.200000000000060        9.5107336224505831E-002   6.1551049735015942E-003
   39.400000000000063        9.0760851188672970E-002   4.7961125781893982E-003
   39.600000000000065        9.9339377792022426E-002   4.6523318317522296E-003
   39.800000000000068       0.10545533786806680        5.5074101691989707E-003
   40.000000000000071       0.10053339739543427        5.4731404117733910E-003
   40.200000000000074       0.11147781641046377        5.7717943777196596E-003
   40.400000000000077       0.10120423146171456        3.9827312201437112E-003
   40.600000000000080       0.10255056893946085        4.5229194000828681E-003
   40.800000000000082       0.11467892475748757        6.0331268239975627E-003
   41.000000000000085       0.10991190713152302        4.5409115482095861E-003
   41.200000000000088       0.11463199713967473        5.6596394921484914E-003
   41.400000000000091       0.11020344479496902        4.4004752249240196E-003
   41.600000000000094       0.11598001848818699        5.1681295564311482E-003
   41.800000000000097       0.12360295377133634        5.6863420416130867E-003
   42.000000000000099       0.11194773457963766        3.9119669427928805E-003
   42.200000000000102       0.11726395489821133        4.5938410497649131E-003
   42.400000000000105       0.13655480866167974        6.1953727205228386E-003
   42.600000000000108       0.12424208245887818        3.9029881386490649E-003
   42.800000000000111       0.12728128205890954        4.7917041294033760E-003
   43.000000000000114       0.14919416198425206        6.5976811863802361E-003
   43.200000000000117       0.14559632069260306        5.1813619118478635E-003
   43.400000000000119       0.16012385265497900        7.1904037515845842E-003
   43.600000000000122       0.14836636601034575        4.4534803905118495E-003
   43.800000000000125       0.17270990958393143        6.7944446590094401E-003
   44.000000000000128       0.15976094672160013        5.1895738740666214E-003
   44.200000000000131       0.17698936343624613        6.4310635532874010E-003
   44.400000000000134       0.19654910633726130        7.0129836921010999E-003
   44.600000000000136       0.19591886505739833        6.3560007034527567E-003
   44.800000000000139       0.21235713119083971        6.5718686493259869E-003
   45.000000000000142       0.21513261836396466        7.1079092920067798E-003
   45.200000000000145       0.20881366069474033        5.8059694434150783E-003
   45.400000000000148       0.20713827562515039        7.6947779041389268E-003
   45.600000000000151       0.17581061190048095        6.0783014223791832E-003
   45.800000000000153       0.13210996069336611        4.4517357663672319E-003
   46.000000000000156        9.9943320120639542E-002   4.5493925561524793E-003
   46.200000000000159        7.9314619925246008E-002   3.7752510058522916E-003
   46.400000000000162        6.7666038892712083E-002   4.2926724247945736E-003
   46.600000000000165        5.0978619316934599E-002   3.4576198887417138E-003
   46.800000000000168        4.1859102556251228E-002   2.9277660654474479E-003
   47.000000000000171        3.4067063925964487E-002   3.1162728387186061E-003
   47.200000000000173        2.6078998763575126E-002   1.5633207777779306E-003
   47.400000000000176        2.3904323752340535E-002   1.9634503297300565E-003
   47.600000000000179        2.3348213286927433E-002   2.8955106144860593E-003
   47.800000000000182        1.6484109705557012E-002   1.2982908398762026E-003
   48.000000000000185        1.9105577090504533E-002   2.1676867035596947E-003
   48.200000000000188        1.5158887676068133E-002   1.7327342946220666E-003
   48.400000000000190        1.3246562634667143E-002   7.8480024732991089E-004
   48.600000000000193        1.2420316999209006E-002   1.0887825719024726E-003
   48.800000000000196        9.3620334771299003E-003   5.7918298264843856E-004
   49.000000000000199        8.7542107740432654E-003   4.5610621075200115E-004
   49.200000000000202        9.3978878198171245E-003   7.1041308852880496E-004
   49.400000000000205        9.7984038384256854E-003   1.1633902890645705E-003
   49.600000000000207        9.5359832990778298E-003   1.0169222760928434E-003
   49.800000000000210        7.7550388683643116E-003   9.3906876349854514E-004
   50.000000000000213        7.2767522422108434E-003   6.3097970479960783E-004
   50.200000000000216        8.0348209973930933E-003   1.2379572253335214E-003
   50.400000000000219        6.0198654910628311E-003   6.5792271909424728E-004
   50.600000000000222        5.5606924859967419E-003   3.7409440509497634E-004
   50.800000000000225        6.3152111110648156E-003   5.6195778130302919E-004
   51.000000000000227        5.3428917984382884E-003   6.0289251307196973E-004
   51.200000000000230        5.2481860001562406E-003   3.3871371999215637E-004
   51.400000000000233        6.9141025838148091E-003   1.0235383918231580E-003
   51.600000000000236        5.7727382270397363E-003   8.6571840003119146E-004
   51.800000000000239        3.9768791444944052E-003   1.8937403426001160E-004
   52.000000000000242        4.1455250618374889E-003   2.6496461168518050E-004
   52.200000000000244        3.6754811761376739E-003   1.7677440940993430E-004
   52.400000000000247        3.7234133590671580E-003   2.2321886916979296E-004
   52.600000000000250        3.9234446652940264E-003   3.2419637234259476E-004
   52.800000000000253        3.9091947076519157E-003   3.5565049891186906E-004
   53.000000000000256        4.0415811605952192E-003   3.4289900401317025E-004
   53.200000000000259        3.5016939875714423E-003   2.4610622142555910E-004
   53.400000000000261        3.5822211746870725E-003   4.9917509600787573E-004
   53.600000000000264        3.5556175311783011E-003   3.3437905976345714E-004
   53.800000000000267        3.1972122232190349E-003   3.8069231176978617E-004
   54.000000000000270        3.7534296134761093E-003   3.2172669232597817E-004
   54.200000000000273        3.1779743938538220E-003   3.1563162819814110E-004
   54.400000000000276        3.0490608014374330E-003   3.9768743055648822E-004
   54.600000000000279        2.8506994984352210E-003   4.3290434168594637E-004
   54.800000000000281        3.0563161484866786E-003   5.3079999109284330E-004
   55.000000000000284        2.7238546585384065E-003   2.6203577225726381E-004
   55.200000000000287        2.7647839279723607E-003   2.6613968355305962E-004
   55.400000000000290        2.4163003091531850E-003   1.6744604043989695E-004
   55.600000000000293        3.1553014214368109E-003   5.5150924332307550E-004
   55.800000000000296        2.6679254802299060E-003   2.8638366961411836E-004
   56.000000000000298        2.6800485629598519E-003   2.8120476623740324E-004
   56.200000000000301        2.5995963587365661E-003   2.2641638104806748E-004
   56.400000000000304        2.2279679168830404E-003   1.4348611307144822E-004
   56.600000000000307        2.2143756094643377E-003   1.4577172530265349E-004
   56.800000000000310        2.5268152205763449E-003   2.7523161826904828E-004
   57.000000000000313        2.2245458714766084E-003   1.8415974491209973E-004
   57.200000000000315        2.0666311527329727E-003   1.4554968025073909E-004
   57.400000000000318        2.2359645064184948E-003   2.3128849663664022E-004
   57.600000000000321        2.0076330496717281E-003   1.4275159654550108E-004
   57.800000000000324        2.5496807649797977E-003   3.7887744116288103E-004
   58.000000000000327        2.0066679906041132E-003   1.3730070910995216E-004
   58.200000000000330        2.3983189214620278E-003   3.3158409637430697E-004
   58.400000000000333        1.7584759405491919E-003   8.4847121641242769E-005
   58.600000000000335        1.6931231148126153E-003   1.0396249252948537E-004
   58.800000000000338        2.0087457879315509E-003   1.5591362605351918E-004
   59.000000000000341        1.6952607236354474E-003   9.9462569713390373E-005
   59.200000000000344        1.7707396200780851E-003   1.2306627317231817E-004
   59.400000000000347        1.7796263516460676E-003   1.0337587387465255E-004
   59.600000000000350        1.6754827787051306E-003   1.1484045859605480E-004
   59.800000000000352        1.5600849267720768E-003   8.2162883373662960E-005
