  -2.0000000000000000        4.0740461749738700E-003   1.6983024556801047E-004
  -1.9800000000000000        4.9051664776711473E-003   1.8431827198425185E-004
  -1.9600000000000000        5.4308305596611891E-003   1.9184258457113562E-004
  -1.9399999999999999        6.1040016276937750E-003   2.0306723917428677E-004
  -1.9199999999999999        7.7481718559587335E-003   2.2864826007253360E-004
  -1.8999999999999999        8.1039515659159303E-003   2.3312159218676006E-004
  -1.8799999999999999        9.2828008500796168E-003   2.4807944233132669E-004
  -1.8599999999999999        1.0088902068677212E-002   2.5650753516202705E-004
  -1.8399999999999999        1.0903314696662935E-002   2.6488362192578089E-004
  -1.8199999999999998        1.1575222299585878E-002   2.6941810889883927E-004
  -1.7999999999999998        1.2910422425428073E-002   2.8540522108430377E-004
  -1.7799999999999998        1.3954618689113928E-002   2.9466364257024096E-004
  -1.7599999999999998        1.4607823489192658E-002   3.0020111064769272E-004
  -1.7399999999999998        1.5678628537240547E-002   3.1174893467495379E-004
  -1.7199999999999998        1.6455402302239779E-002   3.1647698216391069E-004
  -1.6999999999999997        1.7377646286558898E-002   3.2346962502898750E-004
  -1.6799999999999997        1.7972363421051584E-002   3.2574657207209230E-004
  -1.6599999999999997        1.9189616938372143E-002   3.3369667774858184E-004
  -1.6399999999999997        2.0226084359269505E-002   3.4147167897694876E-004
  -1.6199999999999997        2.0856421038118009E-002   3.4559461561795560E-004
  -1.5999999999999996        2.2807495124481780E-002   3.6171594030639847E-004
  -1.5799999999999996        2.2815609418680126E-002   3.6025595535209477E-004
  -1.5599999999999996        2.4258505932953801E-002   3.6635984951233897E-004
  -1.5399999999999996        2.4958901960214080E-002   3.7088951120501539E-004
  -1.5199999999999996        2.6484165165380193E-002   3.8247795542649664E-004
  -1.4999999999999996        2.6709119607298527E-002   3.8197819399994810E-004
  -1.4799999999999995        2.8409831030781263E-002   3.9166203442572175E-004
  -1.4599999999999995        2.8892741259334043E-002   3.9345253757713550E-004
  -1.4399999999999995        3.0311238497566204E-002   4.0057301479754691E-004
  -1.4199999999999995        3.1278700310499001E-002   4.0569908572330192E-004
  -1.3999999999999995        3.2511670146837660E-002   4.1324587791279554E-004
  -1.3799999999999994        3.2926993855733548E-002   4.1382986998476760E-004
  -1.3599999999999994        3.4337691962861808E-002   4.2000487574966400E-004
  -1.3399999999999994        3.5371796191831402E-002   4.2396466021069263E-004
  -1.3199999999999994        3.6515017905830442E-002   4.3043482495559845E-004
  -1.2999999999999994        3.7743295483190248E-002   4.3555476625045273E-004
  -1.2799999999999994        3.9276151196375987E-002   4.4507321341157854E-004
  -1.2599999999999993        3.9741144666259595E-002   4.4288286969808581E-004
  -1.2399999999999993        4.0464952205713112E-002   4.4383066514958768E-004
  -1.2199999999999993        4.1079522249580065E-002   4.4298271790232366E-004
  -1.1999999999999993        4.2464345967083768E-002   4.5211456685556128E-004
  -1.1799999999999993        4.3523355087788401E-002   4.5628349321661022E-004
  -1.1599999999999993        4.4945295824448138E-002   4.6187678008738608E-004
  -1.1399999999999992        4.6256975892651042E-002   4.6804596622551382E-004
  -1.1199999999999992        4.6756889539703486E-002   4.6687077619318436E-004
  -1.0999999999999992        4.6554417794440639E-002   4.6167204033284247E-004
  -1.0799999999999992        4.8323511440234022E-002   4.7163380250876723E-004
  -1.0599999999999992        4.9059001854984845E-002   4.7340783572898142E-004
  -1.0399999999999991        5.0574613154432041E-002   4.7760193166310248E-004
  -1.0199999999999991        5.1523908053751365E-002   4.8043743764995524E-004
 -0.99999999999999911        5.2470320902878044E-002   4.8158289278876049E-004
 -0.97999999999999909        5.2947779974953320E-002   4.8404248044166530E-004
 -0.95999999999999908        5.4017748236950242E-002   4.8617162004958197E-004
 -0.93999999999999906        5.5335996009631377E-002   4.9128937255294672E-004
 -0.91999999999999904        5.5929357604142443E-002   4.9189187338168885E-004
 -0.89999999999999902        5.6217307056013167E-002   4.9012348182446463E-004
 -0.87999999999999901        5.7908201109553789E-002   4.9648082252708289E-004
 -0.85999999999999899        5.8517009980892293E-002   4.9821461003559243E-004
 -0.83999999999999897        5.9288577976406284E-002   4.9835628975423161E-004
 -0.81999999999999895        6.0854126750291469E-002   5.0429902358936488E-004
 -0.79999999999999893        6.1271765617329672E-002   5.0396004210200051E-004
 -0.77999999999999892        6.2743581806069107E-002   5.0745289058838389E-004
 -0.75999999999999890        6.2554252249747436E-002   5.0600350928416398E-004
 -0.73999999999999888        6.4010293724319933E-002   5.1201158696474150E-004
 -0.71999999999999886        6.4242684923081897E-002   5.1127454303707151E-004
 -0.69999999999999885        6.4988216213316269E-002   5.1266739649780037E-004
 -0.67999999999999883        6.6150263837795764E-002   5.1534121964019416E-004
 -0.65999999999999881        6.6603793520469440E-002   5.1665873357574737E-004
 -0.63999999999999879        6.7867182319254774E-002   5.2089306119634685E-004
 -0.61999999999999877        6.8457135873569233E-002   5.2346774487209739E-004
 -0.59999999999999876        6.9937627891798956E-002   5.2833485799331939E-004
 -0.57999999999999874        7.0049944946519505E-002   5.2832971562040594E-004
 -0.55999999999999872        7.1597213893110259E-002   5.3299812424499897E-004
 -0.53999999999999870        7.2189728703874328E-002   5.3496975166508753E-004
 -0.51999999999999869        7.2640359237342411E-002   5.3885109217401616E-004
 -0.49999999999999867        7.4203254682885370E-002   5.4378707875662785E-004
 -0.47999999999999865        7.5749302149010517E-002   5.5060176137624488E-004
 -0.45999999999999863        7.6114922312369604E-002   5.5152430316907195E-004
 -0.43999999999999861        7.6293790340700995E-002   5.5376480153511366E-004
 -0.41999999999999860        7.8324211991530099E-002   5.6303682270532243E-004
 -0.39999999999999858        7.8563253439208544E-002   5.6395557148550875E-004
 -0.37999999999999856        7.9475203749137399E-002   5.6933419738622445E-004
 -0.35999999999999854        8.0103940824557990E-002   5.7259566078154533E-004
 -0.33999999999999853        8.0359900993046213E-002   5.7425562102371083E-004
 -0.31999999999999851        8.1290462942294250E-002   5.7689210700911822E-004
 -0.29999999999999849        8.0898165658625523E-002   5.7461038450256274E-004
 -0.27999999999999847        8.1300174128401181E-002   5.7817908346674161E-004
 -0.25999999999999845        8.1022145354034750E-002   5.7696085437820681E-004
 -0.23999999999999846        8.2149913939829247E-002   5.8185452571396328E-004
 -0.21999999999999847        8.2686845490756111E-002   5.8273188467487867E-004
 -0.19999999999999848        8.0909972298562755E-002   5.7438804486098472E-004
 -0.17999999999999849        8.2022110585037264E-002   5.8020506728806453E-004
 -0.15999999999999850        8.1558372418685549E-002   5.7925990479924425E-004
 -0.13999999999999851        8.0228158134293653E-002   5.7099665314421140E-004
 -0.11999999999999851        8.1012173139218477E-002   5.7593782385615105E-004
  -9.9999999999998507E-002   8.1344969415098889E-002   5.7621927614067120E-004
  -7.9999999999998503E-002   8.1532326771671729E-002   5.7662993758987537E-004
  -5.9999999999998499E-002   8.1204363893787671E-002   5.7519317605881520E-004
  -3.9999999999998495E-002   8.1450249929926333E-002   5.7671112190035075E-004
  -1.9999999999998495E-002   8.0666441775326808E-002   5.7238777917116047E-004
   1.5057399771478686E-015   7.9228149909693263E-002   5.6501619078731032E-004
   2.0000000000001506E-002   7.9934085586255837E-002   5.6813027402231506E-004
   4.0000000000001507E-002   8.0210681989470803E-002   5.7019868541189104E-004
   6.0000000000001510E-002   7.8817802062215558E-002   5.6320551934112945E-004
   8.0000000000001514E-002   7.9076866280535632E-002   5.6532745824419781E-004
  0.10000000000000152        7.8284630350600848E-002   5.6161640692344820E-004
  0.12000000000000151        7.7414914136823235E-002   5.5785414956706922E-004
  0.14000000000000151        7.8608410935977743E-002   5.6478722708862598E-004
  0.16000000000000150        7.7004918106221676E-002   5.5630043533721953E-004
  0.18000000000000149        7.6920806003104372E-002   5.5580925031363797E-004
  0.20000000000000148        7.6619739119878391E-002   5.5390105074265279E-004
  0.22000000000000147        7.4548048182802737E-002   5.4575331493749313E-004
  0.24000000000000146        7.4565429651410609E-002   5.4425843492927266E-004
  0.26000000000000145        7.4700582306847743E-002   5.4531187746429213E-004
  0.28000000000000147        7.4135537694872897E-002   5.4289660601945420E-004
  0.30000000000000149        7.2390050140654777E-002   5.3587277640236152E-004
  0.32000000000000151        7.1826096692033811E-002   5.3086744812582873E-004
  0.34000000000000152        7.2185757197695294E-002   5.3596032644356330E-004
  0.36000000000000154        6.9831543870682064E-002   5.2439133520499281E-004
  0.38000000000000156        6.8936676380290093E-002   5.1902026426964580E-004
  0.40000000000000158        6.7425744962590878E-002   5.1002438826054533E-004
  0.42000000000000159        6.5997753477927204E-002   5.0300885654990793E-004
  0.44000000000000161        6.5886916873045445E-002   5.0161275789646121E-004
  0.46000000000000163        6.4192872507885176E-002   4.9270359279307541E-004
  0.48000000000000165        6.3470426469125762E-002   4.9071383899490723E-004
  0.50000000000000167        6.2726457587414922E-002   4.9141428147267798E-004
  0.52000000000000168        6.1291047170481991E-002   4.8034089497483236E-004
  0.54000000000000170        6.0108482651190266E-002   4.7578582745144612E-004
  0.56000000000000172        5.8062077695977710E-002   4.6578155378980722E-004
  0.58000000000000174        5.8252966475334712E-002   4.6865162203390030E-004
  0.60000000000000175        5.7746802578642911E-002   4.6485056854365622E-004
  0.62000000000000177        5.5562041200827562E-002   4.5348886209074909E-004
  0.64000000000000179        5.4905398033631821E-002   4.5078780090225621E-004
  0.66000000000000181        5.2881290008497894E-002   4.4286326165186342E-004
  0.68000000000000183        5.2990198156371814E-002   4.4233499203687545E-004
  0.70000000000000184        5.1269362822916199E-002   4.3148573996398495E-004
  0.72000000000000186        5.1307446682670572E-002   4.3368355297218440E-004
  0.74000000000000188        5.0401200464988125E-002   4.3197591465133614E-004
  0.76000000000000190        4.9343946939264069E-002   4.2435129861117442E-004
  0.78000000000000191        4.7951035409760881E-002   4.1738568734195222E-004
  0.80000000000000193        4.7370693102801946E-002   4.1583462644535709E-004
  0.82000000000000195        4.6038736102867642E-002   4.1063791949427070E-004
  0.84000000000000197        4.5815599428994914E-002   4.0907760313120865E-004
  0.86000000000000199        4.4020214816443450E-002   4.0120673501099481E-004
  0.88000000000000200        4.3555473480375598E-002   3.9838281743961781E-004
  0.90000000000000202        4.1901945598508829E-002   3.8918675625567079E-004
  0.92000000000000204        4.1760721013828078E-002   3.8924473779622978E-004
  0.94000000000000206        4.0361693529951184E-002   3.8227709317253321E-004
  0.96000000000000207        3.9681323802567385E-002   3.7863262165689767E-004
  0.98000000000000198        3.9328868291923204E-002   3.8036840637130647E-004
   1.0000000000000020        3.8294704109740778E-002   3.7355721109477350E-004
   1.0200000000000020        3.6972243247643546E-002   3.6661575596903605E-004
   1.0400000000000020        3.6856298942147050E-002   3.6756994475495292E-004
   1.0600000000000021        3.5614559079808317E-002   3.6320130113573452E-004
   1.0800000000000021        3.4445201111626869E-002   3.5555041269151166E-004
   1.1000000000000021        3.3785586557344094E-002   3.5199497828978512E-004
   1.1200000000000021        3.3535644584327035E-002   3.5224925006980461E-004
   1.1400000000000021        3.2716856138719427E-002   3.4803954226518514E-004
   1.1600000000000021        3.1509141163906296E-002   3.4220666552945653E-004
   1.1800000000000022        3.1160883079237749E-002   3.4275110494685023E-004
   1.2000000000000022        3.0543762508743421E-002   3.3986929161115761E-004
   1.2200000000000022        2.9356833269543140E-002   3.3400215363889644E-004
   1.2400000000000022        2.8616596718148816E-002   3.2874139915850710E-004
   1.2600000000000022        2.7543986614949490E-002   3.2396318103978622E-004
   1.2800000000000022        2.7444095823702427E-002   3.2521721402383927E-004
   1.3000000000000023        2.5684314590812021E-002   3.1361999613041454E-004
   1.3200000000000023        2.5173387150784599E-002   3.1220137262888073E-004
   1.3400000000000023        2.4214074188345869E-002   3.0722608816509032E-004
   1.3600000000000023        2.4005549959194534E-002   3.0780519868220309E-004
   1.3800000000000023        2.2869877888869135E-002   3.0010356898099169E-004
   1.4000000000000024        2.2549289185044251E-002   3.0019719045946053E-004
   1.4200000000000024        2.0999382546748518E-002   2.9012982995957744E-004
   1.4400000000000024        2.0857210183236084E-002   2.9057947840193190E-004
   1.4600000000000024        2.0280146081995826E-002   2.8792355548382386E-004
   1.4800000000000024        1.9089433035481725E-002   2.7731321898621578E-004
   1.5000000000000024        1.8446819740169113E-002   2.7522343464515933E-004
   1.5200000000000025        1.7509656829691404E-002   2.6804459769120989E-004
   1.5400000000000025        1.7085230054593527E-002   2.6703983977643508E-004
   1.5600000000000025        1.6280292509716507E-002   2.6272071329966069E-004
   1.5800000000000025        1.5533342387915171E-002   2.5716879554999741E-004
   1.6000000000000025        1.4984317272781473E-002   2.5475304574811805E-004
   1.6200000000000025        1.4127513308628605E-002   2.4721039381457658E-004
   1.6400000000000026        1.3268846908445079E-002   2.3939159265132085E-004
   1.6600000000000026        1.3151690144217850E-002   2.4001700602531686E-004
   1.6800000000000026        1.2025933176415262E-002   2.3132249515280209E-004
   1.7000000000000026        1.1723754333234058E-002   2.2918148353314350E-004
   1.7200000000000026        1.0779475501571855E-002   2.2038263791531533E-004
   1.7400000000000027        9.9937267437202135E-003   2.1189609795428671E-004
   1.7600000000000027        9.3744515324179333E-003   2.0581659778472170E-004
   1.7800000000000027        9.0389102748344632E-003   2.0509139565725302E-004
   1.8000000000000027        8.0568058555802458E-003   1.9297781586530749E-004
   1.8200000000000027        7.3886919980221608E-003   1.8606499288295451E-004
   1.8400000000000027        6.9488838358645263E-003   1.8119353344490650E-004
   1.8600000000000028        6.4120881424818863E-003   1.7476487427609810E-004
   1.8800000000000028        5.4540832017011048E-003   1.6086325076105425E-004
   1.9000000000000028        5.0020544818539714E-003   1.5630951888981773E-004
   1.9200000000000028        4.4120273850774801E-003   1.4864215509401241E-004
   1.9400000000000028        3.8733969344348636E-003   1.3939116276645921E-004
   1.9600000000000029        3.1439366294446335E-003   1.2333411954189809E-004
   1.9800000000000026        2.8925456432716359E-003   1.2117143156384767E-004
