 -0.50000000000000000       0.41906488949781662        9.0740104938862726E-003
 -0.49500000000000000       0.42298303238349505        1.1359775842363388E-002
 -0.48999999999999999       0.39508721593544449        7.0688004368827193E-003
 -0.48499999999999999       0.39754263400688672        5.1163037141391827E-003
 -0.47999999999999998       0.39499037450574775        5.6009649683828166E-003
 -0.47499999999999998       0.38513206364807367        4.6919319449622160E-003
 -0.46999999999999997       0.38831795377204609        6.0600914542037788E-003
 -0.46499999999999997       0.37751034443711051        4.5300661194948820E-003
 -0.45999999999999996       0.37403579363539485        5.3358450116368370E-003
 -0.45499999999999996       0.36589529357163708        4.7693109522853128E-003
 -0.44999999999999996       0.37236065492729414        4.8301976083278339E-003
 -0.44499999999999995       0.37113386720574787        5.5866970211358499E-003
 -0.43999999999999995       0.35282605131012079        4.0938215553821510E-003
 -0.43499999999999994       0.35791942072806726        5.0532859115955111E-003
 -0.42999999999999994       0.36817679816001397        5.9996783134989174E-003
 -0.42499999999999993       0.36185888099266705        5.3960286045429086E-003
 -0.41999999999999993       0.35378750408945681        4.8697464746424671E-003
 -0.41499999999999992       0.35221433819838877        6.6187096129514122E-003
 -0.40999999999999992       0.35983847592074286        7.1980120269254906E-003
 -0.40499999999999992       0.33725434918527536        3.8190373655837568E-003
 -0.39999999999999991       0.34034755789193183        6.4935725592033238E-003
 -0.39499999999999991       0.33767630855618203        4.7241182035318687E-003
 -0.38999999999999990       0.33020927649555432        4.0708900709154226E-003
 -0.38499999999999990       0.33220562019224165        4.2075719714262053E-003
 -0.37999999999999989       0.32883935361079947        3.7323301731088249E-003
 -0.37499999999999989       0.33263020232509238        4.0080117153420474E-003
 -0.36999999999999988       0.32776316456868088        6.5894200373880158E-003
 -0.36499999999999988       0.32367036206760946        3.5570128204209014E-003
 -0.35999999999999988       0.31961825836146546        4.0240460395334450E-003
 -0.35499999999999987       0.31613272992424329        5.4837493784454325E-003
 -0.34999999999999987       0.31681624413724491        3.2872117197716103E-003
 -0.34499999999999986       0.31381920756608572        4.4820594123511489E-003
 -0.33999999999999986       0.32263641580937324        5.4786606926076160E-003
 -0.33499999999999985       0.31702574050160987        4.1761260741162128E-003
 -0.32999999999999985       0.30850040840835002        2.9664353145492542E-003
 -0.32499999999999984       0.30880242764354837        3.3571793423104570E-003
 -0.31999999999999984       0.30399918421613858        3.0716804300641586E-003
 -0.31499999999999984       0.30932038835270093        4.5654339834701992E-003
 -0.30999999999999983       0.30622085847680558        4.2640206837178266E-003
 -0.30499999999999983       0.30758819646409230        3.7663992516566692E-003
 -0.29999999999999982       0.29969451263345587        3.1814982588556475E-003
 -0.29499999999999982       0.30461494266831285        3.9435630634104711E-003
 -0.28999999999999981       0.29015546651599644        3.0034364592602452E-003
 -0.28499999999999981       0.29815123553256034        3.2458629466398914E-003
 -0.27999999999999980       0.29699745179205361        3.8728413293202409E-003
 -0.27499999999999980       0.29759248557805235        3.6333361014060212E-003
 -0.26999999999999980       0.29633843758414535        3.1840180590122810E-003
 -0.26499999999999979       0.29385114915686855        3.9290213675746248E-003
 -0.25999999999999979       0.28437631064598456        2.6783615700801799E-003
 -0.25499999999999978       0.29463030983974253        3.1549292365044613E-003
 -0.24999999999999978       0.29652202792477178        3.6265485177972259E-003
 -0.24499999999999977       0.28968044789843161        3.2280692820978725E-003
 -0.23999999999999977       0.28361627957307600        2.7937777471248831E-003
 -0.23499999999999976       0.28466305278047038        3.0274909014158156E-003
 -0.22999999999999976       0.28818982965748402        3.1034215590699521E-003
 -0.22499999999999976       0.28800799915993147        3.0351429893232750E-003
 -0.21999999999999975       0.28079280739275703        2.6516523471870417E-003
 -0.21499999999999975       0.28826494241695827        3.1741471009455622E-003
 -0.20999999999999974       0.28444818877836875        3.0072502799462822E-003
 -0.20499999999999974       0.28552417407273561        3.0567535016602365E-003
 -0.19999999999999973       0.28189414904774313        2.6898817515969421E-003
 -0.19499999999999973       0.28548790902325705        2.8634116946548468E-003
 -0.18999999999999972       0.28239933373890208        2.8762979166378918E-003
 -0.18499999999999972       0.28349107134197937        3.0298785032112905E-003
 -0.17999999999999972       0.28018406199547807        2.6079358847905893E-003
 -0.17499999999999971       0.28347060468929608        2.9413483215463285E-003
 -0.16999999999999971       0.28179852965102947        2.8373669343739407E-003
 -0.16499999999999970       0.28502202181723774        2.8670257590307844E-003
 -0.15999999999999970       0.28078136248949764        2.8658299619582399E-003
 -0.15499999999999969       0.28243172518369652        2.6479856244914141E-003
 -0.14999999999999969       0.28356987028220054        2.6575281334068473E-003
 -0.14499999999999968       0.28129462284424478        2.6074494931735497E-003
 -0.13999999999999968       0.28241244085746231        2.8211307623308150E-003
 -0.13499999999999968       0.28303767796443080        2.6523092640079382E-003
 -0.12999999999999967       0.28984838446369970        2.7547337165975076E-003
 -0.12499999999999967       0.28187622863029471        2.4404566766482684E-003
 -0.11999999999999966       0.28660687748820352        2.6044873735771058E-003
 -0.11499999999999966       0.28259949522204542        2.5296636184372846E-003
 -0.10999999999999965       0.28895386171511084        2.6359206410875857E-003
 -0.10499999999999965       0.28893326847076661        2.5740755380480344E-003
  -9.9999999999999645E-002  0.28654576759484918        2.4326319276022370E-003
  -9.4999999999999640E-002  0.29077139891319304        2.6003213119887474E-003
  -8.9999999999999636E-002  0.29425497171051118        2.5058876348997730E-003
  -8.4999999999999631E-002  0.29371096618766407        2.5249787868397737E-003
  -7.9999999999999627E-002  0.29441439094802524        2.4433849903202753E-003
  -7.4999999999999623E-002  0.29606195506856470        2.3786921994506994E-003
  -6.9999999999999618E-002  0.30418153449001523        2.4910561937820778E-003
  -6.4999999999999614E-002  0.30446362338222438        2.4849071473939275E-003
  -5.9999999999999616E-002  0.30903115792317354        2.4300449302112723E-003
  -5.4999999999999619E-002  0.31712796354106138        2.4404607270924572E-003
  -4.9999999999999621E-002  0.32267037924698622        2.3951396943698491E-003
  -4.4999999999999624E-002  0.32960977326435964        2.4275040522439024E-003
  -3.9999999999999626E-002  0.33782163430229539        2.4004707130212593E-003
  -3.4999999999999629E-002  0.35285061378390520        2.4526108590245768E-003
  -2.9999999999999628E-002  0.36759001431796734        2.4075841845802078E-003
  -2.4999999999999627E-002  0.38642309791714147        2.4128310174316605E-003
  -1.9999999999999626E-002  0.41404923653626247        2.3930422717682465E-003
  -1.4999999999999625E-002  0.47183472832896028        2.4237564654293387E-003
  -9.9999999999996238E-003  0.57902207208620537        2.4345365247173331E-003
  -4.9999999999996237E-003   1.2612302438021461        2.4859220245431811E-003
   3.7643499428696714E-016   1.2655219605415764        2.4895318627765521E-003
   5.0000000000003765E-003  0.57946968050899961        2.4345066678696271E-003
   1.0000000000000377E-002  0.46595697050613938        2.4095308193633788E-003
   1.5000000000000378E-002  0.41555840424236351        2.3996114358582517E-003
   2.0000000000000379E-002  0.38839635187053717        2.4366397575093768E-003
   2.5000000000000380E-002  0.36271712823369190        2.4181711633310377E-003
   3.0000000000000377E-002  0.35217199129021520        2.4464062671699007E-003
   3.5000000000000378E-002  0.33863287543590087        2.3957517805813858E-003
   4.0000000000000376E-002  0.33083032690242509        2.4463704275060247E-003
   4.5000000000000373E-002  0.32112661506749857        2.4314181424236240E-003
   5.0000000000000371E-002  0.31372882976956490        2.4016742290956742E-003
   5.5000000000000368E-002  0.31375782810633979        2.4380988757468419E-003
   6.0000000000000366E-002  0.30458482700382661        2.3708484030566654E-003
   6.5000000000000363E-002  0.30585658621254308        2.4623833656853876E-003
   7.0000000000000367E-002  0.29834222026735957        2.3817248653336363E-003
   7.5000000000000372E-002  0.29447389851027622        2.4374454146053764E-003
   8.0000000000000376E-002  0.29509508598568679        2.4853200042562482E-003
   8.5000000000000381E-002  0.29541155107283135        2.5014228603539544E-003
   9.0000000000000385E-002  0.29239864262693394        2.5766834312993853E-003
   9.5000000000000390E-002  0.28871140220075603        2.3997364756220300E-003
  0.10000000000000039       0.28632738228640819        2.5163783355216384E-003
  0.10500000000000040       0.28543528711493882        2.4986957808223473E-003
  0.11000000000000040       0.28963690306551854        2.6782877354222458E-003
  0.11500000000000041       0.28641489212310839        2.5743176858167866E-003
  0.12000000000000041       0.28493342265808858        2.7685946267389130E-003
  0.12500000000000042       0.28688488716570032        2.6708430625264189E-003
  0.13000000000000042       0.28291653314711329        2.6200889901112322E-003
  0.13500000000000043       0.27890085881708460        2.5217632019758842E-003
  0.14000000000000043       0.28400025747339686        2.8144685795977839E-003
  0.14500000000000043       0.27757720100777927        2.5466863252915349E-003
  0.15000000000000044       0.27692105851162763        2.5517511967784231E-003
  0.15500000000000044       0.27776034944026817        2.6011211961920332E-003
  0.16000000000000045       0.28392312174487666        3.0169620815460102E-003
  0.16500000000000045       0.28526801334589125        2.8606536164433858E-003
  0.17000000000000046       0.27931028975706307        2.7366416235955534E-003
  0.17500000000000046       0.28636614909348695        3.4696889664434455E-003
  0.18000000000000047       0.28337843686820086        3.1599518711784205E-003
  0.18500000000000047       0.28414975586115065        3.0544440613465909E-003
  0.19000000000000047       0.28050843672983350        2.8740362048359745E-003
  0.19500000000000048       0.28482051749447912        2.9213620986793423E-003
  0.20000000000000048       0.28619656157404977        3.2017288410260132E-003
  0.20500000000000049       0.28401635232943162        2.8721545770061200E-003
  0.21000000000000049       0.28365628415972816        3.0761930476216415E-003
  0.21500000000000050       0.28064035379546381        2.6800956239274635E-003
  0.22000000000000050       0.28492405415909705        3.2925550385282556E-003
  0.22500000000000051       0.28561033473586561        3.3123495982300723E-003
  0.23000000000000051       0.28399920238652338        3.2159108653825371E-003
  0.23500000000000051       0.28404450982680851        3.5180711660660895E-003
  0.24000000000000052       0.29353616356593060        3.2931665051018767E-003
  0.24500000000000050       0.28953115201929863        3.4822108013501016E-003
  0.25000000000000050       0.28782154355342948        3.2264513117984425E-003
  0.25500000000000050       0.29540811237695641        3.9452082262464837E-003
  0.26000000000000051       0.29492073138014357        2.9138955371672626E-003
  0.26500000000000051       0.29665453221174765        3.2020989486787966E-003
  0.27000000000000052       0.29201767108344084        2.9861207157031600E-003
  0.27500000000000052       0.29017063788455710        3.0696901065064698E-003
  0.28000000000000053       0.29825288137131978        3.5977192962872995E-003
  0.28500000000000053       0.30565357081046107        4.0942247479627651E-003
  0.29000000000000054       0.30302429384616553        4.5937691306836021E-003
  0.29500000000000054       0.30241035446555509        3.9345188136993541E-003
  0.30000000000000054       0.30701298596739290        3.4875201671031582E-003
  0.30500000000000055       0.30553186352005157        4.0947919956453903E-003
  0.31000000000000055       0.30898398312849806        3.4737822839529392E-003
  0.31500000000000056       0.30648691374501219        3.6189484719115839E-003
  0.32000000000000056       0.31018490515280545        3.6397071711084766E-003
  0.32500000000000057       0.30807801109349181        3.6418849495212682E-003
  0.33000000000000057       0.31745468222546092        5.2988906746912886E-003
  0.33500000000000058       0.31528927356377279        3.6808621575382294E-003
  0.34000000000000058       0.31572509859738002        4.0587186017087672E-003
  0.34500000000000058       0.32182820132239504        4.1176443431748533E-003
  0.35000000000000059       0.32973989351571736        7.1433129832823902E-003
  0.35500000000000059       0.32223743443680192        3.9426758887248902E-003
  0.36000000000000060       0.32551627227027241        4.5027298853689930E-003
  0.36500000000000060       0.32978145116750340        4.6201892768259244E-003
  0.37000000000000061       0.33646570099542894        4.4187497082397408E-003
  0.37500000000000061       0.32689919511709215        4.4969396102187212E-003
  0.38000000000000062       0.33797005684106729        5.7455694366667235E-003
  0.38500000000000062       0.33519270312701116        3.6583935967077516E-003
  0.39000000000000062       0.33274020706953267        4.1582465954333719E-003
  0.39500000000000063       0.33848792689867213        6.2070748594735487E-003
  0.40000000000000063       0.34405371252927491        4.4430530832849100E-003
  0.40500000000000064       0.35133314292293366        5.7359206071099936E-003
  0.41000000000000064       0.35954761446903488        6.1811749549263986E-003
  0.41500000000000065       0.35104279935717547        4.8035437224545098E-003
  0.42000000000000065       0.35271137561248056        4.2441692409091458E-003
  0.42500000000000066       0.35501158745890854        4.9894301740095841E-003
  0.43000000000000066       0.36679879380636610        6.1427622669484871E-003
  0.43500000000000066       0.36026889605964346        5.1461464057831370E-003
  0.44000000000000067       0.36053258127590482        5.2902285064042771E-003
  0.44500000000000067       0.37680210936349928        6.6129696488990870E-003
  0.45000000000000068       0.36300491530505857        4.2091211127819363E-003
  0.45500000000000068       0.38055954274747006        7.3041325062021562E-003
  0.46000000000000069       0.37988141559542754        5.3583092137296853E-003
  0.46500000000000069       0.38460892184504825        4.9147818872769429E-003
  0.47000000000000069       0.40184841631843177        8.9276444244481765E-003
  0.47500000000000070       0.40324833506612318        1.0726131004419968E-002
  0.48000000000000070       0.40002220545558670        5.9214276489736274E-003
  0.48500000000000071       0.40281514123029649        5.2278012085833995E-003
  0.49000000000000071       0.39529205542390161        4.6814257611798235E-003
  0.49500000000000066       0.40982946034133205        7.6186436959639094E-003
