   86.000000000000000       0.14345977007425367        5.0803355426106735E-003
   86.049999999999997       0.15196894221170484        6.4152954964243475E-003
   86.099999999999994       0.16051953563714821        6.6758626143933967E-003
   86.149999999999991       0.15397802662661722        6.5795677566008468E-003
   86.199999999999989       0.15730757117026997        6.2714913733568608E-003
   86.249999999999986       0.15967023325725568        6.0734130894211924E-003
   86.299999999999983       0.17270800563320945        7.0220360707763984E-003
   86.349999999999980       0.17271828220187577        7.6497401968188810E-003
   86.399999999999977       0.17331274179854483        6.9461759286795852E-003
   86.449999999999974       0.17602329077157464        6.5850546340091350E-003
   86.499999999999972       0.16816721832328096        6.1875994690786867E-003
   86.549999999999969       0.18384234098624419        7.7444416419689965E-003
   86.599999999999966       0.19100040667417295        8.0328879960522674E-003
   86.649999999999963       0.18158665709023772        6.5099663906590857E-003
   86.699999999999960       0.19222009924673725        6.8685745476074981E-003
   86.749999999999957       0.19983158228883716        7.7433123115204774E-003
   86.799999999999955       0.20336679015369188        8.0043356604333656E-003
   86.849999999999952       0.20482742126319589        8.1340714058001865E-003
   86.899999999999949       0.18600772244208794        5.3488291470605515E-003
   86.949999999999946       0.20318449298082900        7.3914502025071620E-003
   86.999999999999943       0.19651836702592240        6.0112725037485869E-003
   87.049999999999940       0.21079359500266981        7.5915681609201747E-003
   87.099999999999937       0.21535495434315535        7.6264564011740837E-003
   87.149999999999935       0.23841619208141923        9.8479270673149672E-003
   87.199999999999932       0.22199898731766837        8.3900468876583808E-003
   87.249999999999929       0.22718414611936641        7.9232159834390376E-003
   87.299999999999926       0.23980093698831059        8.5076901755759670E-003
   87.349999999999923       0.23385205414158339        7.6316128792215249E-003
   87.399999999999920       0.23910493496544111        7.3078324594629219E-003
   87.449999999999918       0.24274829603913223        8.2170616014647316E-003
   87.499999999999915       0.27287585728706582        9.8890155250044576E-003
   87.549999999999912       0.27252888893290134        1.0039483317292045E-002
   87.599999999999909       0.26832168541779833        9.2589513414220118E-003
   87.649999999999906       0.27118594205070773        8.3496371374334882E-003
   87.699999999999903       0.27320771986549225        9.1614471379450977E-003
   87.749999999999901       0.29695699691386623        1.0649128898672386E-002
   87.799999999999898       0.28565143000486370        9.1331713898008902E-003
   87.849999999999895       0.30090160431002394        9.8589471764554491E-003
   87.899999999999892       0.30627186122659378        1.0073283422123467E-002
   87.949999999999889       0.31446358829307641        1.0163929881620461E-002
   87.999999999999886       0.31207537369557420        9.7181957498405896E-003
   88.049999999999883       0.32400675824837794        1.0411610277643200E-002
   88.099999999999881       0.34393208845245715        1.1363397556791600E-002
   88.149999999999878       0.32272549402664918        1.0214613646924362E-002
   88.199999999999875       0.35380357018303188        1.0966109385057295E-002
   88.249999999999872       0.35849142039605120        1.0868262029822568E-002
   88.299999999999869       0.35171308030242882        1.0089512150662682E-002
   88.349999999999866       0.37217621394502653        1.0481669814649245E-002
   88.399999999999864       0.40146542431884186        1.2741224860735907E-002
   88.449999999999861       0.37429322949555699        1.0522442639342018E-002
   88.499999999999858       0.38814858872752017        1.1143375822504294E-002
   88.549999999999855       0.41338276017030151        1.2144398697582468E-002
   88.599999999999852       0.43027819576023485        1.2093001405352076E-002
   88.649999999999849       0.42731810470049797        1.1575891667202774E-002
   88.699999999999847       0.43837278013145614        1.1432557517310505E-002
   88.749999999999844       0.45481861201384155        1.1707559763890861E-002
   88.799999999999841       0.43372630215170427        1.0469829929604704E-002
   88.849999999999838       0.49045311971431682        1.2800143924543140E-002
   88.899999999999835       0.51067855137569107        1.3135311409195811E-002
   88.949999999999832       0.51765874175876714        1.3880440022438318E-002
   88.999999999999829       0.52776551022547957        1.3625903699617822E-002
   89.049999999999827       0.51004531790015151        1.2741058814676312E-002
   89.099999999999824       0.56296810261077301        1.4476249268659890E-002
   89.149999999999821       0.57071028943047508        1.4014302649849038E-002
   89.199999999999818       0.60449452062460729        1.4906967464048095E-002
   89.249999999999815       0.63009936758863216        1.5801969745335012E-002
   89.299999999999812       0.61456685149623613        1.4964846576468609E-002
   89.349999999999810       0.63780074745750159        1.4712791948775752E-002
   89.399999999999807       0.67403005603847654        1.5504877584199474E-002
   89.449999999999804       0.70860807661768432        1.7587221434181816E-002
   89.499999999999801       0.70886911166774791        1.5578609804479880E-002
   89.549999999999798       0.72682584983086118        1.5750276393148206E-002
   89.599999999999795       0.76790571236375282        1.6889404674141680E-002
   89.649999999999793       0.77111777789935099        1.6917501731218743E-002
   89.699999999999790       0.81480211238093603        1.6893551749682188E-002
   89.749999999999787       0.86693125599308152        1.8174541205166730E-002
   89.799999999999784       0.86640458577145452        1.7700309965699466E-002
   89.849999999999781       0.90963907984358050        1.8796312821721829E-002
   89.899999999999778       0.93018318055297544        1.7892236080324538E-002
   89.949999999999775       0.97175616396369069        1.9611937046991618E-002
   89.999999999999773       0.99144591069341603        1.8953174615839577E-002
   90.049999999999770        1.0240336566179491        1.9031091579060258E-002
   90.099999999999767        1.0844318886540261        2.0526149876236553E-002
   90.149999999999764        1.1326407349664498        2.1307112501557566E-002
   90.199999999999761        1.1802610456938865        2.2234894745205940E-002
   90.249999999999758        1.1780676654633897        2.0385309160763039E-002
   90.299999999999756        1.2647296109572239        2.2904276877534695E-002
   90.349999999999753        1.2915666364307636        2.1579854718798960E-002
   90.399999999999750        1.3657774723319565        2.3441942563060290E-002
   90.449999999999747        1.3973631964117221        2.3235140351231007E-002
   90.499999999999744        1.4398653194190714        2.3334181980751535E-002
   90.549999999999741        1.4342446145315439        2.2237017886283544E-002
   90.599999999999739        1.5212516888691647        2.4027421242942812E-002
   90.649999999999736        1.5544125097262103        2.3849452167983589E-002
   90.699999999999733        1.6570173021164880        2.5221090957454742E-002
   90.749999999999730        1.7361006232373237        2.6508635878985200E-002
   90.799999999999727        1.7430047340546095        2.6789931126343380E-002
   90.849999999999724        1.7454592136945259        2.4881878725614887E-002
   90.899999999999721        1.8041638543824499        2.5613402150084189E-002
   90.949999999999719        1.9296661766862657        2.8383721650830283E-002
   90.999999999999716        1.9483980529663041        2.8675385224515199E-002
   91.049999999999713        1.9592623549839392        2.6972767593869709E-002
   91.099999999999710        2.0558930715803649        2.9062867984615104E-002
   91.149999999999707        2.0622972782579145        2.8172635992209677E-002
   91.199999999999704        2.1712303315738910        2.9777905961502073E-002
   91.249999999999702        2.1830405427797697        3.0830768875279278E-002
   91.299999999999699        2.1712044896910774        2.8698467866956585E-002
   91.349999999999696        2.1847517512442889        2.9314592921447856E-002
   91.399999999999693        2.2358829306374117        3.1003655344885552E-002
   91.449999999999690        2.1705710004399479        2.8686204414627506E-002
   91.499999999999687        2.2448788545526925        3.0463833356149279E-002
   91.549999999999685        2.2578134550297517        3.0922119300743327E-002
   91.599999999999682        2.2017793437133424        2.9485182736295509E-002
   91.649999999999679        2.2023185704226362        2.9272463762572035E-002
   91.699999999999676        2.2087164084857460        3.0125883097633640E-002
   91.749999999999673        2.1223097174184775        2.8819796828708725E-002
   91.799999999999670        2.1083743961978856        2.8858687563470903E-002
   91.849999999999667        2.0949183674214269        2.9734927364884527E-002
   91.899999999999665        2.0116141959176144        2.7376666764837874E-002
   91.949999999999662        2.0238936344563139        2.8563534837189146E-002
   91.999999999999659        1.9660260799424623        2.8645514526969864E-002
   92.049999999999656        1.8945448265380700        2.6581101400223604E-002
   92.099999999999653        1.8210519545743418        2.6743135277952135E-002
   92.149999999999650        1.8238422077243848        2.7813338099488112E-002
   92.199999999999648        1.7224151636175022        2.5319083543355669E-002
   92.249999999999645        1.6772632742968370        2.5103047719951744E-002
   92.299999999999642        1.6466555569490047        2.4836535589764931E-002
   92.349999999999639        1.5756935664990610        2.3793190456933965E-002
   92.399999999999636        1.5565218169181050        2.4321213131433379E-002
   92.449999999999633        1.5039873633015071        2.4136486505492490E-002
   92.499999999999631        1.4615925198204727        2.3843138165904554E-002
   92.549999999999628        1.3825638756965890        2.2613300475242248E-002
   92.599999999999625        1.3214358843262886        2.1908819133944334E-002
   92.649999999999622        1.3260898183031458        2.1809880059962330E-002
   92.699999999999619        1.2837729316008333        2.1854688637641190E-002
   92.749999999999616        1.2054491593119170        2.1254952821735260E-002
   92.799999999999613        1.1978893489934197        2.1136617001398777E-002
   92.849999999999611        1.1798030475037347        2.1282911993867858E-002
   92.899999999999608        1.1132308643472943        1.9625126903162749E-002
   92.949999999999605        1.0693043916049718        1.9251971129913212E-002
   92.999999999999602        1.0528250801168859        1.9559109298838761E-002
   93.049999999999599        1.0118129110828620        1.8764689976644093E-002
   93.099999999999596       0.97566545173782115        1.8686955281772392E-002
   93.149999999999594       0.94955578836553467        1.7674315638177923E-002
   93.199999999999591       0.90718327595178527        1.6969631187809742E-002
   93.249999999999588       0.88608904684741274        1.7577128275115147E-002
   93.299999999999585       0.89155266900504582        1.7738208610828463E-002
   93.349999999999582       0.83552689995069185        1.6319122333675606E-002
   93.399999999999579       0.79897768472136521        1.5671484238194627E-002
   93.449999999999577       0.80334547597766914        1.7248319067667269E-002
   93.499999999999574       0.77353820658658790        1.5620152850306986E-002
   93.549999999999571       0.74880537451363571        1.4857356273033464E-002
   93.599999999999568       0.75031755504057895        1.5484898191764381E-002
   93.649999999999565       0.70794424417002189        1.4614989142773262E-002
   93.699999999999562       0.71682339912703930        1.5038589563964573E-002
   93.749999999999559       0.69730064165197003        1.4879257269839795E-002
   93.799999999999557       0.65375080939978647        1.3447723913046281E-002
   93.849999999999554       0.64294019077468878        1.3855437142309645E-002
   93.899999999999551       0.65417079719011395        1.4825015149235794E-002
   93.949999999999548       0.62797805417718289        1.3997277066527238E-002
   93.999999999999545       0.61378949465609656        1.3953969964934528E-002
   94.049999999999542       0.59464159595313693        1.2832805527796988E-002
   94.099999999999540       0.58819539719986702        1.3287354159672943E-002
   94.149999999999537       0.55476544595591115        1.1883082050525504E-002
   94.199999999999534       0.56703983499934785        1.2857812283714722E-002
   94.249999999999531       0.53885234774841295        1.1998208190770548E-002
   94.299999999999528       0.53402867057896741        1.2088358106324408E-002
   94.349999999999525       0.51740810334072440        1.1963030243713467E-002
   94.399999999999523       0.50719234326147755        1.0878094680946870E-002
   94.449999999999520       0.49105051605379640        1.0806815221243942E-002
   94.499999999999517       0.50690383993345145        1.1907050846617232E-002
   94.549999999999514       0.50027316803042066        1.1750944472287516E-002
   94.599999999999511       0.48316854971546391        1.0739399907553371E-002
   94.649999999999508       0.47971515179157809        1.1198283539502507E-002
   94.699999999999505       0.45861760645021721        1.0438511468627218E-002
   94.749999999999503       0.45421201119963411        1.0601674090290407E-002
   94.799999999999500       0.45318683230880186        1.1107282900838603E-002
   94.849999999999497       0.43685973432049374        9.3524420985491227E-003
   94.899999999999494       0.42301785276262033        9.6489996110655299E-003
   94.949999999999491       0.42911234962842731        9.9907932687940890E-003
   94.999999999999488       0.41791683650174932        9.8867440258084485E-003
   95.049999999999486       0.40127295732471435        9.2193186668345205E-003
   95.099999999999483       0.40000659893510115        9.3014494755814994E-003
   95.149999999999480       0.38726436256884622        8.5508556229188584E-003
   95.199999999999477       0.38378224677210854        8.9227890159511505E-003
   95.249999999999474       0.38723338035765836        9.0081101992009090E-003
   95.299999999999471       0.37806905903162979        8.7090417052531292E-003
   95.349999999999469       0.36663269314354074        8.0500921231111914E-003
   95.399999999999466       0.36426207026630769        7.8086248785300856E-003
   95.449999999999463       0.37169930721086669        8.3805390608919384E-003
   95.499999999999460       0.36516078339139729        7.8598045456349068E-003
   95.549999999999457       0.34351062585931902        7.5233783415140964E-003
   95.599999999999454       0.36489168176590420        8.4931658330515032E-003
   95.649999999999451       0.34344457747604812        7.3051459450514311E-003
   95.699999999999449       0.34506772441347544        7.7220413571533614E-003
   95.749999999999446       0.34196476763191869        7.6913078022042454E-003
   95.799999999999443       0.32748328450074143        7.1236157505668932E-003
   95.849999999999440       0.33767783602506862        7.5354429598601018E-003
   95.899999999999437       0.33924953537392305        7.4242117468366091E-003
   95.949999999999434       0.32569871690174346        7.0093320491392969E-003
