 -0.50000000000000000        1.8349128109280501E-002   1.8997284876185864E-003
 -0.49500000000000000        3.2832564822767488E-002   1.3169027011250667E-002
 -0.48999999999999999        2.3249966061449821E-002   2.9853894979408983E-003
 -0.48499999999999999        1.9009679336280939E-002   3.3724679023365411E-003
 -0.47999999999999998        2.3278335194686094E-002   4.4693170837143744E-003
 -0.47499999999999998        3.0434694045589378E-002   4.1937245414182924E-003
 -0.46999999999999997        2.6630937097914101E-002   5.4905331033045452E-003
 -0.46499999999999997        3.6562067510431749E-002   8.5610929035927381E-003
 -0.45999999999999996        3.7659072496632501E-002   7.5301439375181625E-003
 -0.45499999999999996        2.8417336776818156E-002   5.0146574426884723E-003
 -0.44999999999999996        3.9113477336768211E-002   6.1229655262700295E-003
 -0.44499999999999995        4.0945726698023099E-002   7.0382077326499757E-003
 -0.43999999999999995        4.2252499565251865E-002   6.1983381758503060E-003
 -0.43499999999999994        4.1342525778038909E-002   8.3628964980675003E-003
 -0.42999999999999994        3.7817789891724983E-002   4.5379842035104014E-003
 -0.42499999999999993        4.7295213609381388E-002   6.9252851200175027E-003
 -0.41999999999999993        4.4518557081715329E-002   5.6462398546518206E-003
 -0.41499999999999992        5.4668659419410952E-002   8.9062103352964220E-003
 -0.40999999999999992        5.0570948723588555E-002   6.6121123591669816E-003
 -0.40499999999999992        4.2722205852183559E-002   4.1505617835608070E-003
 -0.39999999999999991        5.6635110401211997E-002   7.4178376391433641E-003
 -0.39499999999999991        5.4683187921813807E-002   7.2635907738904807E-003
 -0.38999999999999990        4.8430267222754717E-002   5.7654151042702412E-003
 -0.38499999999999990        5.5206510665170259E-002   7.5300014820671073E-003
 -0.37999999999999989        6.0421569924348523E-002   6.4450192567295670E-003
 -0.37499999999999989        7.5393231733682245E-002   9.5490154090805360E-003
 -0.36999999999999988        5.8135327752798796E-002   6.5103180637183155E-003
 -0.36499999999999988        6.4224308900226568E-002   5.8676479889455168E-003
 -0.35999999999999988        7.4700008688814587E-002   8.1321401294258133E-003
 -0.35499999999999987        6.6307614499838408E-002   6.6804147612516060E-003
 -0.34999999999999987        9.4882077214223329E-002   1.2671288758569873E-002
 -0.34499999999999986        8.2418383714640622E-002   8.2949007414612440E-003
 -0.33999999999999986       0.10527385105014296        1.2064019868340660E-002
 -0.33499999999999985       0.10202165266963283        1.3791068362819375E-002
 -0.32999999999999985       0.12620002911286041        1.9709068633666314E-002
 -0.32499999999999984       0.14226480078129919        3.4145862888334592E-002
 -0.31999999999999984       0.10961232676898466        1.1483259300630938E-002
 -0.31499999999999984       0.14318844285919574        1.8380969823972002E-002
 -0.30999999999999983       0.12469443735778166        1.0896475935065899E-002
 -0.30499999999999983       0.14623138434942012        1.5920873269166656E-002
 -0.29999999999999982       0.18033032992908693        1.8896257883796147E-002
 -0.29499999999999982       0.18166145687691279        1.6891147624902954E-002
 -0.28999999999999981       0.17885981090186320        1.8974520629591405E-002
 -0.28499999999999981       0.15869602409368172        1.3089496225076868E-002
 -0.27999999999999980       0.20967318026888820        2.8520122073124866E-002
 -0.27499999999999980       0.18946944040619054        1.4046260567190445E-002
 -0.26999999999999980       0.23731540113978702        1.8223774364079771E-002
 -0.26499999999999979       0.24595609224415979        1.8881017618879021E-002
 -0.25999999999999979       0.24342906309225346        1.5117709890735982E-002
 -0.25499999999999978       0.31226758190037662        2.2702847901469678E-002
 -0.24999999999999978       0.26413390000311954        1.9447410400323197E-002
 -0.24499999999999977       0.33921729048404048        2.2220552574096653E-002
 -0.23999999999999977       0.37382755254275202        2.9453452696518615E-002
 -0.23499999999999976       0.37833295585340709        2.3373134685512494E-002
 -0.22999999999999976       0.44501134719392449        2.8018306663350590E-002
 -0.22499999999999976       0.52954609210470194        4.1388385963797507E-002
 -0.21999999999999975       0.52489531355073782        3.1957732251948492E-002
 -0.21499999999999975       0.57687695823263285        3.5438977143469698E-002
 -0.20999999999999974       0.72029797000493123        4.8092806169071460E-002
 -0.20499999999999974       0.80486340921482413        4.9285156847637970E-002
 -0.19999999999999973       0.90950325061382298        5.9175346107347725E-002
 -0.19499999999999973       0.88149490119690310        4.0536345936565216E-002
 -0.18999999999999972        1.0752808691360300        5.3282045281863678E-002
 -0.18499999999999972        1.1696775835698594        5.4690270140471550E-002
 -0.17999999999999972        1.4411431161683925        6.2936541326931286E-002
 -0.17499999999999971        1.5864314732634426        6.7336352789877499E-002
 -0.16999999999999971        1.9496336064624464        8.9448686391044585E-002
 -0.16499999999999970        2.2940107566631833        9.7642030131987426E-002
 -0.15999999999999970        2.3919531040841293        9.0741608738361929E-002
 -0.15499999999999969        3.3365867989428692       0.12312235670208704     
 -0.14999999999999969        3.7264816838601980       0.13636729250614787     
 -0.14499999999999968        4.3172374820587587       0.13839660046417612     
 -0.13999999999999968        5.7891381296484488       0.17977260629062936     
 -0.13499999999999968        6.7319087829416189       0.18199394659355222     
 -0.12999999999999967        8.6515217984553061       0.22398596631231171     
 -0.12499999999999967        11.085594786352820       0.25610507696064311     
 -0.11999999999999966        14.770502591316303       0.29799763084252856     
 -0.11499999999999966        21.178763162388346       0.38893610397833200     
 -0.10999999999999965        28.577594043742227       0.44700035538579369     
 -0.10499999999999965        41.332325861509617       0.55046756326444346     
  -9.9999999999999645E-002   57.585834949699013       0.66123946341933881     
  -9.4999999999999640E-002   68.365156991315459       0.67696792237006131     
  -8.9999999999999636E-002   71.201346767215270       0.64763050198868477     
  -8.4999999999999631E-002   64.885651808575531       0.54873151518105590     
  -7.9999999999999627E-002   57.412248573963332       0.48316352644325850     
  -7.4999999999999623E-002   51.653392308112167       0.41702753804392384     
  -6.9999999999999618E-002   45.028187631210734       0.34874270246896732     
  -6.4999999999999614E-002   40.524559585826140       0.29382083005281068     
  -5.9999999999999616E-002   37.698564789044056       0.26437943258776514     
  -5.4999999999999619E-002   35.443439029533749       0.24051714769576660     
  -4.9999999999999621E-002   33.081661647393517       0.21443640880899709     
  -4.4999999999999624E-002   31.531064447655766       0.17639609367550560     
  -3.9999999999999626E-002   31.030864391304785       0.17428301205307148     
  -3.4999999999999629E-002   30.449395932209345       0.15815069407176363     
  -2.9999999999999628E-002   30.279155387409766       0.13740471487438136     
  -2.4999999999999627E-002   30.641797936040184       0.12450099838252218     
  -1.9999999999999626E-002   32.191688759720883       0.12193729063259559     
  -1.4999999999999625E-002   34.873511663476286       0.11125188345452311     
  -9.9999999999996238E-003   40.959443496963871       0.10979445841146991     
  -4.9999999999996237E-003   76.233380034404590       0.11344450345688092     
   3.7643499428696714E-016   76.445175428853503       0.11650046534606952     
   5.0000000000003765E-003   41.195965956502675       0.11529643597203774     
   1.0000000000000377E-002   34.788315532804255       0.11601239796451633     
   1.5000000000000378E-002   32.221968974150471       0.12443778220078293     
   2.0000000000000379E-002   30.960410546354577       0.12968499170514766     
   2.5000000000000380E-002   30.374145090867131       0.14730170355911079     
   3.0000000000000377E-002   30.368612988817663       0.15464168869126102     
   3.5000000000000378E-002   31.073743218779331       0.17352167102647029     
   4.0000000000000376E-002   32.210365022100831       0.20143733932659430     
   4.5000000000000373E-002   33.185301488326417       0.20363331088668937     
   5.0000000000000371E-002   35.067619631889372       0.23057056218675478     
   5.5000000000000368E-002   37.410924910784182       0.26527433924454236     
   6.0000000000000366E-002   41.267349282132351       0.31086679450726357     
   6.5000000000000363E-002   45.275083988145795       0.35386359352943292     
   7.0000000000000367E-002   50.415951621820788       0.39559274587704979     
   7.5000000000000372E-002   58.013185307017864       0.48071523535352195     
   8.0000000000000376E-002   65.856407018516379       0.56852354763321089     
   8.5000000000000381E-002   71.569274001145033       0.65315839264187647     
   9.0000000000000385E-002   69.715315186333811       0.69146467560812297     
   9.5000000000000390E-002   55.880363531907719       0.62930341819290669     
  0.10000000000000039        41.913284426039944       0.56144941640361867     
  0.10500000000000040        28.796949936897718       0.44399560947630223     
  0.11000000000000040        20.643327543737836       0.37767450444042888     
  0.11500000000000041        15.641761987839844       0.32910179910093817     
  0.12000000000000041        10.886277814178326       0.24420794497838522     
  0.12500000000000042        8.6342693893561115       0.21897425948133720     
  0.13000000000000042        6.7697372285124358       0.18367339415284456     
  0.13500000000000043        5.2707814831754192       0.15514345316917333     
  0.14000000000000043        4.5379126546859547       0.15066026828995219     
  0.14500000000000043        3.7236188507080303       0.12321597648475026     
  0.15000000000000044        3.1851279617797177       0.11952056095362810     
  0.15500000000000044        2.5721970970530137        8.9610314736228172E-002
  0.16000000000000045        2.2460687255198604        9.6546809251325999E-002
  0.16500000000000045        2.0324214349276768        9.3414077223153452E-002
  0.17000000000000046        1.7140237735391095        7.9968065109941713E-002
  0.17500000000000046        1.4572185145111625        8.0171410003717594E-002
  0.18000000000000047        1.2185719965075654        6.6099711551038401E-002
  0.18500000000000047        1.1287803552253233        6.2454316387880744E-002
  0.19000000000000047        1.0925880045507919        6.5719096753189044E-002
  0.19500000000000048       0.82994630537604941        4.4615992513197304E-002
  0.20000000000000048       0.74698568490615180        4.8211873270458422E-002
  0.20500000000000049       0.65426478716891467        3.6438171532207665E-002
  0.21000000000000049       0.55868644057929850        3.5357106536669729E-002
  0.21500000000000050       0.66870570712073607        5.6470847784576200E-002
  0.22000000000000050       0.49876045235885985        2.9691376457475230E-002
  0.22500000000000051       0.43171578709421538        2.8044378352059595E-002
  0.23000000000000051       0.38753052641863817        2.4373189047816917E-002
  0.23500000000000051       0.37185471001763826        3.0496271343958457E-002
  0.24000000000000052       0.38713484167328055        3.4384392719004744E-002
  0.24500000000000050       0.29557930278203015        1.9987389809885733E-002
  0.25000000000000050       0.29283055462736463        2.1327533874407292E-002
  0.25500000000000050       0.28776927055278245        2.2496156765976681E-002
  0.26000000000000051       0.26999302096492983        2.4510652685788923E-002
  0.26500000000000051       0.20932895222852649        1.4049342118211303E-002
  0.27000000000000052       0.21828372234256929        2.3806222019786570E-002
  0.27500000000000052       0.16861294433846147        1.2167277916464986E-002
  0.28000000000000053       0.18075376133795609        1.5953951443220916E-002
  0.28500000000000053       0.17055688592833670        1.4437830469335566E-002
  0.29000000000000054       0.17486734399494536        1.5801487978747183E-002
  0.29500000000000054       0.17513679589810074        2.3562825370767201E-002
  0.30000000000000054       0.12832719473640722        8.8166789586745873E-003
  0.30500000000000055       0.10753801740534265        7.2841653596410223E-003
  0.31000000000000055       0.13934766055775202        1.8446162639142782E-002
  0.31500000000000056       0.11027168717560845        9.4451363796799349E-003
  0.32000000000000056       0.12117801955074492        1.0893638514633566E-002
  0.32500000000000057       0.10891753019237758        1.4685406363283287E-002
  0.33000000000000057        9.2363542589442793E-002   8.9496171414535797E-003
  0.33500000000000058        9.1764410610883834E-002   8.4146579602891944E-003
  0.34000000000000058        9.7495611378802832E-002   1.6464536381208091E-002
  0.34500000000000058        9.3054670553683161E-002   1.0373409735323554E-002
  0.35000000000000059        8.9679012975697983E-002   1.3311487055843924E-002
  0.35500000000000059        9.9924870235920629E-002   1.9579136626931955E-002
  0.36000000000000060        9.6143805231115112E-002   1.7354407704736511E-002
  0.36500000000000060        6.4088290798874889E-002   5.4004220039346098E-003
  0.37000000000000061        6.6591993070442917E-002   8.5823493593664320E-003
  0.37500000000000061        6.3697736473533259E-002   8.2018643610371547E-003
  0.38000000000000062        5.8917572634102924E-002   6.5103982171281390E-003
  0.38500000000000062        8.1278896668568926E-002   1.4794652265707987E-002
  0.39000000000000062        7.0486871749841307E-002   1.3616148911458356E-002
  0.39500000000000063        5.3359060054654753E-002   1.1941484846834388E-002
  0.40000000000000063        4.8299677827742193E-002   6.5711733020001519E-003
  0.40500000000000064        4.8034757799459676E-002   6.3530408985795588E-003
  0.41000000000000064        4.7039802140226634E-002   7.1647878246785318E-003
  0.41500000000000065        4.4984650033805515E-002   7.3810296948320859E-003
  0.42000000000000065        4.1329788295945885E-002   9.0092711614305227E-003
  0.42500000000000066        5.2965346404517291E-002   7.8041005941539305E-003
  0.43000000000000066        3.6307344507125860E-002   4.7507221798052026E-003
  0.43500000000000066        2.5010127211665352E-002   2.6217184527601309E-003
  0.44000000000000067        4.5637539854684203E-002   8.3445943379453109E-003
  0.44500000000000067        3.6033021566422622E-002   8.0385309444583677E-003
  0.45000000000000068        2.7481887687077010E-002   3.0630686448457445E-003
  0.45500000000000068        3.9670130483443755E-002   1.1903723304657266E-002
  0.46000000000000069        3.1823267364029427E-002   5.2703400713018603E-003
  0.46500000000000069        2.4225913998081088E-002   2.9183576860264157E-003
  0.47000000000000069        2.8407039924247614E-002   4.0223983507292217E-003
  0.47500000000000070        2.5735956134412617E-002   3.9931955447296162E-003
  0.48000000000000070        2.5255740895369409E-002   2.9235579096398745E-003
  0.48500000000000071        1.9946055741569813E-002   2.7325996694293696E-003
  0.49000000000000071        3.3656002405097772E-002   1.1893152824841996E-002
  0.49500000000000066        1.9518909395073614E-002   3.1202271142045813E-003
