  -2.0000000000000000        0.0000000000000000        0.0000000000000000     
  -1.9800000000000000        0.0000000000000000        0.0000000000000000     
  -1.9600000000000000        0.0000000000000000        0.0000000000000000     
  -1.9399999999999999        0.0000000000000000        0.0000000000000000     
  -1.9199999999999999        0.0000000000000000        0.0000000000000000     
  -1.8999999999999999        0.0000000000000000        0.0000000000000000     
  -1.8799999999999999        0.0000000000000000        0.0000000000000000     
  -1.8599999999999999        0.0000000000000000        0.0000000000000000     
  -1.8399999999999999        0.0000000000000000        0.0000000000000000     
  -1.8199999999999998        0.0000000000000000        0.0000000000000000     
  -1.7999999999999998        0.0000000000000000        0.0000000000000000     
  -1.7799999999999998        0.0000000000000000        0.0000000000000000     
  -1.7599999999999998        0.0000000000000000        0.0000000000000000     
  -1.7399999999999998        0.0000000000000000        0.0000000000000000     
  -1.7199999999999998        0.0000000000000000        0.0000000000000000     
  -1.6999999999999997        0.0000000000000000        0.0000000000000000     
  -1.6799999999999997        0.0000000000000000        0.0000000000000000     
  -1.6599999999999997        0.0000000000000000        0.0000000000000000     
  -1.6399999999999997        0.0000000000000000        0.0000000000000000     
  -1.6199999999999997        0.0000000000000000        0.0000000000000000     
  -1.5999999999999996        0.0000000000000000        0.0000000000000000     
  -1.5799999999999996        0.0000000000000000        0.0000000000000000     
  -1.5599999999999996        0.0000000000000000        0.0000000000000000     
  -1.5399999999999996        0.0000000000000000        0.0000000000000000     
  -1.5199999999999996        0.0000000000000000        0.0000000000000000     
  -1.4999999999999996        0.0000000000000000        0.0000000000000000     
  -1.4799999999999995        0.0000000000000000        0.0000000000000000     
  -1.4599999999999995        0.0000000000000000        0.0000000000000000     
  -1.4399999999999995        0.0000000000000000        0.0000000000000000     
  -1.4199999999999995        0.0000000000000000        0.0000000000000000     
  -1.3999999999999995        0.0000000000000000        0.0000000000000000     
  -1.3799999999999994        0.0000000000000000        0.0000000000000000     
  -1.3599999999999994        0.0000000000000000        0.0000000000000000     
  -1.3399999999999994        0.0000000000000000        0.0000000000000000     
  -1.3199999999999994       0.18773060288254517        9.9266673634654003E-003
  -1.2999999999999994       0.97622465321031882        3.9647639249860957E-002
  -1.2799999999999994        1.2858543550022483        3.5837241777188819E-002
  -1.2599999999999993        1.5621067752891573        3.9080089385162199E-002
  -1.2399999999999993        1.7677050710356013        4.1774128858958738E-002
  -1.2199999999999993        1.9105143155895006        4.1423302057758710E-002
  -1.1999999999999993        2.1526394257601891        4.3213821274108936E-002
  -1.1799999999999993        2.3666566514729026        4.7002522565575230E-002
  -1.1599999999999993        2.5383025082005535        4.6488104034420261E-002
  -1.1399999999999992        2.7657457240857641        4.7376773435680183E-002
  -1.1199999999999992        3.1882663479949622        5.6750264744803616E-002
  -1.0999999999999992        3.3579857921041545        5.6196384578246890E-002
  -1.0799999999999992        3.6028882293879301        5.9373767263451935E-002
  -1.0599999999999992        3.8959000959215895        6.6865120149554438E-002
  -1.0399999999999991        3.8741239037592794        6.3003086827071023E-002
  -1.0199999999999991        4.1475927059502080        6.7559001923467976E-002
 -0.99999999999999911        4.1422614611371866        6.4151285375944278E-002
 -0.97999999999999909        4.3094117830462277        6.7292358966913712E-002
 -0.95999999999999908        4.3905416731580420        6.6001169529593590E-002
 -0.93999999999999906        4.4233265264068091        6.3987280603226462E-002
 -0.91999999999999904        4.4761065874103574        6.4026129407306051E-002
 -0.89999999999999902        4.6926419998816469        6.6529705190228050E-002
 -0.87999999999999901        4.7276547316191708        6.4245036657134449E-002
 -0.85999999999999899        4.7971072908793628        6.5340941798252852E-002
 -0.83999999999999897        5.0150378450058843        6.9732802426025017E-002
 -0.81999999999999895        5.0466374304920976        7.2258612441168379E-002
 -0.79999999999999893        5.1604297005263469        7.3299642621022870E-002
 -0.77999999999999892        5.1269813708533123        6.7488748001281698E-002
 -0.75999999999999890        5.2167062986874502        6.7768175407376868E-002
 -0.73999999999999888        5.3499023801242078        7.0684368747682885E-002
 -0.71999999999999886        5.4885695811449891        7.5312800007312455E-002
 -0.69999999999999885        5.5851739658684014        7.4564465114668577E-002
 -0.67999999999999883        5.4817212173685981        7.1217650971030527E-002
 -0.65999999999999881        5.6794076858219249        7.7572940497267151E-002
 -0.63999999999999879        5.6627044539082974        7.4611451328588915E-002
 -0.61999999999999877        5.7312365925634809        7.2988077615403088E-002
 -0.59999999999999876        5.9147693483009620        7.6168439226004983E-002
 -0.57999999999999874        5.8768007610908910        7.5974752716950686E-002
 -0.55999999999999872        5.9076529369147259        7.7418088636074175E-002
 -0.53999999999999870        5.8282074033059450        7.4414102701262391E-002
 -0.51999999999999869        6.0101918060808117        8.0317004673820150E-002
 -0.49999999999999867        6.0276204634596384        7.8551854403940261E-002
 -0.47999999999999865        6.0320169260601988        7.6737849822760690E-002
 -0.45999999999999863        6.0726687734384965        7.9685494070250565E-002
 -0.43999999999999861        6.0082289867308480        7.6154101712083241E-002
 -0.41999999999999860        5.9633011303211187        7.3777105709243340E-002
 -0.39999999999999858        5.9084565718617235        7.5099218582211927E-002
 -0.37999999999999856        5.9542375124329716        7.4027217743663679E-002
 -0.35999999999999854        6.1099269934689007        8.0366255960577629E-002
 -0.33999999999999853        5.9532555840738102        7.3271035151278224E-002
 -0.31999999999999851        5.9454759387311267        7.5294623633213195E-002
 -0.29999999999999849        5.9513511652206272        7.3290728122391374E-002
 -0.27999999999999847        5.9394467092549714        7.4641861042247487E-002
 -0.25999999999999845        6.0007378938864573        7.6640153300999686E-002
 -0.23999999999999846        5.7604007549943219        7.1548659794457403E-002
 -0.21999999999999847        5.7096548380592829        7.0659291087633580E-002
 -0.19999999999999848        5.5784782300909832        6.8679174880786023E-002
 -0.17999999999999849        5.7983092725969909        7.0292792121769934E-002
 -0.15999999999999850        5.7075899607947207        6.9152359254203252E-002
 -0.13999999999999851        5.7230179582487750        6.9904017702428559E-002
 -0.11999999999999851        5.5227299386751190        6.9568125446571649E-002
  -9.9999999999998507E-002   5.4069827507342518        6.5116526179342410E-002
  -7.9999999999998503E-002   5.4968884459580396        6.9649150195363316E-002
  -5.9999999999998499E-002   5.3465705770133685        6.3108585449359128E-002
  -3.9999999999998495E-002   5.3023096431086776        6.4181150883418470E-002
  -1.9999999999998495E-002   5.3761877756409753        6.7738065807699158E-002
   1.5057399771478686E-015   5.2891727366630823        6.6426604274879106E-002
   2.0000000000001506E-002   5.1835524516308720        6.4683825397310171E-002
   4.0000000000001507E-002   5.1497801639111147        6.2469770093059714E-002
   6.0000000000001510E-002   5.0426666567108382        6.0543972944924890E-002
   8.0000000000001514E-002   5.0787044458222681        6.3479027287981674E-002
  0.10000000000000152        5.0887630845300205        6.3748651903281689E-002
  0.12000000000000151        4.9086790157056521        6.0871613564884776E-002
  0.14000000000000151        4.9491461150902074        5.9494799679288314E-002
  0.16000000000000150        4.8508979778786081        5.9655347169837558E-002
  0.18000000000000149        4.7733380782614940        5.9753517570185620E-002
  0.20000000000000148        4.8023049878654192        6.1752045341799823E-002
  0.22000000000000147        4.6520447184648344        5.6906136893804291E-002
  0.24000000000000146        4.6482713567348712        5.7712381129255877E-002
  0.26000000000000145        4.6003246523642760        5.7479473600744728E-002
  0.28000000000000147        4.5564475291354318        5.7047349168613717E-002
  0.30000000000000149        4.5227517500938781        5.8308660335102923E-002
  0.32000000000000151        4.5701848074042424        5.9623838391585575E-002
  0.34000000000000152        4.4510283831301667        5.7516418860268745E-002
  0.36000000000000154        4.3522535613628595        5.6397073741057513E-002
  0.38000000000000156        4.4142518286367629        5.7462516064420287E-002
  0.40000000000000158        4.2297625738968305        5.3996181901657746E-002
  0.42000000000000159        4.2224395314431202        5.2576679954409920E-002
  0.44000000000000161        4.1959618937520338        5.4048973221624698E-002
  0.46000000000000163        4.1518105733705823        5.3780864188673026E-002
  0.48000000000000165        3.9785997856341857        5.0526200824601769E-002
  0.50000000000000167        4.0554724451071760        5.3418443595149065E-002
  0.52000000000000168        4.0102244279166426        5.2283848851228484E-002
  0.54000000000000170        3.9202335149535044        5.0303368699232430E-002
  0.56000000000000172        3.8755919892295578        5.2522414020770354E-002
  0.58000000000000174        3.8326150635716214        5.0854268696918281E-002
  0.60000000000000175        3.7103295211008152        5.0110156682047664E-002
  0.62000000000000177        3.7272920635872753        4.9018687459231262E-002
  0.64000000000000179        3.7031873301019544        5.1786529975371400E-002
  0.66000000000000181        3.5241765996229883        4.7481877254860194E-002
  0.68000000000000183        3.6057358850752848        5.0219497067158905E-002
  0.70000000000000184        3.4464663310097774        4.7195475553419915E-002
  0.72000000000000186        3.5259971943593169        5.1618056578558308E-002
  0.74000000000000188        3.3431376221775619        4.6354742685367989E-002
  0.76000000000000190        3.4027503018288732        5.0832693044187048E-002
  0.78000000000000191        3.2344870076211873        4.6091146359233337E-002
  0.80000000000000193        3.1682326861387460        4.6611382922870280E-002
  0.82000000000000195        3.0750478850097696        4.5720220968465716E-002
  0.84000000000000197        3.1135284576301574        4.6368549511324408E-002
  0.86000000000000199        2.9240994715258259        4.1438145161836103E-002
  0.88000000000000200        2.8729206796697451        4.2494579449429186E-002
  0.90000000000000202        2.7784256393636584        3.9397807587860906E-002
  0.92000000000000204        2.6903536005360187        3.7671397384054089E-002
  0.94000000000000206        2.6598225669668776        4.2024209106890920E-002
  0.96000000000000207        2.5638425603787107        3.9805747070007599E-002
  0.98000000000000198        2.6316295364515683        4.4393362419178899E-002
   1.0000000000000020        2.5120436185493298        4.2866205130565709E-002
   1.0200000000000020        2.4177835463281734        4.0876263664846667E-002
   1.0400000000000020        2.2860726864034997        3.5943265450009039E-002
   1.0600000000000021        2.2443552970202107        3.9403711866480298E-002
   1.0800000000000021        2.0454121115080546        3.3475622743928339E-002
   1.1000000000000021        1.8735999149139304        3.1926877057595018E-002
   1.1200000000000021        1.7909740710206254        3.6725405673125565E-002
   1.1400000000000021        1.5346421287176681        2.8908436863582097E-002
   1.1600000000000021        1.3745352619616924        2.8457890815728505E-002
   1.1800000000000022        1.2770418573292233        2.9129911303224836E-002
   1.2000000000000022        1.1581407951871185        2.6963152254564769E-002
   1.2200000000000022        1.0125595446520541        2.4910511938251171E-002
   1.2400000000000022       0.83663813689676125        1.9961964933035172E-002
   1.2600000000000022       0.74786400270572517        2.3234266996423739E-002
   1.2800000000000022       0.53051621890321121        2.3286927591522507E-002
   1.3000000000000023        8.9772226395777366E-002   7.0329849380326732E-003
   1.3200000000000023        0.0000000000000000        0.0000000000000000     
   1.3400000000000023        0.0000000000000000        0.0000000000000000     
   1.3600000000000023        0.0000000000000000        0.0000000000000000     
   1.3800000000000023        0.0000000000000000        0.0000000000000000     
   1.4000000000000024        0.0000000000000000        0.0000000000000000     
   1.4200000000000024        0.0000000000000000        0.0000000000000000     
   1.4400000000000024        0.0000000000000000        0.0000000000000000     
   1.4600000000000024        0.0000000000000000        0.0000000000000000     
   1.4800000000000024        0.0000000000000000        0.0000000000000000     
   1.5000000000000024        0.0000000000000000        0.0000000000000000     
   1.5200000000000025        0.0000000000000000        0.0000000000000000     
   1.5400000000000025        0.0000000000000000        0.0000000000000000     
   1.5600000000000025        0.0000000000000000        0.0000000000000000     
   1.5800000000000025        0.0000000000000000        0.0000000000000000     
   1.6000000000000025        0.0000000000000000        0.0000000000000000     
   1.6200000000000025        0.0000000000000000        0.0000000000000000     
   1.6400000000000026        0.0000000000000000        0.0000000000000000     
   1.6600000000000026        0.0000000000000000        0.0000000000000000     
   1.6800000000000026        0.0000000000000000        0.0000000000000000     
   1.7000000000000026        0.0000000000000000        0.0000000000000000     
   1.7200000000000026        0.0000000000000000        0.0000000000000000     
   1.7400000000000027        0.0000000000000000        0.0000000000000000     
   1.7600000000000027        0.0000000000000000        0.0000000000000000     
   1.7800000000000027        0.0000000000000000        0.0000000000000000     
   1.8000000000000027        0.0000000000000000        0.0000000000000000     
   1.8200000000000027        0.0000000000000000        0.0000000000000000     
   1.8400000000000027        0.0000000000000000        0.0000000000000000     
   1.8600000000000028        0.0000000000000000        0.0000000000000000     
   1.8800000000000028        0.0000000000000000        0.0000000000000000     
   1.9000000000000028        0.0000000000000000        0.0000000000000000     
   1.9200000000000028        0.0000000000000000        0.0000000000000000     
   1.9400000000000028        0.0000000000000000        0.0000000000000000     
   1.9600000000000029        0.0000000000000000        0.0000000000000000     
   1.9800000000000026        0.0000000000000000        0.0000000000000000     
