  0.40000000000000002        7.5746291820572367       0.16471544630982721     
  0.40800000000000003        8.7048218012458634       0.23557626253231323     
  0.41600000000000004        8.4026318495855321       0.19275102764447419     
  0.42400000000000004        8.9269471978557160       0.21129529718404730     
  0.43200000000000005        9.6707655097230045       0.22156732192166853     
  0.44000000000000006        9.5175822635076717       0.18795306813372439     
  0.44800000000000006        10.774859507713890       0.24989182538735377     
  0.45600000000000007        11.072151614836248       0.21814831986403838     
  0.46400000000000008        12.080137334830892       0.23455852287637874     
  0.47200000000000009        13.153656839282199       0.20951494772236098     
  0.48000000000000009        15.870723375989289       0.28660692675197413     
  0.48800000000000010        18.761464014948302       0.29952804976482483     
  0.49600000000000011        15.709112039915713       0.25887964787302442     
  0.50400000000000011        6.6646499857796844       0.13880600529786905     
  0.51200000000000012        3.1287847167235809       0.10291480518714363     
  0.52000000000000013        1.8647274215925453        7.4479759990606131E-002
  0.52800000000000014        1.3384615180095289        7.6816058031564743E-002
  0.53600000000000014       0.95611961371610332        3.8792423720646473E-002
  0.54400000000000015       0.77622465009012709        4.4610940279321012E-002
  0.55200000000000016       0.61370570125181012        2.6100461429779651E-002
  0.56000000000000016       0.57877184376303481        3.9747212066969288E-002
  0.56800000000000017       0.49510386941823492        3.1003783657084703E-002
  0.57600000000000018       0.44439851836197031        2.0447670529857451E-002
  0.58400000000000019       0.35489906764055645        1.2876375913569710E-002
  0.59200000000000019       0.34724850725208301        1.4702139805447247E-002
  0.60000000000000020       0.30636537268630859        1.2483822652405534E-002
  0.60800000000000021       0.28368829616671004        9.3822989082008659E-003
  0.61600000000000021       0.26011050255365248        9.7550935170300761E-003
  0.62400000000000022       0.25360366180181682        1.1124494651304719E-002
  0.63200000000000023       0.23984039926534415        8.8907278125408881E-003
  0.64000000000000024       0.23563287454478446        8.5606939725514364E-003
  0.64800000000000024       0.22905059162136565        8.3939675509744939E-003
  0.65600000000000025       0.20033938043415114        5.6562867234789486E-003
  0.66400000000000026       0.19783301466310224        5.9694282195787065E-003
  0.67200000000000026       0.19395298022348914        6.5914377022029376E-003
  0.68000000000000027       0.20265074746725614        8.9797213604493470E-003
  0.68800000000000028       0.17453812302897195        4.2903261353349938E-003
  0.69600000000000029       0.16923737457962207        4.4963054963595220E-003
  0.70400000000000029       0.16583969709575516        4.4970163437386646E-003
  0.71200000000000030       0.16085447714050444        5.4861685541534519E-003
  0.72000000000000031       0.15972880332484260        5.2383572977545822E-003
  0.72800000000000031       0.14799924597119390        3.4720156746557967E-003
  0.73600000000000032       0.14989910671522136        3.5240883299377935E-003
  0.74400000000000033       0.14733983795729150        3.6585562695114829E-003
  0.75200000000000033       0.14498916303410855        4.1381366446926809E-003
  0.76000000000000034       0.14326082903659837        3.3360861065530895E-003
  0.76800000000000035       0.14026252875188694        3.4377182734547885E-003
  0.77600000000000036       0.13721254783316020        3.2482298402889873E-003
  0.78400000000000036       0.13495498561983413        3.0340917559518918E-003
  0.79200000000000037       0.13532143206952341        3.2567012877920166E-003
  0.80000000000000038       0.12770766940567646        2.3533091312795624E-003
  0.80800000000000038       0.13008331948566382        2.4869032678598302E-003
  0.81600000000000039       0.12546863473029485        2.5304417060134587E-003
  0.82400000000000040       0.12498570012242156        2.2538405114296538E-003
  0.83200000000000041       0.12067228433818061        2.1696837500714433E-003
  0.84000000000000041       0.12139201323128977        2.0169516242009872E-003
  0.84800000000000042       0.12110419430260144        1.9599052531022528E-003
  0.85600000000000043       0.11918549663276082        1.9306512693703002E-003
  0.86400000000000043       0.11661098644624389        1.6808699814419704E-003
  0.87200000000000044       0.11730757531725589        1.9096180407256454E-003
  0.88000000000000045       0.11629889774713317        1.7916123338263684E-003
  0.88800000000000046       0.11751049947177893        1.8643869340747232E-003
  0.89600000000000046       0.11249840050788870        1.5299835962141494E-003
  0.90400000000000047       0.11087444720709766        1.3777460626446668E-003
  0.91200000000000048       0.11514269501985719        1.4775017184979746E-003
  0.92000000000000048       0.11333722947260455        1.4670249977353637E-003
  0.92800000000000049       0.11009377844180673        1.2637827438025894E-003
  0.93600000000000050       0.11163764023519870        1.2508745864217125E-003
  0.94400000000000051       0.10995561955746914        1.1863578658771884E-003
  0.95200000000000051       0.11153667152750196        1.1966326533323433E-003
  0.96000000000000052       0.11181441156761095        1.1002352957313320E-003
  0.96800000000000053       0.11144332346076724        1.0736634663189777E-003
  0.97600000000000053       0.11189359275790439        1.0369957344666836E-003
  0.98400000000000054       0.11306764145571910        1.0142186025008911E-003
  0.99200000000000044       0.11259016711189160        9.1609779330808301E-004
   1.0000000000000004       0.11299234074265668        8.3786980121197208E-004
   1.0080000000000005       0.11493205247924104        7.8614973317696118E-004
   1.0160000000000005       0.11578044834585784        7.1319543635621908E-004
   1.0240000000000005       0.11858227912535704        6.3321191659306345E-004
   1.0320000000000005       0.11846107795433855        5.0381788026660694E-004
   1.0400000000000005        2.3536667045782757E-002   1.5559625970417243E-004
   1.0480000000000005        0.0000000000000000        0.0000000000000000     
   1.0560000000000005        0.0000000000000000        0.0000000000000000     
   1.0640000000000005        0.0000000000000000        0.0000000000000000     
   1.0720000000000005        0.0000000000000000        0.0000000000000000     
   1.0800000000000005        0.0000000000000000        0.0000000000000000     
   1.0880000000000005        0.0000000000000000        0.0000000000000000     
   1.0960000000000005        0.0000000000000000        0.0000000000000000     
   1.1040000000000005        0.0000000000000000        0.0000000000000000     
   1.1120000000000005        0.0000000000000000        0.0000000000000000     
   1.1200000000000006        0.0000000000000000        0.0000000000000000     
   1.1280000000000006        0.0000000000000000        0.0000000000000000     
   1.1360000000000006        0.0000000000000000        0.0000000000000000     
   1.1440000000000006        0.0000000000000000        0.0000000000000000     
   1.1520000000000006        0.0000000000000000        0.0000000000000000     
   1.1600000000000006        0.0000000000000000        0.0000000000000000     
   1.1680000000000006        0.0000000000000000        0.0000000000000000     
   1.1760000000000006        0.0000000000000000        0.0000000000000000     
   1.1840000000000006        0.0000000000000000        0.0000000000000000     
   1.1920000000000006        0.0000000000000000        0.0000000000000000     
   1.2000000000000006        0.0000000000000000        0.0000000000000000     
   1.2080000000000006        0.0000000000000000        0.0000000000000000     
   1.2160000000000006        0.0000000000000000        0.0000000000000000     
   1.2240000000000006        0.0000000000000000        0.0000000000000000     
   1.2320000000000007        0.0000000000000000        0.0000000000000000     
   1.2400000000000007        0.0000000000000000        0.0000000000000000     
   1.2480000000000007        0.0000000000000000        0.0000000000000000     
   1.2560000000000007        0.0000000000000000        0.0000000000000000     
   1.2640000000000007        0.0000000000000000        0.0000000000000000     
   1.2720000000000007        0.0000000000000000        0.0000000000000000     
   1.2800000000000007        0.0000000000000000        0.0000000000000000     
   1.2880000000000007        0.0000000000000000        0.0000000000000000     
   1.2960000000000007        0.0000000000000000        0.0000000000000000     
   1.3040000000000007        0.0000000000000000        0.0000000000000000     
   1.3120000000000007        0.0000000000000000        0.0000000000000000     
   1.3200000000000007        0.0000000000000000        0.0000000000000000     
   1.3280000000000007        0.0000000000000000        0.0000000000000000     
   1.3360000000000007        0.0000000000000000        0.0000000000000000     
   1.3440000000000007        0.0000000000000000        0.0000000000000000     
   1.3520000000000008        0.0000000000000000        0.0000000000000000     
   1.3600000000000008        0.0000000000000000        0.0000000000000000     
   1.3680000000000008        0.0000000000000000        0.0000000000000000     
   1.3760000000000008        0.0000000000000000        0.0000000000000000     
   1.3840000000000008        0.0000000000000000        0.0000000000000000     
   1.3920000000000008        0.0000000000000000        0.0000000000000000     
   1.4000000000000008        0.0000000000000000        0.0000000000000000     
   1.4080000000000008        0.0000000000000000        0.0000000000000000     
   1.4160000000000008        0.0000000000000000        0.0000000000000000     
   1.4240000000000008        0.0000000000000000        0.0000000000000000     
   1.4320000000000008        0.0000000000000000        0.0000000000000000     
   1.4400000000000008        0.0000000000000000        0.0000000000000000     
   1.4480000000000008        0.0000000000000000        0.0000000000000000     
   1.4560000000000008        0.0000000000000000        0.0000000000000000     
   1.4640000000000009        0.0000000000000000        0.0000000000000000     
   1.4720000000000009        0.0000000000000000        0.0000000000000000     
   1.4800000000000009        0.0000000000000000        0.0000000000000000     
   1.4880000000000009        0.0000000000000000        0.0000000000000000     
   1.4960000000000009        0.0000000000000000        0.0000000000000000     
   1.5040000000000009        0.0000000000000000        0.0000000000000000     
   1.5120000000000009        0.0000000000000000        0.0000000000000000     
   1.5200000000000009        0.0000000000000000        0.0000000000000000     
   1.5280000000000009        0.0000000000000000        0.0000000000000000     
   1.5360000000000009        0.0000000000000000        0.0000000000000000     
   1.5440000000000009        0.0000000000000000        0.0000000000000000     
   1.5520000000000009        0.0000000000000000        0.0000000000000000     
   1.5600000000000009        0.0000000000000000        0.0000000000000000     
   1.5680000000000009        0.0000000000000000        0.0000000000000000     
   1.5760000000000010        0.0000000000000000        0.0000000000000000     
   1.5840000000000010        0.0000000000000000        0.0000000000000000     
   1.5920000000000010        0.0000000000000000        0.0000000000000000     
   1.6000000000000010        0.0000000000000000        0.0000000000000000     
   1.6080000000000010        0.0000000000000000        0.0000000000000000     
   1.6160000000000010        0.0000000000000000        0.0000000000000000     
   1.6240000000000010        0.0000000000000000        0.0000000000000000     
   1.6320000000000010        0.0000000000000000        0.0000000000000000     
   1.6400000000000010        0.0000000000000000        0.0000000000000000     
   1.6480000000000010        0.0000000000000000        0.0000000000000000     
   1.6560000000000010        0.0000000000000000        0.0000000000000000     
   1.6640000000000010        0.0000000000000000        0.0000000000000000     
   1.6720000000000010        0.0000000000000000        0.0000000000000000     
   1.6800000000000010        0.0000000000000000        0.0000000000000000     
   1.6880000000000011        0.0000000000000000        0.0000000000000000     
   1.6960000000000011        0.0000000000000000        0.0000000000000000     
   1.7040000000000011        0.0000000000000000        0.0000000000000000     
   1.7120000000000011        0.0000000000000000        0.0000000000000000     
   1.7200000000000011        0.0000000000000000        0.0000000000000000     
   1.7280000000000011        0.0000000000000000        0.0000000000000000     
   1.7360000000000011        0.0000000000000000        0.0000000000000000     
   1.7440000000000011        0.0000000000000000        0.0000000000000000     
   1.7520000000000011        0.0000000000000000        0.0000000000000000     
   1.7600000000000011        0.0000000000000000        0.0000000000000000     
   1.7680000000000011        0.0000000000000000        0.0000000000000000     
   1.7760000000000011        0.0000000000000000        0.0000000000000000     
   1.7840000000000011        0.0000000000000000        0.0000000000000000     
   1.7920000000000011        0.0000000000000000        0.0000000000000000     
   1.8000000000000012        0.0000000000000000        0.0000000000000000     
   1.8080000000000012        0.0000000000000000        0.0000000000000000     
   1.8160000000000012        0.0000000000000000        0.0000000000000000     
   1.8240000000000012        0.0000000000000000        0.0000000000000000     
   1.8320000000000012        0.0000000000000000        0.0000000000000000     
   1.8400000000000012        0.0000000000000000        0.0000000000000000     
   1.8480000000000012        0.0000000000000000        0.0000000000000000     
   1.8560000000000012        0.0000000000000000        0.0000000000000000     
   1.8640000000000012        0.0000000000000000        0.0000000000000000     
   1.8720000000000012        0.0000000000000000        0.0000000000000000     
   1.8800000000000012        0.0000000000000000        0.0000000000000000     
   1.8880000000000012        0.0000000000000000        0.0000000000000000     
   1.8960000000000012        0.0000000000000000        0.0000000000000000     
   1.9040000000000012        0.0000000000000000        0.0000000000000000     
   1.9120000000000013        0.0000000000000000        0.0000000000000000     
   1.9200000000000013        0.0000000000000000        0.0000000000000000     
   1.9280000000000013        0.0000000000000000        0.0000000000000000     
   1.9360000000000013        0.0000000000000000        0.0000000000000000     
   1.9440000000000013        0.0000000000000000        0.0000000000000000     
   1.9520000000000013        0.0000000000000000        0.0000000000000000     
   1.9600000000000013        0.0000000000000000        0.0000000000000000     
   1.9680000000000013        0.0000000000000000        0.0000000000000000     
   1.9760000000000013        0.0000000000000000        0.0000000000000000     
   1.9840000000000013        0.0000000000000000        0.0000000000000000     
   1.9920000000000013        0.0000000000000000        0.0000000000000000     
