   0.0000000000000000        4.7821534013417481E-002   7.7593514041910465E-005
  0.50000000000000000        1.2305233546718882E-002   3.9776324345375129E-005
   1.0000000000000000        7.0443705148879269E-003   3.0091077186136257E-005
   1.5000000000000000        4.8191633962924568E-003   2.4938488147296809E-005
   2.0000000000000000        3.6796401658266251E-003   2.1829885315855376E-005
   2.5000000000000000        2.9099620693741023E-003   1.9405266978615652E-005
   3.0000000000000000        2.3987818700583726E-003   1.7599809741588145E-005
   3.5000000000000000        2.0636749668745203E-003   1.6330343218632159E-005
   4.0000000000000000        1.7203007490275834E-003   1.4939024388759013E-005
   4.5000000000000000        1.5051409141784015E-003   1.3949339791708642E-005
   5.0000000000000000        1.3213852276923125E-003   1.3052903760973747E-005
   5.5000000000000000        1.1802884516179174E-003   1.2340935633353313E-005
   6.0000000000000000        1.0489095670452740E-003   1.1670229272168042E-005
   6.5000000000000000        9.4198898801795537E-004   1.0984869015033956E-005
   7.0000000000000000        8.5847578934126242E-004   1.0550524003107956E-005
   7.5000000000000000        7.7457867203650939E-004   1.0015888285406268E-005
   8.0000000000000000        7.0009594977170917E-004   9.5185122282638731E-006
   8.5000000000000000        6.2722115781693830E-004   8.9258295590487124E-006
   9.0000000000000000        5.6249462411033522E-004   8.4567285290450608E-006
   9.5000000000000000        5.2683011993710370E-004   8.2168210503521054E-006
   10.000000000000000        4.9617336394466047E-004   7.9833757138811268E-006
   10.500000000000000        4.4823876647034726E-004   7.6086345702792906E-006
   11.000000000000000        4.1113977502556020E-004   7.2652667962951452E-006
   11.500000000000000        3.7800603198762258E-004   6.9734175482826453E-006
   12.000000000000000        3.5775106111799132E-004   6.7810403687946938E-006
   12.500000000000000        3.1290727330838451E-004   6.2840778646547783E-006
   13.000000000000000        2.9714898669741123E-004   6.2281946558034333E-006
   13.500000000000000        2.6184850681772442E-004   5.7980837391051846E-006
   14.000000000000000        2.4852372778036522E-004   5.6703266569457842E-006
   14.500000000000000        2.2717658115963674E-004   5.3495587028869315E-006
   15.000000000000000        2.0717099804073234E-004   5.1331285437447553E-006
   15.500000000000000        1.8293532114900071E-004   4.8030683249536122E-006
   16.000000000000000        1.8241725578860632E-004   4.8478813668228969E-006
   16.500000000000000        1.5448766937289110E-004   4.4238716407432567E-006
   17.000000000000000        1.3965359818011332E-004   4.1598379332010583E-006
   17.500000000000000        1.2646820101768700E-004   3.9558170866272929E-006
   18.000000000000000        1.1176697509788960E-004   3.7126633926188929E-006
   18.500000000000000        9.4274632757898662E-005   3.4172939441232614E-006
   19.000000000000000        7.9767260694959811E-005   3.0757663198858759E-006
   19.500000000000000        6.1199780119404386E-005   2.6741922168722799E-006
   20.000000000000000        4.4765424832006050E-005   2.1891325083833973E-006
   20.500000000000000        3.6258495302002514E-005   1.9674763710492361E-006
   21.000000000000000        2.3579839785757216E-005   1.4642492652173836E-006
   21.500000000000000        2.0316838192830326E-005   1.3497724686999112E-006
   22.000000000000000        1.3603362041234611E-005   1.0044987367361290E-006
   22.500000000000000        1.4855311581992018E-005   1.2104336403296190E-006
   23.000000000000000        1.3453134839398580E-005   1.0921915098640430E-006
   23.500000000000000        1.0513540605908522E-005   9.4713882256436832E-007
   24.000000000000000        8.6833594301108658E-006   7.9690965849963777E-007
   24.500000000000000        9.1271981154462429E-006   8.3991259690239486E-007
   25.000000000000000        7.4018496429469179E-006   7.9252089944290012E-007
   25.500000000000000        5.7643226347482356E-006   6.1318809038858728E-007
   26.000000000000000        6.5028183944477520E-006   7.7161037105289062E-007
   26.500000000000000        5.7399686705499007E-006   6.8328696478955332E-007
   27.000000000000000        3.6181251606240218E-006   4.6712639281103713E-007
   27.500000000000000        3.4017956345563438E-006   3.8852370547813886E-007
   28.000000000000000        3.1490119038759679E-006   4.5360427947283269E-007
   28.500000000000000        4.0551082870383939E-006   5.9463096142797215E-007
   29.000000000000000        3.0722662929062536E-006   4.7571047036219746E-007
   29.500000000000000        2.7609831883767788E-006   3.9324849889445044E-007
   30.000000000000000        1.9253197620009206E-006   2.8169016068633103E-007
   30.500000000000000        2.2416431500782369E-006   4.0962805475234136E-007
   31.000000000000000        1.4940099837016850E-006   2.0870057284165764E-007
   31.500000000000000        1.4735455450643780E-006   3.1546069335660820E-007
   32.000000000000000        1.0465958216323320E-006   1.2586851700312136E-007
   32.500000000000000        1.0417910485054458E-006   1.9325372938585799E-007
   33.000000000000000        8.0765465316480323E-007   1.0007741574839231E-007
   33.500000000000000        8.1940021197738080E-007   1.0013255284954743E-007
   34.000000000000000        6.3693824896525866E-007   5.1185913666812653E-008
   34.500000000000000        7.3708095118121512E-007   8.3889031161001744E-008
   35.000000000000000        5.7322302949531265E-007   6.5128389335678370E-008
   35.500000000000000        5.6072556721831150E-007   6.1889090212713930E-008
   36.000000000000000        5.1976962414243316E-007   5.2283341138634483E-008
   36.500000000000000        5.1022266709505707E-007   4.2846725052913859E-008
   37.000000000000000        4.1797542241185850E-007   3.8758765891509050E-008
   37.500000000000000        3.6532273365076557E-007   2.9303190746119075E-008
   38.000000000000000        4.2880389652989960E-007   7.5155988548221453E-008
   38.500000000000000        3.4868672791106702E-007   3.2964679752943798E-008
   39.000000000000000        2.8540069719962390E-007   2.1795282507142976E-008
   39.500000000000000        3.0566890176406516E-007   2.9212223335041211E-008
   40.000000000000000        2.7117993932880407E-007   2.2059524927234590E-008
   40.500000000000000        2.4687425942956548E-007   3.0714274781412664E-008
   41.000000000000000        2.8124719083234193E-007   5.0310029279948920E-008
   41.500000000000000        1.9984362789264474E-007   2.1397902219672694E-008
   42.000000000000000        1.8172194450266082E-007   1.4103151568512258E-008
   42.500000000000000        1.8362217498564549E-007   1.9721815309764852E-008
   43.000000000000000        1.5377962537012413E-007   1.3119220239521772E-008
   43.500000000000000        1.5266134845032058E-007   1.2825511147062466E-008
   44.000000000000000        1.3518445283344545E-007   1.1017788667715278E-008
   44.500000000000000        1.2105896942082486E-007   1.0207619373358119E-008
   45.000000000000000        1.2602422802089672E-007   1.4000373472188556E-008
   45.500000000000000        1.0581782178768241E-007   1.0214545890755560E-008
   46.000000000000000        1.1255618561277217E-007   1.1871019016838067E-008
   46.500000000000000        1.1167917318754607E-007   1.1222295740937860E-008
   47.000000000000000        7.8372633280481198E-008   8.4311421426645120E-009
   47.500000000000000        8.5009375883549544E-008   1.2592809415059732E-008
   48.000000000000000        6.7334568696733775E-008   7.4147593866302582E-009
   48.500000000000000        7.9061679464209204E-008   7.5243340822340273E-009
   49.000000000000000        7.4182344165303548E-008   9.9760350517639179E-009
   49.500000000000000        6.7756695820851590E-008   8.4517284357584798E-009
   50.000000000000000        6.5636040105492282E-008   8.4447162133831795E-009
   50.500000000000000        6.4191310095162492E-008   8.4660913947436317E-009
   51.000000000000000        4.3309633165265228E-008   4.1382670116665408E-009
   51.500000000000000        4.3752787242642279E-008   4.8398678306042168E-009
   52.000000000000000        3.5651124361302148E-008   4.0065403612516257E-009
   52.500000000000000        4.4297052747010717E-008   7.3661816213631457E-009
   53.000000000000000        3.6224067033701408E-008   6.1885607293302394E-009
   53.500000000000000        3.1958868107525796E-008   3.4866632511477853E-009
   54.000000000000000        2.7231361848600388E-008   3.4585460692839369E-009
   54.500000000000000        3.3884723817672446E-008   6.5590840395883220E-009
   55.000000000000000        2.4903377286778339E-008   3.9532427649196949E-009
   55.500000000000000        2.8889500361084109E-008   6.6231423371707164E-009
   56.000000000000000        1.7910371991065165E-008   2.1902069719580556E-009
   56.500000000000000        2.3190872386850444E-008   4.6877203954394354E-009
   57.000000000000000        1.5786944867705392E-008   2.6631373430050459E-009
   57.500000000000000        1.4351882265225404E-008   1.9877174572646007E-009
   58.000000000000000        1.5770643941579858E-008   2.9602427856757350E-009
   58.500000000000000        1.1311287357894490E-008   1.9119363127394338E-009
   59.000000000000000        1.3957507538598236E-008   3.0493859750953672E-009
   59.500000000000000        1.1715370783386795E-008   2.3747422075827923E-009
   60.000000000000000        9.3566686928450524E-009   2.2610845538002001E-009
   60.500000000000000        1.0187247817386549E-008   1.7307518100752234E-009
   61.000000000000000        1.0983826173033671E-008   2.5496038955853346E-009
   61.500000000000000        6.1389409680302053E-009   1.3179543118005546E-009
   62.000000000000000        7.2444791642893134E-009   1.2011333675301184E-009
   62.500000000000000        6.4758078020526854E-009   1.5558595809268083E-009
   63.000000000000000        5.7966668432181284E-009   1.2387016910317698E-009
   63.500000000000000        5.4823395934886565E-009   1.4482179300312619E-009
   64.000000000000000        3.4387052034657694E-009   6.7117546782147307E-010
   64.500000000000000        6.0501106772368541E-009   1.4759133244248815E-009
   65.000000000000000        2.5593474385783222E-009   5.6209929155580151E-010
   65.500000000000000        5.7641261742331329E-009   1.3849201160458845E-009
   66.000000000000000        5.0668391338059675E-009   1.2651662408394000E-009
   66.500000000000000        1.1959338354209744E-009   3.3080737025473646E-010
   67.000000000000000        3.2618938122505686E-009   9.0730486378344730E-010
   67.500000000000000        1.5311716683715043E-009   4.5881232252045483E-010
   68.000000000000000        1.8507833766598565E-009   5.1879404793678084E-010
   68.500000000000000        1.3454293008647703E-009   5.0966300971758042E-010
   69.000000000000000        1.1880227063913053E-009   3.7204906204257510E-010
   69.500000000000000        2.1552376335109512E-009   8.7096972565896512E-010
   70.000000000000000        1.7940411462357875E-009   6.5963022428625149E-010
   70.500000000000000        1.2796398800874704E-009   4.4875625170179595E-010
   71.000000000000000        1.7328908917258913E-009   4.5328417102597241E-010
   71.500000000000000        1.2479903332765668E-009   3.6827368871485623E-010
   72.000000000000000        5.3374516894559560E-010   1.8910360958600916E-010
   72.500000000000000        7.1151918766434651E-010   2.1846688477807778E-010
   73.000000000000000        3.8932588583025918E-010   1.2158059807542342E-010
   73.500000000000000        1.7717775297943551E-009   4.9700447428037729E-010
   74.000000000000000        6.8872114495911899E-010   2.1212176777673351E-010
   74.500000000000000        3.8715884453588732E-010   1.7302149543945126E-010
   75.000000000000000        7.1798697647058215E-010   2.4595381773252265E-010
   75.500000000000000        5.0404536748462232E-010   2.2699978822535122E-010
   76.000000000000000        2.9459620078254065E-010   1.8652287911926149E-010
   76.500000000000000        4.2446922129730305E-010   1.7297882167572308E-010
   77.000000000000000        3.8377555694753920E-010   1.6163289249956638E-010
   77.500000000000000        2.8208475515640389E-010   9.6121535400449173E-011
   78.000000000000000        1.4283819233635814E-010   9.6943694056504543E-011
   78.500000000000000        7.9023221888526182E-011   3.3914813719942632E-011
   79.000000000000000        1.1750422455489218E-010   5.8285536449069719E-011
   79.500000000000000        1.0903056435091144E-010   4.4091416308634880E-011
   80.000000000000000        3.2408075848399446E-010   1.5860950822678212E-010
   80.500000000000000        1.0120616798999926E-010   3.5234229202268849E-011
   81.000000000000000        7.3857611974369584E-011   3.1563417562716844E-011
   81.500000000000000        1.0948363392235933E-010   4.2658095548909891E-011
   82.000000000000000        4.8828800591331115E-011   2.7750712111222093E-011
   82.500000000000000        7.5951568803807610E-011   4.1125311943682209E-011
   83.000000000000000        6.5351736421127970E-011   3.9932222198383535E-011
   83.500000000000000        4.0650798745849111E-011   1.5390796893846034E-011
   84.000000000000000        3.3339846506538136E-011   1.5068858607668600E-011
   84.500000000000000        1.6970559325125159E-011   8.0881073980449272E-012
   85.000000000000000        2.7181723633660118E-011   1.6421357193928434E-011
   85.500000000000000        4.2269816314891717E-012   2.2671948226028376E-012
   86.000000000000000        8.0927477792420844E-012   7.0615591529873430E-012
   86.500000000000000        2.0000661979533518E-012   1.6920392655319541E-012
   87.000000000000000        9.5619075197385453E-014   4.0737227019801916E-014
   87.500000000000000        8.4062344695896881E-013   7.4413170988001412E-013
   88.000000000000000        1.1458669467922927E-014   8.5332529451710833E-015
   88.500000000000000        0.0000000000000000        0.0000000000000000     
   89.000000000000000        0.0000000000000000        0.0000000000000000     
   89.500000000000000        0.0000000000000000        0.0000000000000000     
   90.000000000000000        0.0000000000000000        0.0000000000000000     
   90.500000000000000        0.0000000000000000        0.0000000000000000     
   91.000000000000000        0.0000000000000000        0.0000000000000000     
   91.500000000000000        0.0000000000000000        0.0000000000000000     
   92.000000000000000        0.0000000000000000        0.0000000000000000     
   92.500000000000000        0.0000000000000000        0.0000000000000000     
   93.000000000000000        0.0000000000000000        0.0000000000000000     
   93.500000000000000        0.0000000000000000        0.0000000000000000     
   94.000000000000000        0.0000000000000000        0.0000000000000000     
   94.500000000000000        0.0000000000000000        0.0000000000000000     
   95.000000000000000        0.0000000000000000        0.0000000000000000     
   95.500000000000000        0.0000000000000000        0.0000000000000000     
   96.000000000000000        0.0000000000000000        0.0000000000000000     
   96.500000000000000        0.0000000000000000        0.0000000000000000     
   97.000000000000000        0.0000000000000000        0.0000000000000000     
   97.500000000000000        0.0000000000000000        0.0000000000000000     
   98.000000000000000        0.0000000000000000        0.0000000000000000     
   98.500000000000000        0.0000000000000000        0.0000000000000000     
   99.000000000000000        0.0000000000000000        0.0000000000000000     
   99.500000000000000        0.0000000000000000        0.0000000000000000     
