  0.40000000000000002       0.42223312220278764        1.8604202205005104E-003
  0.40800000000000003       0.42786852919818352        1.8673063163932978E-003
  0.41600000000000004       0.44356999678317310        1.9042714085422776E-003
  0.42400000000000004       0.45214025466973662        1.9282446663141616E-003
  0.43200000000000005       0.46611287672678192        1.9564665036944100E-003
  0.44000000000000006       0.47621708705043009        1.9741173019572778E-003
  0.44800000000000006       0.49585880581450348        2.0219844192412855E-003
  0.45600000000000007       0.50828350160519353        2.0445758782575521E-003
  0.46400000000000008       0.52401819281916850        2.0776260152907070E-003
  0.47200000000000009       0.53992719443800796        2.1071775923074700E-003
  0.48000000000000009       0.56143095052653524        2.1521922030931693E-003
  0.48800000000000010       0.58433180154793507        2.1972509740934955E-003
  0.49600000000000011       0.61267535533600603        2.2527286187666497E-003
  0.50400000000000011       0.64030992152954291        2.3028555820525445E-003
  0.51200000000000012       0.67271728182817125        2.3622286583572455E-003
  0.52000000000000013       0.72443480525558979        2.4548978553595550E-003
  0.52800000000000014       0.78246514970099668        2.5570028532929572E-003
  0.53600000000000014       0.86365290831028196        2.6893334841645855E-003
  0.54400000000000015       0.97374500436443967        2.8543960994020178E-003
  0.55200000000000016        1.1221839962107598        3.0601740828627602E-003
  0.56000000000000016        1.1386283305952296        3.0574861492878819E-003
  0.56800000000000017       0.65806776204952699        2.2647117243007639E-003
  0.57600000000000018       0.28435288627841321        1.4019331713565589E-003
  0.58400000000000019       0.15053184038365972        9.4846116977273976E-004
  0.59200000000000019        9.2798166410856739E-002   6.8504673767653393E-004
  0.60000000000000020        6.4824251617696005E-002   5.2193002758364553E-004
  0.60800000000000021        4.7998867635004078E-002   4.1326011032980501E-004
  0.61600000000000021        3.7462543239308622E-002   3.3604792304690211E-004
  0.62400000000000022        2.9432849242438750E-002   2.7008718318913331E-004
  0.63200000000000023        2.4078789887044313E-002   2.2563264413094210E-004
  0.64000000000000024        2.0321324309638296E-002   1.9069987362814944E-004
  0.64800000000000024        1.7368948408190216E-002   1.6355869040096663E-004
  0.65600000000000025        1.4596042146348083E-002   1.3822594701536656E-004
  0.66400000000000026        1.2756647575455261E-002   1.1985601835482960E-004
  0.67200000000000026        1.1150933669507710E-002   1.0466759671932354E-004
  0.68000000000000027        9.7453917681307404E-003   9.1301672142560819E-005
  0.68800000000000028        8.7745201857735971E-003   8.1295565714977725E-005
  0.69600000000000029        7.7030930643846290E-003   7.0878606363253196E-005
  0.70400000000000029        6.8873418889835673E-003   6.2941611323117080E-005
  0.71200000000000030        6.2696558177036789E-003   5.7017528788893769E-005
  0.72000000000000031        5.6119698387077990E-003   5.0545417240779563E-005
  0.72800000000000031        5.1471366803757593E-003   4.5607840789795038E-005
  0.73600000000000032        4.6735661548457947E-003   4.1117177368592388E-005
  0.74400000000000033        4.2808532162265014E-003   3.7178482466351296E-005
  0.75200000000000033        3.8914723789455039E-003   3.3611634457045956E-005
  0.76000000000000034        3.5641166916157668E-003   3.0527332891054621E-005
  0.76800000000000035        3.2642871534026810E-003   2.7650437973954410E-005
  0.77600000000000036        2.9657095106949047E-003   2.5045963985882196E-005
  0.78400000000000036        2.7331918150778995E-003   2.2764343457934542E-005
  0.79200000000000037        2.5729864261652352E-003   2.1076829172691845E-005
  0.80000000000000038        2.3067779951529946E-003   1.8941344131543927E-005
  0.80800000000000038        2.1653001534746928E-003   1.7499956542788611E-005
  0.81600000000000039        2.0086840258459588E-003   1.6096008108486535E-005
  0.82400000000000040        1.8566884270766867E-003   1.4731815151040341E-005
  0.83200000000000041        1.6880439461844923E-003   1.3420825837674060E-005
  0.84000000000000041        1.5738893480342548E-003   1.2336609581057794E-005
  0.84800000000000042        1.4821876306077271E-003   1.1462090070403535E-005
  0.85600000000000043        1.3659178416481183E-003   1.0491986217001453E-005
  0.86400000000000043        1.2606534648884101E-003   9.6274905982235851E-006
  0.87200000000000044        1.1718475611589244E-003   8.8491857847503950E-006
  0.88000000000000045        1.0879702969337909E-003   8.1288355300515105E-006
  0.88800000000000046        1.0075569600385850E-003   7.4771602739525262E-006
  0.89600000000000046        9.2101710498689743E-004   6.7925465542886856E-006
  0.90400000000000047        8.7522844710125709E-004   6.3407237020156345E-006
  0.91200000000000048        7.9780933404868836E-004   5.7707597059025133E-006
  0.92000000000000048        7.4158287121736677E-004   5.3138910531085461E-006
  0.92800000000000049        6.8657768957748795E-004   4.8645611848329432E-006
  0.93600000000000050        6.2723331365821305E-004   4.4295008554048885E-006
  0.94400000000000051        5.8522788700940387E-004   4.0738545559667158E-006
  0.95200000000000051        5.3007657974810639E-004   3.6795404040771233E-006
  0.96000000000000052        4.9152080119973965E-004   3.3788610370069660E-006
  0.96800000000000053        4.4977499504541955E-004   3.0646338172397646E-006
  0.97600000000000053        4.1171388081477135E-004   2.7878448139910189E-006
  0.98400000000000054        3.7315252097881106E-004   2.5178760966087539E-006
  0.99200000000000044        3.4669480785979819E-004   2.3012328507751123E-006
   1.0000000000000004        3.1458974998278436E-004   2.0672249542486512E-006
   1.0080000000000005        2.8762650949631344E-004   1.8656414825119580E-006
   1.0160000000000005        2.5536476720502510E-004   1.6554732081174706E-006
   1.0240000000000005        2.3492295714080372E-004   1.4985936079451068E-006
   1.0320000000000005        2.1159483710711581E-004   1.3340018186233310E-006
   1.0400000000000005        1.9033822861330054E-004   1.1841697152893216E-006
   1.0480000000000005        1.6875499059454177E-004   1.0416973134085359E-006
   1.0560000000000005        1.4846625875943793E-004   9.0808447968659142E-007
   1.0640000000000005        1.3115688364665875E-004   7.9229561704788500E-007
   1.0720000000000005        1.1497951320002214E-004   6.8468964313203899E-007
   1.0800000000000005        9.9500402393738304E-005   5.8537829083194566E-007
   1.0880000000000005        8.6012323060054405E-005   4.9917944254559625E-007
   1.0960000000000005        7.2084973070685629E-005   4.1367502953297457E-007
   1.1040000000000005        6.0234997995837399E-005   3.4025853787887412E-007
   1.1120000000000005        4.9955345469816923E-005   2.7604603417621139E-007
   1.1200000000000006        3.9745566703818217E-005   2.1614958845747384E-007
   1.1280000000000006        3.1013904690398607E-005   1.6560128581587723E-007
   1.1360000000000006        2.3545691228733359E-005   1.2185347479782242E-007
   1.1440000000000006        1.6559084143596637E-005   8.3572738162024399E-008
   1.1520000000000006        1.0757034352721811E-005   5.2663218313496360E-008
   1.1600000000000006        5.9047049854470218E-006   2.7941804264520789E-008
   1.1680000000000006        2.3453011257559100E-006   1.0827705039775823E-008
   1.1760000000000006        2.7566770964332293E-007   1.6120855574895056E-009
   1.1840000000000006        0.0000000000000000        0.0000000000000000     
   1.1920000000000006        0.0000000000000000        0.0000000000000000     
   1.2000000000000006        0.0000000000000000        0.0000000000000000     
   1.2080000000000006        0.0000000000000000        0.0000000000000000     
   1.2160000000000006        0.0000000000000000        0.0000000000000000     
   1.2240000000000006        0.0000000000000000        0.0000000000000000     
   1.2320000000000007        0.0000000000000000        0.0000000000000000     
   1.2400000000000007        0.0000000000000000        0.0000000000000000     
   1.2480000000000007        0.0000000000000000        0.0000000000000000     
   1.2560000000000007        0.0000000000000000        0.0000000000000000     
   1.2640000000000007        0.0000000000000000        0.0000000000000000     
   1.2720000000000007        0.0000000000000000        0.0000000000000000     
   1.2800000000000007        0.0000000000000000        0.0000000000000000     
   1.2880000000000007        0.0000000000000000        0.0000000000000000     
   1.2960000000000007        0.0000000000000000        0.0000000000000000     
   1.3040000000000007        0.0000000000000000        0.0000000000000000     
   1.3120000000000007        0.0000000000000000        0.0000000000000000     
   1.3200000000000007        0.0000000000000000        0.0000000000000000     
   1.3280000000000007        0.0000000000000000        0.0000000000000000     
   1.3360000000000007        0.0000000000000000        0.0000000000000000     
   1.3440000000000007        0.0000000000000000        0.0000000000000000     
   1.3520000000000008        0.0000000000000000        0.0000000000000000     
   1.3600000000000008        0.0000000000000000        0.0000000000000000     
   1.3680000000000008        0.0000000000000000        0.0000000000000000     
   1.3760000000000008        0.0000000000000000        0.0000000000000000     
   1.3840000000000008        0.0000000000000000        0.0000000000000000     
   1.3920000000000008        0.0000000000000000        0.0000000000000000     
   1.4000000000000008        0.0000000000000000        0.0000000000000000     
   1.4080000000000008        0.0000000000000000        0.0000000000000000     
   1.4160000000000008        0.0000000000000000        0.0000000000000000     
   1.4240000000000008        0.0000000000000000        0.0000000000000000     
   1.4320000000000008        0.0000000000000000        0.0000000000000000     
   1.4400000000000008        0.0000000000000000        0.0000000000000000     
   1.4480000000000008        0.0000000000000000        0.0000000000000000     
   1.4560000000000008        0.0000000000000000        0.0000000000000000     
   1.4640000000000009        0.0000000000000000        0.0000000000000000     
   1.4720000000000009        0.0000000000000000        0.0000000000000000     
   1.4800000000000009        0.0000000000000000        0.0000000000000000     
   1.4880000000000009        0.0000000000000000        0.0000000000000000     
   1.4960000000000009        0.0000000000000000        0.0000000000000000     
   1.5040000000000009        0.0000000000000000        0.0000000000000000     
   1.5120000000000009        0.0000000000000000        0.0000000000000000     
   1.5200000000000009        0.0000000000000000        0.0000000000000000     
   1.5280000000000009        0.0000000000000000        0.0000000000000000     
   1.5360000000000009        0.0000000000000000        0.0000000000000000     
   1.5440000000000009        0.0000000000000000        0.0000000000000000     
   1.5520000000000009        0.0000000000000000        0.0000000000000000     
   1.5600000000000009        0.0000000000000000        0.0000000000000000     
   1.5680000000000009        0.0000000000000000        0.0000000000000000     
   1.5760000000000010        0.0000000000000000        0.0000000000000000     
   1.5840000000000010        0.0000000000000000        0.0000000000000000     
   1.5920000000000010        0.0000000000000000        0.0000000000000000     
   1.6000000000000010        0.0000000000000000        0.0000000000000000     
   1.6080000000000010        0.0000000000000000        0.0000000000000000     
   1.6160000000000010        0.0000000000000000        0.0000000000000000     
   1.6240000000000010        0.0000000000000000        0.0000000000000000     
   1.6320000000000010        0.0000000000000000        0.0000000000000000     
   1.6400000000000010        0.0000000000000000        0.0000000000000000     
   1.6480000000000010        0.0000000000000000        0.0000000000000000     
   1.6560000000000010        0.0000000000000000        0.0000000000000000     
   1.6640000000000010        0.0000000000000000        0.0000000000000000     
   1.6720000000000010        0.0000000000000000        0.0000000000000000     
   1.6800000000000010        0.0000000000000000        0.0000000000000000     
   1.6880000000000011        0.0000000000000000        0.0000000000000000     
   1.6960000000000011        0.0000000000000000        0.0000000000000000     
   1.7040000000000011        0.0000000000000000        0.0000000000000000     
   1.7120000000000011        0.0000000000000000        0.0000000000000000     
   1.7200000000000011        0.0000000000000000        0.0000000000000000     
   1.7280000000000011        0.0000000000000000        0.0000000000000000     
   1.7360000000000011        0.0000000000000000        0.0000000000000000     
   1.7440000000000011        0.0000000000000000        0.0000000000000000     
   1.7520000000000011        0.0000000000000000        0.0000000000000000     
   1.7600000000000011        0.0000000000000000        0.0000000000000000     
   1.7680000000000011        0.0000000000000000        0.0000000000000000     
   1.7760000000000011        0.0000000000000000        0.0000000000000000     
   1.7840000000000011        0.0000000000000000        0.0000000000000000     
   1.7920000000000011        0.0000000000000000        0.0000000000000000     
   1.8000000000000012        0.0000000000000000        0.0000000000000000     
   1.8080000000000012        0.0000000000000000        0.0000000000000000     
   1.8160000000000012        0.0000000000000000        0.0000000000000000     
   1.8240000000000012        0.0000000000000000        0.0000000000000000     
   1.8320000000000012        0.0000000000000000        0.0000000000000000     
   1.8400000000000012        0.0000000000000000        0.0000000000000000     
   1.8480000000000012        0.0000000000000000        0.0000000000000000     
   1.8560000000000012        0.0000000000000000        0.0000000000000000     
   1.8640000000000012        0.0000000000000000        0.0000000000000000     
   1.8720000000000012        0.0000000000000000        0.0000000000000000     
   1.8800000000000012        0.0000000000000000        0.0000000000000000     
   1.8880000000000012        0.0000000000000000        0.0000000000000000     
   1.8960000000000012        0.0000000000000000        0.0000000000000000     
   1.9040000000000012        0.0000000000000000        0.0000000000000000     
   1.9120000000000013        0.0000000000000000        0.0000000000000000     
   1.9200000000000013        0.0000000000000000        0.0000000000000000     
   1.9280000000000013        0.0000000000000000        0.0000000000000000     
   1.9360000000000013        0.0000000000000000        0.0000000000000000     
   1.9440000000000013        0.0000000000000000        0.0000000000000000     
   1.9520000000000013        0.0000000000000000        0.0000000000000000     
   1.9600000000000013        0.0000000000000000        0.0000000000000000     
   1.9680000000000013        0.0000000000000000        0.0000000000000000     
   1.9760000000000013        0.0000000000000000        0.0000000000000000     
   1.9840000000000013        0.0000000000000000        0.0000000000000000     
   1.9920000000000013        0.0000000000000000        0.0000000000000000     
