   25.000000000000000        5.1903494044297963E-002   3.1184897380174942E-003
   25.250000000000000        5.2269841989794959E-002   2.5553395898748350E-003
   25.500000000000000        5.0009791354820046E-002   2.1838354716296813E-003
   25.750000000000000        5.7421661550489118E-002   3.2975549970994337E-003
   26.000000000000000        5.6600705296469003E-002   2.9341458071073662E-003
   26.250000000000000        5.3796273821033594E-002   2.6566485181151165E-003
   26.500000000000000        5.3421033850132901E-002   2.9086745985577251E-003
   26.750000000000000        5.6293068088666021E-002   2.4662323153989349E-003
   27.000000000000000        5.8366801197278599E-002   2.9693555493741537E-003
   27.250000000000000        6.5542767819306777E-002   3.8028984219806833E-003
   27.500000000000000        6.3653168030702686E-002   3.9812094375939987E-003
   27.750000000000000        6.5517602229757360E-002   3.7980337270538890E-003
   28.000000000000000        6.1937815674639032E-002   3.1197365240080489E-003
   28.250000000000000        5.9848388543790564E-002   2.4992077147210448E-003
   28.500000000000000        6.3908735785715556E-002   3.2202567320356681E-003
   28.750000000000000        6.6387745735298265E-002   4.3226274086886965E-003
   29.000000000000000        6.0400769504747966E-002   3.1207853032344810E-003
   29.250000000000000        6.2986867421290962E-002   2.4256525060629549E-003
   29.500000000000000        6.3161351102562102E-002   3.1005349728437065E-003
   29.750000000000000        6.5212022708924913E-002   3.3450563924242250E-003
   30.000000000000000        6.2883834480023965E-002   2.2323158132891382E-003
   30.250000000000000        6.8572711406900425E-002   3.3628703456034287E-003
   30.500000000000000        6.3541276822939766E-002   2.4727904649537789E-003
   30.750000000000000        6.8527596929436191E-002   3.1779097284613061E-003
   31.000000000000000        6.8709243675847687E-002   3.3594378850069391E-003
   31.250000000000000        6.7240404394966952E-002   2.7532535702930968E-003
   31.500000000000000        6.8293398264559949E-002   2.8121492414080709E-003
   31.750000000000000        6.9913085376983305E-002   2.9974222488649903E-003
   32.000000000000000        7.3172544508913806E-002   4.3027493118351877E-003
   32.250000000000000        7.4478498894606227E-002   3.4407316651801963E-003
   32.500000000000000        7.2817722698266488E-002   3.1387095059278200E-003
   32.750000000000000        7.2469289687721650E-002   2.7560539585311699E-003
   33.000000000000000        7.6390137708868142E-002   3.2474478152715400E-003
   33.250000000000000        7.5412278412213166E-002   2.7019141451009895E-003
   33.500000000000000        7.5175439282162207E-002   3.0252976162989990E-003
   33.750000000000000        7.6263975886238261E-002   3.2286852219996858E-003
   34.000000000000000        7.5323677661753685E-002   3.0143353398761953E-003
   34.250000000000000        7.3031276212491614E-002   2.6946124641099483E-003
   34.500000000000000        8.1235734955226319E-002   3.7209490770139389E-003
   34.750000000000000        8.3683755991829437E-002   3.8266538929924675E-003
   35.000000000000000        8.2286744328598130E-002   4.0835135712230476E-003
   35.250000000000000        7.7550049277738203E-002   2.7371931204012456E-003
   35.500000000000000        8.5165507207727142E-002   4.0120966537996131E-003
   35.750000000000000        8.1857951087562331E-002   3.5452057207050109E-003
   36.000000000000000        8.2020202921275681E-002   3.6295833005222681E-003
   36.250000000000000        9.2137886604333155E-002   4.7596524435814368E-003
   36.500000000000000        8.5267669817792213E-002   3.5353018382693977E-003
   36.750000000000000        8.5370266711990342E-002   3.3783917978686107E-003
   37.000000000000000        8.7044763207922676E-002   3.4561614938527791E-003
   37.250000000000000        9.4748412223949863E-002   4.6176849820769835E-003
   37.500000000000000        9.4945975432641549E-002   3.7517985438487557E-003
   37.750000000000000        9.5844927721435755E-002   4.5441215102879802E-003
   38.000000000000000        9.3595091621021476E-002   4.1515460712299697E-003
   38.250000000000000        9.3138749161469817E-002   3.9257729838615410E-003
   38.500000000000000        9.3566336993506721E-002   3.4281677842109407E-003
   38.750000000000000        9.4245761282752138E-002   3.1463113688949334E-003
   39.000000000000000        9.5591769147609987E-002   3.2190252751070425E-003
   39.250000000000000       0.10616751108441459        4.5563762267733293E-003
   39.500000000000000        9.7577582160366078E-002   3.6531185369075118E-003
   39.750000000000000       0.10665271043523863        4.2064575107050505E-003
   40.000000000000000       0.10333355199395350        3.2166908729224751E-003
   40.250000000000000       0.10325104103137558        3.5598607249526211E-003
   40.500000000000000       0.10441086453702828        3.2736878621456339E-003
   40.750000000000000       0.11178629290744886        4.3560762855365566E-003
   41.000000000000000       0.11768373001180218        4.7835277862744909E-003
   41.250000000000000       0.11757411079317595        4.4181782374585693E-003
   41.500000000000000       0.12452876762977964        5.0745117138994017E-003
   41.750000000000000       0.12176237231111568        4.0702359554446029E-003
   42.000000000000000       0.12953493080223299        4.3645500686083508E-003
   42.250000000000000       0.13650281740982551        5.4918323985351115E-003
   42.500000000000000       0.13015459189126694        4.1750256827850054E-003
   42.750000000000000       0.13070284584010988        3.7969806416109000E-003
   43.000000000000000       0.13847312412684043        3.8042543863060800E-003
   43.250000000000000       0.14415011980669132        3.9801608562057460E-003
   43.500000000000000       0.15301472268320407        4.1226044447103287E-003
   43.750000000000000       0.16695762036630160        5.5729738719739099E-003
   44.000000000000000       0.16629850932676232        4.9813594518888513E-003
   44.250000000000000       0.18675078359299357        5.5222756803146918E-003
   44.500000000000000       0.19583245678278133        5.6753943788000246E-003
   44.750000000000000       0.20249087533064816        5.2002384779412910E-003
   45.000000000000000       0.21582301242341106        5.5981465994217224E-003
   45.250000000000000       0.20301719390644316        5.6673084206102812E-003
   45.500000000000000       0.17118335823329853        4.9892235136457285E-003
   45.750000000000000       0.12657204674694528        3.8537723795292276E-003
   46.000000000000000        9.1339626257197659E-002   3.0399601237861519E-003
   46.250000000000000        6.5405825085651695E-002   2.5796890305076481E-003
   46.500000000000000        4.6607270428932743E-002   1.7485031056267742E-003
   46.750000000000000        3.8511407101016880E-002   2.0724190066501655E-003
   47.000000000000000        2.7063745626647588E-002   1.3888697541363229E-003
   47.250000000000000        2.9186829388235049E-002   2.1452152864207025E-003
   47.500000000000000        2.2464204548576762E-002   1.3606960912112751E-003
   47.750000000000000        1.8718438056852135E-002   1.1588690860182911E-003
   48.000000000000000        1.6818680934089197E-002   1.6174122385798108E-003
   48.250000000000000        1.6534938154837326E-002   1.6737978347241402E-003
   48.500000000000000        1.1929237455601064E-002   5.7933478538337350E-004
   48.750000000000000        1.2436707701210187E-002   9.5967063564181732E-004
   49.000000000000000        1.0792545872963931E-002   8.2571403488548747E-004
   49.250000000000000        9.5729988743223377E-003   6.6810947265448354E-004
   49.500000000000000        9.0383021974038361E-003   6.9925151237354443E-004
   49.750000000000000        9.9291597453229803E-003   1.0142882314124186E-003
   50.000000000000000        8.8827298331318402E-003   1.0288965835075852E-003
   50.250000000000000        6.9260572089739052E-003   4.0466842197122539E-004
   50.500000000000000        6.7519893923637560E-003   3.9983734205774639E-004
   50.750000000000000        7.5227986094225955E-003   8.7593279773865622E-004
   51.000000000000000        6.8989601029582504E-003   1.0197743772268582E-003
   51.250000000000000        5.7314723075527459E-003   5.5610993558198878E-004
   51.500000000000000        5.9469498855044111E-003   3.9268672870073593E-004
   51.750000000000000        5.5608082909194235E-003   4.8994144038353251E-004
   52.000000000000000        5.3167827398905099E-003   6.2184675907917496E-004
   52.250000000000000        5.0505440652546928E-003   5.2828479819594528E-004
   52.500000000000000        5.0901292413593723E-003   4.3595824552985894E-004
   52.750000000000000        4.7845671501716355E-003   3.3713437790015247E-004
   53.000000000000000        4.3567216980087593E-003   2.4667737324443487E-004
   53.250000000000000        3.9468500899497022E-003   2.1089004965804112E-004
   53.500000000000000        3.6502763772932787E-003   1.5894766805466277E-004
   53.750000000000000        3.8521219494020500E-003   2.4750248795995676E-004
   54.000000000000000        4.3386181027467510E-003   4.1022514683325710E-004
   54.250000000000000        3.6558721905323639E-003   1.9614618571686793E-004
   54.500000000000000        3.6142358593239930E-003   2.9810896107867920E-004
   54.750000000000000        3.4137295309331927E-003   2.4722023454071322E-004
   55.000000000000000        3.4914343522113246E-003   2.5860303167326383E-004
   55.250000000000000        3.2271846147252765E-003   1.5994544754334951E-004
   55.500000000000000        3.3450679580901890E-003   2.1020576218723448E-004
   55.750000000000000        3.1014397588777919E-003   3.3365264028885599E-004
   56.000000000000000        3.0317278813028156E-003   2.4870917205095623E-004
   56.250000000000000        2.9404242489327985E-003   1.6011544189318614E-004
   56.500000000000000        2.5858337249117921E-003   9.3651059946289769E-005
   56.750000000000000        2.8331721476715127E-003   1.7644020442367068E-004
   57.000000000000000        3.0529970759275737E-003   2.8110844300456057E-004
   57.250000000000000        2.5343620219119688E-003   1.4912452516865031E-004
   57.500000000000000        2.6505054863649544E-003   1.7869965435629402E-004
   57.750000000000000        2.8794821775776792E-003   1.8161154756030537E-004
   58.000000000000000        2.7566205412526104E-003   1.8360150097602529E-004
   58.250000000000000        2.4530009723562852E-003   1.6215850405039978E-004
   58.500000000000000        2.4995498983518601E-003   1.4245376653114115E-004
   58.750000000000000        2.6440530595522667E-003   1.6497605335054970E-004
   59.000000000000000        2.5945040769423176E-003   1.3693174937362066E-004
   59.250000000000000        2.5605421479569838E-003   1.6204598466383139E-004
   59.500000000000000        2.3396490561643627E-003   1.2839509664502852E-004
   59.750000000000000        2.4951451900359018E-003   1.6753972275814315E-004
   60.000000000000000        2.1052490747024296E-003   9.1168476284438110E-005
   60.250000000000000        2.1729516522564444E-003   1.0320069945913897E-004
   60.500000000000000        2.1597376078723450E-003   1.2810149080238535E-004
   60.750000000000000        2.0916332227849631E-003   8.9145397276016298E-005
   61.000000000000000        2.0789715103160058E-003   9.3885923624633210E-005
   61.250000000000000        2.1536336914737045E-003   1.3725352051305472E-004
   61.500000000000000        2.3774541513172068E-003   1.6633612376394300E-004
   61.750000000000000        1.9891263455667778E-003   7.8642073378702390E-005
   62.000000000000000        2.3457607812621519E-003   2.1741748368526303E-004
   62.250000000000000        2.0573478226951210E-003   1.2919869633305886E-004
   62.500000000000000        1.9787035595370101E-003   8.4320105582676017E-005
   62.750000000000000        2.0623101170345894E-003   1.0616432742802356E-004
   63.000000000000000        1.8625458298086551E-003   6.2860067080709468E-005
   63.250000000000000        1.8601908671187781E-003   7.7403835803173786E-005
   63.500000000000000        1.8106742612424118E-003   7.0881641995238032E-005
   63.750000000000000        1.9401948842468018E-003   9.7193683757107767E-005
   64.000000000000000        1.8432228370614313E-003   9.6281481453388626E-005
   64.250000000000000        1.8163132264792476E-003   5.9471579517178928E-005
   64.500000000000000        1.7039414091241216E-003   5.5836677775155253E-005
   64.750000000000000        1.8570351191518209E-003   7.8244121897675823E-005
   65.000000000000000        1.7153565755537504E-003   5.9200613871951694E-005
   65.250000000000000        1.6703621462044918E-003   1.0394618365471384E-004
   65.500000000000000        1.7151697798428549E-003   1.0307589113625348E-004
   65.750000000000000        1.7408778436410607E-003   6.7425595994563800E-005
   66.000000000000000        1.7269053281228216E-003   7.9628063350479258E-005
   66.250000000000000        1.8218297207729542E-003   1.1677438991783156E-004
   66.500000000000000        1.5612671124452919E-003   5.9702992259515309E-005
   66.750000000000000        1.7033495687089784E-003   6.4297819534399841E-005
   67.000000000000000        1.5937306837304393E-003   6.5892187052095586E-005
   67.250000000000000        1.6448323226423008E-003   6.1728175700333395E-005
   67.500000000000000        1.5927203278393524E-003   7.0396582556325656E-005
   67.750000000000000        1.6087038749232358E-003   6.1593058892695833E-005
   68.000000000000000        1.5220449887444402E-003   5.0561428239728894E-005
   68.250000000000000        1.6663609787636630E-003   7.7179711069795887E-005
   68.500000000000000        1.6659417818240306E-003   7.1378620079959676E-005
   68.750000000000000        1.6015264390815999E-003   5.7521913010533950E-005
   69.000000000000000        1.6942664466632969E-003   9.9392815601289522E-005
   69.250000000000000        1.6480596245194066E-003   7.6624084124555131E-005
   69.500000000000000        1.5654413806893374E-003   8.1016176916550039E-005
   69.750000000000000        1.4372616789884488E-003   4.0991617586841098E-005
   70.000000000000000        1.5258336198594421E-003   5.8158138748686159E-005
   70.250000000000000        1.5865051347671605E-003   8.0188390243431969E-005
   70.500000000000000        1.5389474594451403E-003   6.0567803906562580E-005
   70.750000000000000        1.5028585209222165E-003   5.7162951120522855E-005
   71.000000000000000        1.5315960861720609E-003   6.7875114351258819E-005
   71.250000000000000        1.4165000107063050E-003   3.9186837376207912E-005
   71.500000000000000        1.5516166471766645E-003   6.0260336005636409E-005
   71.750000000000000        1.4917341521902242E-003   5.5599386365302389E-005
   72.000000000000000        1.4518850911994946E-003   5.7670144297147698E-005
   72.250000000000000        1.5353145614501885E-003   7.6029688857086946E-005
   72.500000000000000        1.4777927080424685E-003   5.1688187904832966E-005
   72.750000000000000        1.3983136752302727E-003   4.0076821111291496E-005
   73.000000000000000        1.4286232277620485E-003   4.5495736394912107E-005
   73.250000000000000        1.3965320286997767E-003   4.4474744154957214E-005
   73.500000000000000        1.3880040964994521E-003   3.6053680050427892E-005
   73.750000000000000        1.4140072287790260E-003   4.8863173914937610E-005
   74.000000000000000        1.3896010336093266E-003   4.1746803155065420E-005
   74.250000000000000        1.3803412157118076E-003   3.9891878619265737E-005
   74.500000000000000        1.3699781045860124E-003   4.8045446653603865E-005
   74.750000000000000        1.3012224727484074E-003   3.7876354784936396E-005
