   0.0000000000000000        6.9275309799756473        2.2346255231141199E-002
  0.50000000000000000       0.82189908328230488        7.4442558255167438E-003
   1.0000000000000000       0.48980887875789447        5.4504626128284023E-003
   1.5000000000000000       0.34971574627221580        4.4092571584927543E-003
   2.0000000000000000       0.27536930859263536        3.9759709450073498E-003
   2.5000000000000000       0.22713034922405964        3.4254603999741172E-003
   3.0000000000000000       0.18918589888803122        3.2906299482891319E-003
   3.5000000000000000       0.16508594672406318        3.8566350499809822E-003
   4.0000000000000000       0.14141659321168701        2.4967570430030981E-003
   4.5000000000000000       0.12767696659392083        2.5273597277276579E-003
   5.0000000000000000       0.11486990164784389        2.3797551599587701E-003
   5.5000000000000000       0.10809402285582642        2.9454318178060539E-003
   6.0000000000000000        9.9571156367553079E-002   2.2061348297842923E-003
   6.5000000000000000        9.2324193018776909E-002   2.1424864149612245E-003
   7.0000000000000000        8.8319431740917290E-002   2.1615762767641846E-003
   7.5000000000000000        7.7823403656967743E-002   1.5498231100458163E-003
   8.0000000000000000        7.2583035403638765E-002   2.1422044362653407E-003
   8.5000000000000000        6.2647896783245879E-002   2.2264930413228696E-003
   9.0000000000000000        5.5286607788893556E-002   1.8805795719336361E-003
   9.5000000000000000        4.7342225755874934E-002   1.5159774654507155E-003
   10.000000000000000        4.5738262414190774E-002   2.7313661713606724E-003
   10.500000000000000        4.1059493344685762E-002   1.8195027521652415E-003
   11.000000000000000        3.5092303885672020E-002   1.3136900472143667E-003
   11.500000000000000        3.7456519603882125E-002   1.9733740019164817E-003
   12.000000000000000        3.1250646096441084E-002   1.3185915267266877E-003
   12.500000000000000        2.9694675369081238E-002   1.2747217528519732E-003
   13.000000000000000        2.7059138476498813E-002   1.2188613201519177E-003
   13.500000000000000        2.3935737906618043E-002   1.0569113872588407E-003
   14.000000000000000        2.4530789194015874E-002   1.6847681273856844E-003
   14.500000000000000        2.0407439991129622E-002   1.0316122968328811E-003
   15.000000000000000        1.9455910034036593E-002   1.0793231638826695E-003
   15.500000000000000        1.7705362800117704E-002   9.0681882034786938E-004
   16.000000000000000        2.0298768113948845E-002   2.9167920082706078E-003
   16.500000000000000        1.7188177526546982E-002   1.4243356271442967E-003
   17.000000000000000        1.6662993542762367E-002   1.8029218473256164E-003
   17.500000000000000        1.4934589536658835E-002   1.6593284814289590E-003
   18.000000000000000        1.2714722211021903E-002   9.3777977533184985E-004
   18.500000000000000        1.2795817273811447E-002   1.2232981710281340E-003
   19.000000000000000        1.2010588628967213E-002   1.0866166400162016E-003
   19.500000000000000        1.0615780996595544E-002   1.2352831759583776E-003
   20.000000000000000        6.9289462301291484E-003   6.7826193090602229E-004
   20.500000000000000        5.8432193936223190E-003   5.1324274144815777E-004
   21.000000000000000        4.9324986683951079E-003   7.8753410433301781E-004
   21.500000000000000        3.6306981858775797E-003   2.9360963138423354E-004
   22.000000000000000        4.0988198878226479E-003   4.9506670444832124E-004
   22.500000000000000        3.4720293482014249E-003   4.6279666637093339E-004
   23.000000000000000        2.8667204660551833E-003   2.9332304490204271E-004
   23.500000000000000        2.2245094808089299E-003   2.2508718995156254E-004
   24.000000000000000        1.7799515303051061E-003   1.6740537645287568E-004
   24.500000000000000        1.3479124315442005E-003   1.3007630966161099E-004
   25.000000000000000        1.5408223461357354E-003   3.1779519387319636E-004
   25.500000000000000        9.2120398341557672E-004   1.0029588702774606E-004
   26.000000000000000        1.1286137107487633E-003   1.7159950502963804E-004
   26.500000000000000        7.8624785130751722E-004   9.5052611941767086E-005
   27.000000000000000        9.1525752686500480E-004   1.4867762314964438E-004
   27.500000000000000        8.6282047340704797E-004   1.8293920880625239E-004
   28.000000000000000        6.9858279595369000E-004   9.5792882012473224E-005
   28.500000000000000        4.4425432499473001E-004   5.2675289316707459E-005
   29.000000000000000        6.5344721565414865E-004   1.2072594433264876E-004
   29.500000000000000        3.4445991107111859E-004   5.7706541732390019E-005
   30.000000000000000        1.0472808882425124E-003   7.8152869937418267E-004
   30.500000000000000        3.7090841850458090E-004   6.3377446965212563E-005
   31.000000000000000        3.0296860728111600E-004   6.0441018852328572E-005
   31.500000000000000        2.5684417237799274E-004   6.5523733323299074E-005
   32.000000000000000        1.4774964294463080E-004   3.2779126575001639E-005
   32.500000000000000        2.0455705603483306E-004   4.3217921330795825E-005
   33.000000000000000        1.5242695614489326E-004   4.3126884551753743E-005
   33.500000000000000        2.2142154109509898E-004   6.5162963574615725E-005
   34.000000000000000        1.3187343000470940E-004   4.6232665049484112E-005
   34.500000000000000        5.7219219683166517E-005   1.9977316645835402E-005
   35.000000000000000        3.4956539551596661E-005   9.6736841273489284E-006
   35.500000000000000        1.8978779007932525E-004   1.2941646273618000E-004
   36.000000000000000        1.8075768946801004E-005   4.4723002046431113E-006
   36.500000000000000        2.0117959935501087E-005   5.4289459246281071E-006
   37.000000000000000        4.5308225157556113E-005   1.6031322723688488E-005
   37.500000000000000        2.1924368617985079E-006   1.2627770373381138E-006
   38.000000000000000        1.8109592487161576E-005   1.2333770902084090E-005
   38.500000000000000        5.2434662728482733E-006   2.4020744091778804E-006
   39.000000000000000        1.1688953030676625E-005   7.7966101928871914E-006
   39.500000000000000        1.8781557227557014E-006   1.7618546061975305E-006
   40.000000000000000        6.5037531399052553E-006   6.3882806917118497E-006
   40.500000000000000        8.6503927798096987E-007   6.1934061618904314E-007
   41.000000000000000        2.7418928410402842E-006   2.7389399503989868E-006
   41.500000000000000        2.1219427364778930E-006   1.6001778484517422E-006
   42.000000000000000        1.8914550135984023E-006   1.8872525551453727E-006
   42.500000000000000        5.1124755563195316E-009   4.4565582259462880E-009
   43.000000000000000        3.0416077993687922E-010   3.0416076900053698E-010
   43.500000000000000        3.1135219155994571E-008   2.3343090265923338E-008
   44.000000000000000        9.6903576658426082E-010   9.6903573174181076E-010
   44.500000000000000        1.0237309058706794E-006   1.0237308690616222E-006
   45.000000000000000        8.6174338354636198E-009   8.6174335256169460E-009
   45.500000000000000        2.1758755841228405E-009   2.6333648032139577E-009
   46.000000000000000        1.6974596478240223E-006   1.6974595867905138E-006
   46.500000000000000        0.0000000000000000        0.0000000000000000     
   47.000000000000000        0.0000000000000000        0.0000000000000000     
   47.500000000000000        0.0000000000000000        0.0000000000000000     
   48.000000000000000        0.0000000000000000        0.0000000000000000     
   48.500000000000000        0.0000000000000000        0.0000000000000000     
   49.000000000000000        0.0000000000000000        0.0000000000000000     
   49.500000000000000        0.0000000000000000        0.0000000000000000     
   50.000000000000000        0.0000000000000000        0.0000000000000000     
   50.500000000000000        0.0000000000000000        0.0000000000000000     
   51.000000000000000        0.0000000000000000        0.0000000000000000     
   51.500000000000000        0.0000000000000000        0.0000000000000000     
   52.000000000000000        0.0000000000000000        0.0000000000000000     
   52.500000000000000        0.0000000000000000        0.0000000000000000     
   53.000000000000000        0.0000000000000000        0.0000000000000000     
   53.500000000000000        0.0000000000000000        0.0000000000000000     
   54.000000000000000        0.0000000000000000        0.0000000000000000     
   54.500000000000000        0.0000000000000000        0.0000000000000000     
   55.000000000000000        0.0000000000000000        0.0000000000000000     
   55.500000000000000        0.0000000000000000        0.0000000000000000     
   56.000000000000000        0.0000000000000000        0.0000000000000000     
   56.500000000000000        0.0000000000000000        0.0000000000000000     
   57.000000000000000        0.0000000000000000        0.0000000000000000     
   57.500000000000000        0.0000000000000000        0.0000000000000000     
   58.000000000000000        0.0000000000000000        0.0000000000000000     
   58.500000000000000        0.0000000000000000        0.0000000000000000     
   59.000000000000000        0.0000000000000000        0.0000000000000000     
   59.500000000000000        0.0000000000000000        0.0000000000000000     
   60.000000000000000        0.0000000000000000        0.0000000000000000     
   60.500000000000000        0.0000000000000000        0.0000000000000000     
   61.000000000000000        0.0000000000000000        0.0000000000000000     
   61.500000000000000        0.0000000000000000        0.0000000000000000     
   62.000000000000000        0.0000000000000000        0.0000000000000000     
   62.500000000000000        0.0000000000000000        0.0000000000000000     
   63.000000000000000        0.0000000000000000        0.0000000000000000     
   63.500000000000000        0.0000000000000000        0.0000000000000000     
   64.000000000000000        0.0000000000000000        0.0000000000000000     
   64.500000000000000        0.0000000000000000        0.0000000000000000     
   65.000000000000000        0.0000000000000000        0.0000000000000000     
   65.500000000000000        0.0000000000000000        0.0000000000000000     
   66.000000000000000        0.0000000000000000        0.0000000000000000     
   66.500000000000000        0.0000000000000000        0.0000000000000000     
   67.000000000000000        0.0000000000000000        0.0000000000000000     
   67.500000000000000        0.0000000000000000        0.0000000000000000     
   68.000000000000000        0.0000000000000000        0.0000000000000000     
   68.500000000000000        0.0000000000000000        0.0000000000000000     
   69.000000000000000        0.0000000000000000        0.0000000000000000     
   69.500000000000000        0.0000000000000000        0.0000000000000000     
   70.000000000000000        0.0000000000000000        0.0000000000000000     
   70.500000000000000        0.0000000000000000        0.0000000000000000     
   71.000000000000000        0.0000000000000000        0.0000000000000000     
   71.500000000000000        0.0000000000000000        0.0000000000000000     
   72.000000000000000        0.0000000000000000        0.0000000000000000     
   72.500000000000000        0.0000000000000000        0.0000000000000000     
   73.000000000000000        0.0000000000000000        0.0000000000000000     
   73.500000000000000        0.0000000000000000        0.0000000000000000     
   74.000000000000000        0.0000000000000000        0.0000000000000000     
   74.500000000000000        0.0000000000000000        0.0000000000000000     
   75.000000000000000        0.0000000000000000        0.0000000000000000     
   75.500000000000000        0.0000000000000000        0.0000000000000000     
   76.000000000000000        0.0000000000000000        0.0000000000000000     
   76.500000000000000        0.0000000000000000        0.0000000000000000     
   77.000000000000000        0.0000000000000000        0.0000000000000000     
   77.500000000000000        0.0000000000000000        0.0000000000000000     
   78.000000000000000        0.0000000000000000        0.0000000000000000     
   78.500000000000000        0.0000000000000000        0.0000000000000000     
   79.000000000000000        0.0000000000000000        0.0000000000000000     
   79.500000000000000        0.0000000000000000        0.0000000000000000     
   80.000000000000000        0.0000000000000000        0.0000000000000000     
   80.500000000000000        0.0000000000000000        0.0000000000000000     
   81.000000000000000        0.0000000000000000        0.0000000000000000     
   81.500000000000000        0.0000000000000000        0.0000000000000000     
   82.000000000000000        0.0000000000000000        0.0000000000000000     
   82.500000000000000        0.0000000000000000        0.0000000000000000     
   83.000000000000000        0.0000000000000000        0.0000000000000000     
   83.500000000000000        0.0000000000000000        0.0000000000000000     
   84.000000000000000        0.0000000000000000        0.0000000000000000     
   84.500000000000000        0.0000000000000000        0.0000000000000000     
   85.000000000000000        0.0000000000000000        0.0000000000000000     
   85.500000000000000        0.0000000000000000        0.0000000000000000     
   86.000000000000000        0.0000000000000000        0.0000000000000000     
   86.500000000000000        0.0000000000000000        0.0000000000000000     
   87.000000000000000        0.0000000000000000        0.0000000000000000     
   87.500000000000000        0.0000000000000000        0.0000000000000000     
   88.000000000000000        0.0000000000000000        0.0000000000000000     
   88.500000000000000        0.0000000000000000        0.0000000000000000     
   89.000000000000000        0.0000000000000000        0.0000000000000000     
   89.500000000000000        0.0000000000000000        0.0000000000000000     
   90.000000000000000        0.0000000000000000        0.0000000000000000     
   90.500000000000000        0.0000000000000000        0.0000000000000000     
   91.000000000000000        0.0000000000000000        0.0000000000000000     
   91.500000000000000        0.0000000000000000        0.0000000000000000     
   92.000000000000000        0.0000000000000000        0.0000000000000000     
   92.500000000000000        0.0000000000000000        0.0000000000000000     
   93.000000000000000        0.0000000000000000        0.0000000000000000     
   93.500000000000000        0.0000000000000000        0.0000000000000000     
   94.000000000000000        0.0000000000000000        0.0000000000000000     
   94.500000000000000        0.0000000000000000        0.0000000000000000     
   95.000000000000000        0.0000000000000000        0.0000000000000000     
   95.500000000000000        0.0000000000000000        0.0000000000000000     
   96.000000000000000        0.0000000000000000        0.0000000000000000     
   96.500000000000000        0.0000000000000000        0.0000000000000000     
   97.000000000000000        0.0000000000000000        0.0000000000000000     
   97.500000000000000        0.0000000000000000        0.0000000000000000     
   98.000000000000000        0.0000000000000000        0.0000000000000000     
   98.500000000000000        0.0000000000000000        0.0000000000000000     
   99.000000000000000        0.0000000000000000        0.0000000000000000     
   99.500000000000000        0.0000000000000000        0.0000000000000000     
