   86.000000000000000       0.16765073324113555        5.6856722643951769E-003
   86.049999999999997       0.18356499194269998        7.1899190534008813E-003
   86.099999999999994       0.17769025652573212        6.9553598332993682E-003
   86.149999999999991       0.20262908058289197        9.2644958076684228E-003
   86.199999999999989       0.19184153794644279        7.7360108591242151E-003
   86.249999999999986       0.19546688220770042        7.0202450102598603E-003
   86.299999999999983       0.20428558129890997        8.4613973223922299E-003
   86.349999999999980       0.20526702651188453        8.2408824712567989E-003
   86.399999999999977       0.21751185194328571        8.9479394593522266E-003
   86.449999999999974       0.20280905846618902        7.2011886169067703E-003
   86.499999999999972       0.19638780671365610        6.3223571685420100E-003
   86.549999999999969       0.20548194402615111        6.6174889567118681E-003
   86.599999999999966       0.21000966414508265        7.2300195254002960E-003
   86.649999999999963       0.22503570043152796        8.3562502567688483E-003
   86.699999999999960       0.23864935998706235        9.5878128766816745E-003
   86.749999999999957       0.23290612629959742        9.0764016499752520E-003
   86.799999999999955       0.23020091469566498        8.6850015874784577E-003
   86.849999999999952       0.24634102824130366        8.7426249424095749E-003
   86.899999999999949       0.23666850701064132        7.3256460152230935E-003
   86.949999999999946       0.24854253178500035        9.0437330679220534E-003
   86.999999999999943       0.23624274519708038        6.3214417160688315E-003
   87.049999999999940       0.27493732572234375        1.0653319921720836E-002
   87.099999999999937       0.26702487789754875        8.9328506256263953E-003
   87.149999999999935       0.26736961768030248        9.4592373888356569E-003
   87.199999999999932       0.28382434853090605        9.8010930691711344E-003
   87.249999999999929       0.27173433811785019        8.6506549526030197E-003
   87.299999999999926       0.30105613451548252        1.1300123997448478E-002
   87.349999999999923       0.29843210204080378        1.0283483389900054E-002
   87.399999999999920       0.31051941761407659        1.0822476106582440E-002
   87.449999999999918       0.31114986921902371        1.0130698105061196E-002
   87.499999999999915       0.33571425873436611        1.0755263275815148E-002
   87.549999999999912       0.31963736399433196        1.0455058096893302E-002
   87.599999999999909       0.34250442697161887        1.2133622887331346E-002
   87.649999999999906       0.34240976260241812        1.0787713157744466E-002
   87.699999999999903       0.32376311826667520        9.5094350115648204E-003
   87.749999999999901       0.35615813605667002        1.1553599059186296E-002
   87.799999999999898       0.36041831621200138        1.0785843992979858E-002
   87.849999999999895       0.36197613015084890        1.0377386392511815E-002
   87.899999999999892       0.37945488777901976        1.0986655337295136E-002
   87.949999999999889       0.38981851348871061        1.1833829205669012E-002
   87.999999999999886       0.40230350679122301        1.1967102929329143E-002
   88.049999999999883       0.40287499416192063        1.2538428484709940E-002
   88.099999999999881       0.43508691237176772        1.3549309159132121E-002
   88.149999999999878       0.43439260107696992        1.2354839666051776E-002
   88.199999999999875       0.45154438775833483        1.3070415822584409E-002
   88.249999999999872       0.44534998489109118        1.2182037677129106E-002
   88.299999999999869       0.47539101310439646        1.3305728348683378E-002
   88.349999999999866       0.45389563087649071        1.1466044702999062E-002
   88.399999999999864       0.49001730017819245        1.3344173262774263E-002
   88.449999999999861       0.50790733481977013        1.2836723979545234E-002
   88.499999999999858       0.52219960709197444        1.3369911027292760E-002
   88.549999999999855       0.53514991796814881        1.3901047867848650E-002
   88.599999999999852       0.53557877225283879        1.3891161138702651E-002
   88.649999999999849       0.54599357202743848        1.2702619226527642E-002
   88.699999999999847       0.58944629721777742        1.5335917838687485E-002
   88.749999999999844       0.60266433514834583        1.4435061549020850E-002
   88.799999999999841       0.62117091480452480        1.5860229412628414E-002
   88.849999999999838       0.64589109577537929        1.6203757801795993E-002
   88.899999999999835       0.66004522995428005        1.6492200469923581E-002
   88.949999999999832       0.69321844651073938        1.6680773322313627E-002
   88.999999999999829       0.71369977281912378        1.7403732220068135E-002
   89.049999999999827       0.73643202424315601        1.7445282552144174E-002
   89.099999999999824       0.75474284757030097        1.7048561562555662E-002
   89.149999999999821       0.79398234088391673        1.8481158735626460E-002
   89.199999999999818       0.82816690920666614        1.8602003029232997E-002
   89.249999999999815       0.83762024211109543        1.8414594362464724E-002
   89.299999999999812       0.89236805808074771        1.9480004637471050E-002
   89.349999999999810       0.90023207229023849        1.9209210642832875E-002
   89.399999999999807       0.94136364645913784        1.9726316402298844E-002
   89.449999999999804       0.96496019798474419        2.0155561435816961E-002
   89.499999999999801       0.99723512831730654        2.0014425581574024E-002
   89.549999999999798        1.0027922595462095        1.9793589490988799E-002
   89.599999999999795        1.0694967224013059        2.1003952871936019E-002
   89.649999999999793        1.1073218635092539        2.1912444485920470E-002
   89.699999999999790        1.1657865511070522        2.2323488739937024E-002
   89.749999999999787        1.2036337553904977        2.3467949538614648E-002
   89.799999999999784        1.1953807775669594        2.0585756987046611E-002
   89.849999999999781        1.2942949820016785        2.4378292560954015E-002
   89.899999999999778        1.3343904728873601        2.3143049744082430E-002
   89.949999999999775        1.3700606051813256        2.3607276042941491E-002
   89.999999999999773        1.4686586939183768        2.5551460062473944E-002
   90.049999999999770        1.4490961425312998        2.3864762748557075E-002
   90.099999999999767        1.4679918022033036        2.3385113962084418E-002
   90.149999999999764        1.5677254264605034        2.4912793751844714E-002
   90.199999999999761        1.5890691301263649        2.5512754053655960E-002
   90.249999999999758        1.6595724667574152        2.5210759432493752E-002
   90.299999999999756        1.7797216037420163        2.7878874819181429E-002
   90.349999999999753        1.7945504715794363        2.7991483675091220E-002
   90.399999999999750        1.8085673493303465        2.6504071473325411E-002
   90.449999999999747        1.8397202806180482        2.7128230910049029E-002
   90.499999999999744        1.9606598730326097        2.9390055330206815E-002
   90.549999999999741        1.9847007534841632        2.9664809041161411E-002
   90.599999999999739        2.0119955996766126        2.8834583916791789E-002
   90.649999999999736        2.1193483667849797        3.1223268769929233E-002
   90.699999999999733        2.1022751038519285        2.9647311269138155E-002
   90.749999999999730        2.2157173986074303        3.1471625875482946E-002
   90.799999999999727        2.2396075316757922        3.2000556425126142E-002
   90.849999999999724        2.2096271177241515        3.0739574922705522E-002
   90.899999999999721        2.2211205157362008        3.0700677079600620E-002
   90.949999999999719        2.2782635296320009        3.2672189270122005E-002
   90.999999999999716        2.2463127113260977        3.0774590038190514E-002
   91.049999999999713        2.2880056134464222        3.1392915332097968E-002
   91.099999999999710        2.3129674073889968        3.2998913911155517E-002
   91.149999999999707        2.2521978620960983        3.1138066274951737E-002
   91.199999999999704        2.2181308581221177        3.0226865915755415E-002
   91.249999999999702        2.2266526204450185        3.0471247778196011E-002
   91.299999999999699        2.1950129904362798        3.1303478784859798E-002
   91.349999999999696        2.1516590252699319        3.0322173042364165E-002
   91.399999999999693        2.1349906633951385        3.1550419784084779E-002
   91.449999999999690        2.0569608321454957        2.8445288524342395E-002
   91.499999999999687        2.0426844704092182        3.0024726528234732E-002
   91.549999999999685        2.0160072282829531        3.0387327595453963E-002
   91.599999999999682        1.9525062384190315        2.8515811324302073E-002
   91.649999999999679        1.8624642529786617        2.8184226484859343E-002
   91.699999999999676        1.8483015545314365        2.8335137365803439E-002
   91.749999999999673        1.7461032875462352        2.6618269360254021E-002
   91.799999999999670        1.6989041827044846        2.6217821247705782E-002
   91.849999999999667        1.7125744884989773        2.6984970213485244E-002
   91.899999999999665        1.5899230093019023        2.4699401433403056E-002
   91.949999999999662        1.5582763454013326        2.3781098058172360E-002
   91.999999999999659        1.5536604739538746        2.6454916439866194E-002
   92.049999999999656        1.4856772867488761        2.5188923950389418E-002
   92.099999999999653        1.3897604870073710        2.2369457895481889E-002
   92.149999999999650        1.3470838369565734        2.3066422297906092E-002
   92.199999999999648        1.3441847924206132        2.3210793851268677E-002
   92.249999999999645        1.3015242266500215        2.2500793492417785E-002
   92.299999999999642        1.2344382369999893        2.2180261550865117E-002
   92.349999999999639        1.2045506886367217        2.2307937006868079E-002
   92.399999999999636        1.1751311520320886        2.1442108243167363E-002
   92.449999999999633        1.1657106664276118        2.1513311755488582E-002
   92.499999999999631        1.0787247936992177        1.9896893195105275E-002
   92.549999999999628        1.0619871707940582        2.1153130762574905E-002
   92.599999999999625        1.0264469151192241        1.9969332523279825E-002
   92.649999999999622        1.0078154565809219        1.9980266403421463E-002
   92.699999999999619       0.95072945257377806        1.8238745912071818E-002
   92.749999999999616       0.94436129288502735        1.8531123832720837E-002
   92.799999999999613       0.90378067717456645        1.9120929143564190E-002
   92.849999999999611       0.86462584412612220        1.7011688183564907E-002
   92.899999999999608       0.86597457879327411        1.8202921890202797E-002
   92.949999999999605       0.80756777654613743        1.5724709387715870E-002
   92.999999999999602       0.79646961566447683        1.6962408212616166E-002
   93.049999999999599       0.78637938730997370        1.7428749848926641E-002
   93.099999999999596       0.75939935740517217        1.6410638341969860E-002
   93.149999999999594       0.74028175327574119        1.5529192875432607E-002
   93.199999999999591       0.72228239390270843        1.5716828536111376E-002
   93.249999999999588       0.70590501806142081        1.5356527116032508E-002
   93.299999999999585       0.71277088137941902        1.5754626558097486E-002
   93.349999999999582       0.67433583540818298        1.5116396081857129E-002
   93.399999999999579       0.63819383383425221        1.3710196923896056E-002
   93.449999999999577       0.63427444942150779        1.4472181751846683E-002
   93.499999999999574       0.63568019957148159        1.4740485377583693E-002
   93.549999999999571       0.60387770965550747        1.3257992788099094E-002
   93.599999999999568       0.60000464890706162        1.3815494197976723E-002
   93.649999999999565       0.59460218552976540        1.3597573340848535E-002
   93.699999999999562       0.57798726691975089        1.3958590801871118E-002
   93.749999999999559       0.55997867954614955        1.2523481451612951E-002
   93.799999999999557       0.57423601643393440        1.3873818676720577E-002
   93.849999999999554       0.52188079424683442        1.2155297843090574E-002
   93.899999999999551       0.52884234920668294        1.3039852061275316E-002
   93.949999999999548       0.52623226857247662        1.3413805693656014E-002
   93.999999999999545       0.51054191368432322        1.2087644710901017E-002
   94.049999999999542       0.47769680482448884        1.0722999600327850E-002
   94.099999999999540       0.48161998784992360        1.1954526081401634E-002
   94.149999999999537       0.47073342883311059        1.1217213107094349E-002
   94.199999999999534       0.47000281102352898        1.1343979384020890E-002
   94.249999999999531       0.46363496917843838        1.1107120177529513E-002
   94.299999999999528       0.45393694002798107        1.1186615874997786E-002
   94.349999999999525       0.42905762353090576        1.0063583333408245E-002
   94.399999999999523       0.42787210385867214        1.0075053254233550E-002
   94.449999999999520       0.42861000680408151        1.0421995561054994E-002
   94.499999999999517       0.42021078648437887        1.0425206065056682E-002
   94.549999999999514       0.41982650559271550        9.9733406841055385E-003
   94.599999999999511       0.42622606680237912        1.0681958906684283E-002
   94.649999999999508       0.39906389075142878        1.0149927153070285E-002
   94.699999999999505       0.39366784481297673        9.5074378707125373E-003
   94.749999999999503       0.40502192469071119        1.0121707345939014E-002
   94.799999999999500       0.39244181305624237        1.0266651635042952E-002
   94.849999999999497       0.37868393845881010        8.8460381157863168E-003
   94.899999999999494       0.37691876547489211        9.2839055878485774E-003
   94.949999999999491       0.37017561388631159        9.0783002038560996E-003
   94.999999999999488       0.35741448923392677        8.6445244797338384E-003
   95.049999999999486       0.35006888344217046        7.9248887074596045E-003
   95.099999999999483       0.35305879734745604        8.5624244216716827E-003
   95.149999999999480       0.33757563786894024        7.8907950856252403E-003
   95.199999999999477       0.32755827245403735        7.7718688654626394E-003
   95.249999999999474       0.33981524026908205        7.9783239043666378E-003
   95.299999999999471       0.32617960530800599        7.3523608032715470E-003
   95.349999999999469       0.32705011873915291        7.6447332653425387E-003
   95.399999999999466       0.32076787039664628        7.3475445305552821E-003
   95.449999999999463       0.32179979464145453        7.4702810945732976E-003
   95.499999999999460       0.32648778492727459        7.5319496556501700E-003
   95.549999999999457       0.32174098831371445        7.5058956517103075E-003
   95.599999999999454       0.33506049416856853        8.3790484875574927E-003
   95.649999999999451       0.31058942656272048        6.8441636892912017E-003
   95.699999999999449       0.30204374705788711        6.6706427220572595E-003
   95.749999999999446       0.30853413034291866        6.8749265520211492E-003
   95.799999999999443       0.30158612454523975        6.8103871553166287E-003
   95.849999999999440       0.30392935197170451        7.0433277168105027E-003
   95.899999999999437       0.30269747126759489        6.9142996933791792E-003
   95.949999999999434       0.29491286099183422        6.5829902089584317E-003
