   80.000000000000000        5.1030827309867140E-002   3.3149896768270588E-003
   80.099999999999994        5.5751180978806963E-002   4.0322893056732468E-003
   80.199999999999989        4.9675546346359803E-002   2.4193599939076765E-003
   80.299999999999983        5.6233218049634263E-002   3.5116975127092143E-003
   80.399999999999977        5.2498110397838277E-002   2.8185206928764196E-003
   80.499999999999972        5.0274177935369369E-002   2.2543501421211473E-003
   80.599999999999966        4.9999040392974411E-002   2.4859946153982632E-003
   80.699999999999960        5.6306588946641846E-002   3.1497954983753704E-003
   80.799999999999955        5.4514686902099617E-002   3.1846901297522203E-003
   80.899999999999949        5.3604052644146645E-002   2.0715432390413444E-003
   80.999999999999943        5.6961325450249393E-002   2.6051310192930664E-003
   81.099999999999937        5.7878292144302616E-002   2.3421054077925278E-003
   81.199999999999932        5.8883455921315581E-002   2.9996868958693463E-003
   81.299999999999926        6.0797246132623481E-002   2.6612019990440001E-003
   81.399999999999920        6.6328995387521558E-002   3.4160140322746233E-003
   81.499999999999915        6.4775015014483878E-002   2.9857932844315452E-003
   81.599999999999909        7.4250351865357722E-002   3.9958090276052214E-003
   81.699999999999903        7.1731052833898440E-002   3.5619874697733317E-003
   81.799999999999898        6.5112267741699051E-002   3.0071349581804849E-003
   81.899999999999892        6.7730762982920703E-002   3.1790429758261833E-003
   81.999999999999886        6.9968353816051834E-002   3.1668695626828475E-003
   82.099999999999881        7.4331331967107131E-002   3.9113002030626244E-003
   82.199999999999875        7.5443395438669278E-002   3.4845747568471551E-003
   82.299999999999869        7.9101086414997523E-002   3.6105336910187101E-003
   82.399999999999864        7.3872091438230203E-002   3.0622753427377784E-003
   82.499999999999858        7.3439767513608589E-002   2.6993797082693169E-003
   82.599999999999852        7.9202723762865510E-002   2.8970031606792047E-003
   82.699999999999847        8.3169269084112610E-002   3.6439255429719444E-003
   82.799999999999841        8.3266388573371014E-002   3.6465618911593529E-003
   82.899999999999835        8.3079983071488089E-002   3.2212459713528907E-003
   82.999999999999829        8.5702920984391445E-002   3.5502427114801581E-003
   83.099999999999824        9.4296553299443406E-002   3.8182898855179098E-003
   83.199999999999818        8.6636590440582389E-002   3.2219474388804088E-003
   83.299999999999812        8.7184100213194962E-002   2.8224266610967479E-003
   83.399999999999807        9.7190582691247682E-002   4.0952289869204709E-003
   83.499999999999801       0.10128226200009384        4.2615777836594142E-003
   83.599999999999795       0.10465248580931168        4.1587353713951987E-003
   83.699999999999790       0.10111365762973733        3.4156591146181706E-003
   83.799999999999784       0.10692628248746611        3.8605602350347398E-003
   83.899999999999778       0.11054221199020715        4.0874260108531351E-003
   83.999999999999773       0.10956381033796277        3.6372132267780918E-003
   84.099999999999767       0.10346453863161974        3.4705137481442004E-003
   84.199999999999761       0.11456408699544358        4.2072261542939696E-003
   84.299999999999756       0.11941290867332346        4.6664203299898168E-003
   84.399999999999750       0.11973587867815370        4.0505360821119045E-003
   84.499999999999744       0.12008869101860624        3.8465160262930653E-003
   84.599999999999739       0.12318336765176591        4.2753302849640800E-003
   84.699999999999733       0.12828063493183856        4.1041341211746629E-003
   84.799999999999727       0.13664522094267542        4.6161712914277089E-003
   84.899999999999721       0.14230062833091467        4.9779724170238996E-003
   84.999999999999716       0.14417938929310214        4.4966732739422427E-003
   85.099999999999710       0.14615351871513640        4.7681973882875220E-003
   85.199999999999704       0.14417437096935645        4.6224714623486580E-003
   85.299999999999699       0.14900468911206513        4.6784080498319816E-003
   85.399999999999693       0.15246684830988649        4.1906708808803171E-003
   85.499999999999687       0.16527545132906588        4.9922521295414123E-003
   85.599999999999682       0.16371508284450365        4.5746661783742058E-003
   85.699999999999676       0.16956623977312318        4.8891352151956106E-003
   85.799999999999670       0.18137670074907625        5.4893330552596049E-003
   85.899999999999665       0.18625952715927602        5.1192912236274531E-003
   85.999999999999659       0.19533214004725127        5.8709122270065835E-003
   86.099999999999653       0.19914086176221185        5.5142313079773039E-003
   86.199999999999648       0.21332252417299935        6.0547311707227673E-003
   86.299999999999642       0.20868806265815976        5.5467435055464691E-003
   86.399999999999636       0.21328315050825564        5.1758477639882814E-003
   86.499999999999631       0.22341295508078068        5.8422956490225301E-003
   86.599999999999625       0.24065099142531526        6.9146820751209070E-003
   86.699999999999619       0.24470336588727154        5.6765667206695259E-003
   86.799999999999613       0.24711860266788477        5.6680817148425751E-003
   86.899999999999608       0.27267655444790045        7.1086609332337439E-003
   86.999999999999602       0.27441799943178724        6.6866527530779398E-003
   87.099999999999596       0.29174544987354528        7.1236306127856605E-003
   87.199999999999591       0.30369241015524145        7.5993711316375227E-003
   87.299999999999585       0.32583540510592673        7.6652346108982182E-003
   87.399999999999579       0.32763965805807543        7.4544863518280473E-003
   87.499999999999574       0.34572221613771803        7.9265670339967141E-003
   87.599999999999568       0.36588548150684352        8.3737043175736731E-003
   87.699999999999562       0.37601367755566500        7.8683492239319149E-003
   87.799999999999557       0.39668107546388326        8.2043179289980409E-003
   87.899999999999551       0.40923550729396058        8.5776655649748013E-003
   87.999999999999545       0.45256524059728515        9.6508848567616098E-003
   88.099999999999540       0.47127957457057240        9.3968846635235481E-003
   88.199999999999534       0.47082199531679175        8.8693528827220210E-003
   88.299999999999528       0.52580058663850482        9.7668756865152400E-003
   88.399999999999523       0.54112378285012674        9.9811545287242145E-003
   88.499999999999517       0.57010339400138743        1.0149920380231119E-002
   88.599999999999511       0.63378215563878326        1.1394674765954009E-002
   88.699999999999505       0.64457559588487601        1.1200256050525343E-002
   88.799999999999500       0.70783523857808783        1.1851638773591145E-002
   88.899999999999494       0.75644778263852264        1.2673236691507569E-002
   88.999999999999488       0.79757546474267671        1.2988562699311701E-002
   89.099999999999483       0.88771055465099968        1.4138407320555716E-002
   89.199999999999477       0.93909687220659721        1.4259887403807481E-002
   89.299999999999471       0.97926731944332868        1.4019581931604743E-002
   89.399999999999466        1.0574974643999233        1.5037842210929964E-002
   89.499999999999460        1.1575507193977375        1.6294796766320570E-002
   89.599999999999454        1.2159357446369399        1.6252299304466811E-002
   89.699999999999449        1.3169452205595480        1.6643759031412360E-002
   89.799999999999443        1.4196174633999956        1.7335373200799246E-002
   89.899999999999437        1.4750191041872751        1.7176995492621003E-002
   89.999999999999432        1.5928727916181489        1.8163287399276744E-002
   90.099999999999426        1.7372383919366938        1.9153452401332299E-002
   90.199999999999420        1.8151818251010527        1.9815061462003594E-002
   90.299999999999415        1.9075342335545018        1.9932635979789205E-002
   90.399999999999409        2.0208455830969712        2.1157286614446151E-002
   90.499999999999403        2.1279406382679955        2.1823395901186447E-002
   90.599999999999397        2.2538608603549575        2.2819430161720861E-002
   90.699999999999392        2.2393663905008565        2.2289225260207352E-002
   90.799999999999386        2.2738562029360763        2.2743019980466857E-002
   90.899999999999380        2.3112169654418446        2.2885897437461195E-002
   90.999999999999375        2.2620534289614231        2.2225531000568798E-002
   91.099999999999369        2.2435198933173623        2.2619607739543225E-002
   91.199999999999363        2.1311162510373869        2.1702300904638937E-002
   91.299999999999358        2.0708002377358397        2.0948705105396065E-002
   91.399999999999352        1.9979967833042778        2.1356592282286230E-002
   91.499999999999346        1.8828646996358791        2.0720410234285024E-002
   91.599999999999341        1.7375415638687119        1.8922347370695043E-002
   91.699999999999335        1.6510571840655792        1.8466861623526110E-002
   91.799999999999329        1.5769420307064477        1.8431050658479876E-002
   91.899999999999324        1.4525283414382135        1.7285586685485625E-002
   91.999999999999318        1.3530810462399134        1.6461130655570699E-002
   92.099999999999312        1.2728989566647853        1.5959993849569958E-002
   92.199999999999307        1.1959270059730016        1.5620456271333736E-002
   92.299999999999301        1.1358347575200867        1.5176571944188930E-002
   92.399999999999295        1.0402331461277936        1.4326519730275541E-002
   92.499999999999289       0.99193859751382540        1.3930598681987582E-002
   92.599999999999284       0.92030546998207019        1.3231325853705980E-002
   92.699999999999278       0.87170680313563786        1.2721198534584600E-002
   92.799999999999272       0.81326540306789974        1.2262500921990632E-002
   92.899999999999267       0.77292397439192162        1.1804858024899825E-002
   92.999999999999261       0.74629641881314035        1.1681553406419423E-002
   93.099999999999255       0.69627527676640277        1.0617923885787394E-002
   93.199999999999250       0.66153185032379458        1.0486964729582233E-002
   93.299999999999244       0.65501720167135336        1.0871617257798899E-002
   93.399999999999238       0.59208496572261216        9.6489847714706922E-003
   93.499999999999233       0.57978990719164902        9.3980848009428478E-003
   93.599999999999227       0.56606506690128289        9.6664778516055427E-003
   93.699999999999221       0.53579219955430291        9.0705413287879427E-003
   93.799999999999216       0.50825169698145745        8.8578519265170973E-003
   93.899999999999210       0.49369208318941271        8.7365461558218845E-003
   93.999999999999204       0.47887915770018369        8.3722238353164460E-003
   94.099999999999199       0.45443443377559389        7.8326539955191794E-003
   94.199999999999193       0.43127585926578166        7.5025179241419810E-003
   94.299999999999187       0.42143819504223706        7.2336965004263865E-003
   94.399999999999181       0.41320458688061512        7.3884428268261295E-003
   94.499999999999176       0.39990152281581381        7.1364149218995764E-003
   94.599999999999170       0.39322271059299863        6.8774277302884532E-003
   94.699999999999164       0.38039532321081415        6.7909107951565047E-003
   94.799999999999159       0.38292048677596074        7.0327015741122141E-003
   94.899999999999153       0.34608786380344764        5.7644927914408291E-003
   94.999999999999147       0.33667451439140655        5.5540873229795807E-003
   95.099999999999142       0.33069926408921962        5.5164044860953739E-003
   95.199999999999136       0.32445245275807960        5.7238255083316199E-003
   95.299999999999130       0.30888825596231217        5.0302537038412164E-003
   95.399999999999125       0.32685234721365602        5.5544130377360714E-003
   95.499999999999119       0.30502795056686055        4.8678476004864520E-003
   95.599999999999113       0.30807832521980050        5.2075256141859939E-003
   95.699999999999108       0.30034481101383853        4.8667406163337449E-003
   95.799999999999102       0.29270438458632120        4.7903300255574283E-003
   95.899999999999096       0.28615179081248687        4.5124033869045075E-003
   95.999999999999091       0.28459323856121460        4.6358348086558525E-003
   96.099999999999085       0.27507164211301538        4.2945833523932849E-003
   96.199999999999079       0.27344056375428410        4.3079043920500083E-003
   96.299999999999073       0.26840460965918345        4.1087664304442946E-003
   96.399999999999068       0.27053492407905821        4.1259192329294288E-003
   96.499999999999062       0.26653693778308674        4.0617170076445268E-003
   96.599999999999056       0.26951100584794768        4.0809556920098165E-003
   96.699999999999051       0.26551504038438517        3.7937260203954521E-003
   96.799999999999045       0.26442147062760846        3.8652080112280447E-003
   96.899999999999039       0.26534219174734130        3.6965991632218758E-003
   96.999999999999034       0.25326072330750049        3.4054342888075167E-003
   97.099999999999028       0.25441838060779126        3.3403488709340830E-003
   97.199999999999022       0.25974666308385952        3.3242490444246016E-003
   97.299999999999017       0.26199464070281014        3.3645709934842015E-003
   97.399999999999011       0.26160945889908466        3.2894841406828626E-003
   97.499999999999005       0.26257684436457152        3.2446514009569108E-003
   97.599999999999000       0.26186589569016760        3.1179744897622597E-003
   97.699999999998994       0.26478494309494077        3.1366601950335786E-003
   97.799999999998988       0.27032539694469787        3.0357364388264052E-003
   97.899999999998983       0.26911242341968550        2.9702682006867011E-003
   97.999999999998977       0.27864225690252514        3.0178437272042205E-003
   98.099999999998971       0.27622628716429842        2.8103327139813194E-003
   98.199999999998965       0.27732441389159418        2.7832852274640974E-003
   98.299999999998960       0.28094874468618986        2.6933055185371039E-003
   98.399999999998954       0.29671173018678199        2.7792112401615384E-003
   98.499999999998948       0.29902128147228602        2.6609480727121247E-003
   98.599999999998943       0.30589957275591378        2.6169068395672126E-003
   98.699999999998937       0.31371434698860279        2.5850369138606939E-003
   98.799999999998931       0.32356229371308620        2.4680082565465772E-003
   98.899999999998926       0.33676485703924530        2.4276568415069711E-003
   98.999999999998920       0.35379206576534122        2.4239486522664938E-003
   99.099999999998914       0.36831569982866652        2.3784679119747435E-003
   99.199999999998909       0.39058673882969991        2.3430285651271188E-003
   99.299999999998903       0.41969954877905097        2.3005211973145820E-003
   99.399999999998897       0.45427330135125960        2.2759698730651433E-003
   99.499999999998892       0.50513955769882579        2.2478104294485221E-003
   99.599999999998886       0.57363227819659390        2.2240799868082531E-003
   99.699999999998880       0.67441016426533540        2.1786138736299690E-003
   99.799999999998875       0.85271310235184683        2.1408578354631860E-003
   99.899999999998869        1.0747025457376471        1.8031876111568538E-003
