   86.000000000000000        1.4329361735536403E-002   8.2906001225344535E-003
   86.049999999999997        3.5336998206472271E-002   1.4944780539737681E-002
   86.099999999999994        9.3547003070634169E-003   6.6143421127885550E-003
   86.149999999999991       0.10963780786993335        4.8881955677659933E-002
   86.199999999999989        3.8792430986856502E-002   1.6712908513790366E-002
   86.249999999999986        4.2107389650879595E-002   2.7039531333706499E-002
   86.299999999999983        6.9987405652814916E-002   3.7256815142797009E-002
   86.349999999999980       0.78214780528563888       0.75865316941651706     
   86.399999999999977        9.2579460795503096E-002   5.6560915172693738E-002
   86.449999999999974        7.7838331887474771E-002   6.1755655621340805E-002
   86.499999999999972       0.16549419803272514        9.8783206290167597E-002
   86.549999999999969       0.16240025394294091       0.10977462306447504     
   86.599999999999966        3.6583245631262085E-002   1.5172146389545116E-002
   86.649999999999963        3.4201048160726277E-002   2.0442570902558660E-002
   86.699999999999960       0.12384417003421884        4.8483334720148194E-002
   86.749999999999957        5.7115480534099358E-002   2.0163185557032694E-002
   86.799999999999955        7.1743222537332341E-002   2.5090288905693790E-002
   86.849999999999952       0.18845805377237765       0.15645231356941289     
   86.899999999999949        0.0000000000000000        0.0000000000000000     
   86.949999999999946       0.16621522573618738        6.4840568240037283E-002
   86.999999999999943        2.8440720660236181E-002   1.4520249498480771E-002
   87.049999999999940        6.0301005625182869E-002   2.7196185607960156E-002
   87.099999999999937        5.8141031564062494E-002   1.9566267996439918E-002
   87.149999999999935       0.10429960060828869        5.4694273452056942E-002
   87.199999999999932       0.20145524463685327        6.9327604155359268E-002
   87.249999999999929       0.13925970222554523        4.8578637614795486E-002
   87.299999999999926       0.12193684545904117        5.7454964349912242E-002
   87.349999999999923       0.22095291763451946       0.13803629861949729     
   87.399999999999920       0.10555975591633243        5.2196080955283483E-002
   87.449999999999918        3.6112720473978906E-002   1.9965231049102874E-002
   87.499999999999915       0.24252689853118425       0.14472134401003431     
   87.549999999999912       0.10293950456136869        3.6637126871287520E-002
   87.599999999999909       0.11364685681875365        3.7413490479532872E-002
   87.649999999999906       0.48481668216744822       0.37710427180455225     
   87.699999999999903       0.33703012057074128       0.17631163429279686     
   87.749999999999901        6.6822069435772707E-002   2.5708363794742554E-002
   87.799999999999898       0.44519731659525363       0.29121826496890652     
   87.849999999999895       0.16461202090611526        7.1146055846406750E-002
   87.899999999999892       0.11286662153055407        3.9406079835929364E-002
   87.949999999999889       0.20779506844941881        9.8298808544923538E-002
   87.999999999999886       0.10717278687868484        3.5292326845636268E-002
   88.049999999999883       0.12936699484119457        5.1933812481225777E-002
   88.099999999999881       0.24632172959917462       0.12559122078295665     
   88.149999999999878       0.19739884774155322       0.14415741176483240     
   88.199999999999875       0.13737742882199108        5.3522899476627486E-002
   88.249999999999872       0.29505159842691342       0.10904876638760520     
   88.299999999999869        9.3939380570655845E-002   4.2307623188275190E-002
   88.349999999999866       0.11700000019622900        3.6225829236205161E-002
   88.399999999999864       0.57150252331225349       0.23320538616735254     
   88.449999999999861       0.36030866555724017       0.13089088223204948     
   88.499999999999858       0.47939964048805422       0.15568202902333239     
   88.549999999999855       0.13333560427478763        4.0838753559939815E-002
   88.599999999999852       0.20932441118736828        7.6010309036241563E-002
   88.649999999999849       0.31113059772870599       0.17087494128797767     
   88.699999999999847       0.25706494542911856        7.3994496349986019E-002
   88.749999999999844       0.78202294582288001       0.58055916326478307     
   88.799999999999841       0.41175683557223530       0.24643871883292695     
   88.849999999999838        1.5100972671903672        1.1441005360884831     
   88.899999999999835       0.40540639985081722       0.20711516610841227     
   88.949999999999832       0.25126746577254405        6.8076123651936910E-002
   88.999999999999829       0.31814731988668110       0.10531950406654225     
   89.049999999999827       0.77779900948984815       0.42667134927806283     
   89.099999999999824       0.34622693096791402       0.17594167557895737     
   89.149999999999821       0.36935687751706947       0.13013926188159142     
   89.199999999999818       0.27332049131385244        7.9722530804899841E-002
   89.249999999999815       0.34408590606465783        8.5957369082838908E-002
   89.299999999999812       0.32364146873263150       0.10370416447211604     
   89.349999999999810       0.28630046941996107        8.6151166697761322E-002
   89.399999999999807       0.50028563065371379       0.14632518534897049     
   89.449999999999804       0.60920364287193607       0.34170807460250852     
   89.499999999999801       0.50373781394574046       0.16144579391416683     
   89.549999999999798       0.86559702417054929       0.29917140880398346     
   89.599999999999795       0.71724918035728480       0.16948537453517787     
   89.649999999999793       0.85787120623979884       0.33486730981360185     
   89.699999999999790       0.50435509324096550       0.12655873539533039     
   89.749999999999787        1.3289573605866554       0.74589681791459173     
   89.799999999999784        2.3645498400992913        1.3889510012702972     
   89.849999999999781        1.2459701095753719       0.64627416670653992     
   89.899999999999778        1.8665421460421403       0.78279417323503886     
   89.949999999999775       0.59151817301780851       0.10429040967477711     
   89.999999999999773       0.65139925309476132       0.15597061988512390     
   90.049999999999770       0.96081184924446150       0.42427420228608076     
   90.099999999999767        2.9919950938288391        2.0911055041808511     
   90.149999999999764        1.1642294397145001       0.30281295258697888     
   90.199999999999761        3.7739866365527828        2.0130597406030533     
   90.249999999999758       0.63063054434338617       0.14030632088281750     
   90.299999999999756       0.69066611872638861       0.12123149850675589     
   90.349999999999753        1.1732114670101896       0.29479875605291234     
   90.399999999999750        2.0255161964310853       0.69524929508697042     
   90.449999999999747        1.5956469758907226       0.28811397898506885     
   90.499999999999744        1.4326986040408556       0.37811327596334460     
   90.549999999999741        3.0817980121588704        1.9236914416293147     
   90.599999999999739        3.8322261052282967        1.9699801878192609     
   90.649999999999736        1.4719376624689795       0.29517683911539333     
   90.699999999999733        2.2045391912832040       0.54697493386591345     
   90.749999999999730        1.2561310657486138       0.19001858644080116     
   90.799999999999727        1.2793188881432429       0.30003795768897762     
   90.849999999999724        3.6869839535773323        1.3152884868427217     
   90.899999999999721        4.3866935417500956        3.2696761993993317     
   90.949999999999719        1.6116070712739670       0.23764224684007140     
   90.999999999999716        2.7919150545113043        1.0600256711808951     
   91.049999999999713        2.2072264195726694       0.44622642110682625     
   91.099999999999710        1.9792865328324010       0.35768121195101737     
   91.149999999999707        1.2965791294690265       0.21025390780411427     
   91.199999999999704        1.5038151522868837       0.28534102430579433     
   91.249999999999702        2.3977525097561867       0.74986259902574304     
   91.299999999999699        2.4757869502663876       0.43457927901724475     
   91.349999999999696        3.1400289882585417        1.6118101343192317     
   91.399999999999693        1.9431480985256049       0.39100923183427988     
   91.449999999999690        2.5004177385505684       0.70416346670333474     
   91.499999999999687        2.0902863201818480       0.41874822899541442     
   91.549999999999685        2.8680470915715279       0.90240509210517095     
   91.599999999999682        1.9111179815634365       0.34357022975819801     
   91.649999999999679        5.1014714503103020        2.1216310218363992     
   91.699999999999676        3.4498979269523380        1.6325573962789526     
   91.749999999999673        2.2850612926941674       0.43317119015635530     
   91.799999999999670        2.6615702039686577        1.0204006709991014     
   91.849999999999667        1.4863154443002009       0.38169397327197846     
   91.899999999999665        4.0414593348541539        2.7541552242794616     
   91.949999999999662        2.5759917758454312       0.86138237851389343     
   91.999999999999659        1.5041024931782807       0.31438661087067665     
   92.049999999999656        2.0857716352976223       0.61762424075754097     
   92.099999999999653        1.6155237481822688       0.59506999576372677     
   92.149999999999650        1.7850153270414539       0.61702578544491848     
   92.199999999999648        3.1496736767763203        2.1832462657358533     
   92.249999999999645        2.7962575061225801        1.8888290726716432     
   92.299999999999642        1.1360038402904178       0.23361305072324987     
   92.349999999999639        1.6881557205083195       0.62275520966364339     
   92.399999999999636        1.0041412484906915       0.20832419142062850     
   92.449999999999633        1.3227048849345879       0.26627792179992965     
   92.499999999999631       0.99644293007429185       0.18653872434771560     
   92.549999999999628        1.0202085332989095       0.18902965691581647     
   92.599999999999625        1.4720002621802373       0.35384639709033761     
   92.649999999999622        1.4052208626141320       0.49118492217088555     
   92.699999999999619        1.6746289883879093       0.91591977831976712     
   92.749999999999616       0.52277864645308580       0.10802304155138095     
   92.799999999999613        3.2424664052293792        1.9853427232874115     
   92.849999999999611        2.4458095792671402        1.8992809944040283     
   92.899999999999608       0.43232268952889735        9.4129855017303060E-002
   92.949999999999605       0.70261878214967788       0.21626519399565472     
   92.999999999999602       0.56092991463317488       0.14356407125283943     
   93.049999999999599        1.4584497849154978       0.71165431350359176     
   93.099999999999596       0.46231336368474296        9.4970625336654749E-002
   93.149999999999594       0.79838350079920029       0.29117687097749062     
   93.199999999999591       0.66197285638568848       0.27475417386006268     
   93.249999999999588       0.58044917565928855       0.13899769348582991     
   93.299999999999585        1.2282477640280562       0.42776454088359139     
   93.349999999999582       0.54931778279753929       0.15524892872432208     
   93.399999999999579       0.55042206178505393       0.19407058471650351     
   93.449999999999577       0.50192067149555086       0.14132914562043397     
   93.499999999999574        1.0259980388885661       0.45100654324100348     
   93.549999999999571        1.1365617963097827       0.94245349846911963     
   93.599999999999568       0.84278149509887279       0.32352990858696984     
   93.649999999999565       0.45200530444639053       0.15375388089690672     
   93.699999999999562       0.37578291943725467       0.11702413494575960     
   93.749999999999559       0.41489794422334092       0.15580297524439485     
   93.799999999999557       0.67794327161880297       0.20409506808687525     
   93.849999999999554        2.7006647114670139        2.0527604016013870     
   93.899999999999551       0.47460928918487888       0.15491188325882302     
   93.949999999999548        1.2423467865669735       0.84821996834451885     
   93.999999999999545       0.46725364676809433       0.11623914883106710     
   94.049999999999542       0.22601320211348605        7.3504139701903476E-002
   94.099999999999540       0.34644249094836982       0.11127840501691445     
   94.149999999999537       0.60137974888893220       0.20964592308309474     
   94.199999999999534       0.33045988487597255        7.9521112456315962E-002
   94.249999999999531       0.54824951896681684       0.21643594884520148     
   94.299999999999528       0.46905805329934347       0.13827349278614887     
   94.349999999999525       0.31523155361000205       0.10913160611958481     
   94.399999999999523       0.68615210977858110       0.29684135988604071     
   94.449999999999520       0.73696952449887798       0.47681642491697301     
   94.499999999999517       0.34187539774346598       0.15588440427563122     
   94.549999999999514       0.41904796750566514       0.10559049681754702     
   94.599999999999511       0.37369193331005962       0.12709799706309471     
   94.649999999999508       0.26941246636623628        8.5863711725356562E-002
   94.699999999999505       0.38068793216199254       0.10073842041829287     
   94.749999999999503       0.40291344199457746       0.12001116118685916     
   94.799999999999500       0.40757461433823094       0.16784106040008084     
   94.849999999999497       0.28546977731537865        7.9712673654015673E-002
   94.899999999999494       0.45671742279263172       0.16096014045946980     
   94.949999999999491       0.25045732754162636        9.1194120339605958E-002
   94.999999999999488       0.35918612531179600       0.16633662696499996     
   95.049999999999486       0.30922765837314214       0.15142140670989340     
   95.099999999999483       0.87217206433710082       0.56868929550675218     
   95.149999999999480       0.22668466571201276        5.9209575273429196E-002
   95.199999999999477       0.38142065064317215       0.17925902424803242     
   95.249999999999474       0.45044027104950918       0.18188050123850169     
   95.299999999999471       0.22576958483506129        7.2776555403586088E-002
   95.349999999999469       0.22987883741026532        7.4625876977809397E-002
   95.399999999999466       0.20734236446293894       0.11063437620722073     
   95.449999999999463       0.17824676991886335        8.3438981935814782E-002
   95.499999999999460       0.61951704039143340       0.22502155609331834     
   95.549999999999457       0.35925503756459948       0.10887550379128687     
   95.599999999999454       0.23255253870254736        7.2659994588309434E-002
   95.649999999999451       0.54611862963716407       0.21257318671706513     
   95.699999999999449       0.35082847290574515        9.6811086276645669E-002
   95.749999999999446       0.26081239563451974        9.7387448872487001E-002
   95.799999999999443       0.82776510727074459       0.54392995302704217     
   95.849999999999440       0.76872978102211609       0.38815028819654052     
   95.899999999999437       0.15175030847021112        4.2217951152031898E-002
   95.949999999999434       0.66554542875473288       0.32802281807315808     
