 -0.50000000000000000        1.8578270699287060E-002   1.9217482375045343E-003
 -0.49500000000000000        3.1461475600952339E-002   1.3007979636488963E-002
 -0.48999999999999999        2.1513792242186400E-002   2.7956551926741503E-003
 -0.48499999999999999        1.8697285662018771E-002   3.3279079937290042E-003
 -0.47999999999999998        2.3267452293413222E-002   4.4290176911307138E-003
 -0.47499999999999998        2.8047323170058303E-002   3.9857403946911910E-003
 -0.46999999999999997        2.7827341567269261E-002   5.5062069008892474E-003
 -0.46499999999999997        3.1531944747289063E-002   6.8519576844194626E-003
 -0.45999999999999996        4.2073887903510611E-002   8.8712932972349924E-003
 -0.45499999999999996        2.7620406593608971E-002   4.8896264992824845E-003
 -0.44999999999999996        3.7806400544127011E-002   5.9933741206980931E-003
 -0.44499999999999995        3.7793827674084388E-002   6.6032515462415868E-003
 -0.43999999999999995        4.1529880366711749E-002   5.8793494225927246E-003
 -0.43499999999999994        3.8233244954407532E-002   7.8440263921198249E-003
 -0.42999999999999994        3.6245986124273162E-002   4.6722920934169840E-003
 -0.42499999999999993        4.6095176816410344E-002   6.7912354510914980E-003
 -0.41999999999999993        4.3548674983543034E-002   5.4633228399291770E-003
 -0.41499999999999992        5.2281795818162169E-002   8.4853275641063319E-003
 -0.40999999999999992        4.9672875126560212E-002   6.4700395633710880E-003
 -0.40499999999999992        4.0871378456918128E-002   3.9712482669129424E-003
 -0.39999999999999991        4.8206051783489370E-002   6.0829118183643770E-003
 -0.39499999999999991        5.6630435646713086E-002   7.4156131533731837E-003
 -0.38999999999999990        4.8231615525838510E-002   5.6717732487031316E-003
 -0.38499999999999990        5.2704003677550341E-002   7.3715610237605721E-003
 -0.37999999999999989        5.9851985062086242E-002   6.5866635734686515E-003
 -0.37499999999999989        6.7538085598045111E-002   7.1205933144940234E-003
 -0.36999999999999988        6.0545639454431893E-002   7.8683688152347813E-003
 -0.36499999999999988        6.3471918602622676E-002   6.5539962532829158E-003
 -0.35999999999999988        6.8064026249180579E-002   7.3496670769409838E-003
 -0.35499999999999987        6.7461158205840643E-002   7.0830591475109133E-003
 -0.34999999999999987        8.7188752189060234E-002   1.2026445378280379E-002
 -0.34499999999999986        8.1484338139312731E-002   8.4286544665021328E-003
 -0.33999999999999986        9.8650060898462330E-002   1.1619530553677600E-002
 -0.33499999999999985        7.8138346627971755E-002   5.5602636480940422E-003
 -0.32999999999999985       0.13919884183401227        2.2771929111771044E-002
 -0.32499999999999984       0.13400050557972118        3.1554201963576299E-002
 -0.31999999999999984       0.10083983563104919        1.0958444031150644E-002
 -0.31499999999999984       0.13879990922241148        1.8160515361276369E-002
 -0.30999999999999983       0.11378933850209157        9.9614674859114898E-003
 -0.30499999999999983       0.14189222531938622        1.5299742744422166E-002
 -0.29999999999999982       0.16303863331676968        1.7054689066311472E-002
 -0.29499999999999982       0.17333411098014465        1.6486680727818181E-002
 -0.28999999999999981       0.16062859002128682        1.7035783672226596E-002
 -0.28499999999999981       0.16236726806244139        1.4344194201537600E-002
 -0.27999999999999980       0.17902264032193749        2.1005111968931837E-002
 -0.27499999999999980       0.19755391542987055        2.0664326518991243E-002
 -0.26999999999999980       0.21749390657326209        1.6867242668380127E-002
 -0.26499999999999979       0.21277800363199306        1.6083075953629816E-002
 -0.25999999999999979       0.23764771307559696        1.5703384255949322E-002
 -0.25499999999999978       0.28637250037417189        1.9602416879480708E-002
 -0.24999999999999978       0.26329767356013478        2.0164939787504835E-002
 -0.24499999999999977       0.28492071305996380        1.7262129718437744E-002
 -0.23999999999999977       0.35794013011291320        2.3884234190147586E-002
 -0.23499999999999976       0.35450744224823832        2.7474320048927182E-002
 -0.22999999999999976       0.43015843897492950        2.7903473632428639E-002
 -0.22499999999999976       0.45894847245061143        2.8526336970359830E-002
 -0.21999999999999975       0.49470758170564932        3.9561608027854203E-002
 -0.21499999999999975       0.52276701404223858        3.0032838217469455E-002
 -0.20999999999999974       0.63044048932698316        4.0047792060919622E-002
 -0.20499999999999974       0.74386570364792215        4.7683595843606701E-002
 -0.19999999999999973       0.78334675068439164        4.4472396600486061E-002
 -0.19499999999999973       0.87612239319178908        5.1912152913261914E-002
 -0.18999999999999972       0.94295238382840763        4.7632940307448281E-002
 -0.18499999999999972        1.1126849775654699        5.2803331142623484E-002
 -0.17999999999999972        1.2544301038482601        5.7625675849964281E-002
 -0.17499999999999971        1.3862274144791948        5.3960368457211846E-002
 -0.16999999999999971        1.6951545231070446        7.4652389576755185E-002
 -0.16499999999999970        2.1376523310485473        9.7011491790908788E-002
 -0.15999999999999970        2.1402015163199617        8.0066314384253254E-002
 -0.15499999999999969        2.7257529855691187        9.8941612092217843E-002
 -0.14999999999999969        3.2807308905148207       0.11853158407428345     
 -0.14499999999999968        3.8959715952968272       0.12658423580982414     
 -0.13999999999999968        4.7374336909968129       0.15098401879910500     
 -0.13499999999999968        6.1116806751968307       0.17499229345622422     
 -0.12999999999999967        7.0460822680745103       0.18368748825522746     
 -0.12499999999999967        9.4390074167772280       0.23241531404768456     
 -0.11999999999999966        11.859386645445674       0.25270373862224754     
 -0.11499999999999966        16.119219214860404       0.30984860784628071     
 -0.10999999999999965        23.777310789494141       0.40733811225640448     
 -0.10499999999999965        31.959163238044269       0.46475085753802708     
  -9.9999999999999645E-002   46.355986343850141       0.56899235543196891     
  -9.4999999999999640E-002   61.109801220194711       0.65029070980681658     
  -8.9999999999999636E-002   70.617205196457675       0.65839855339922626     
  -8.4999999999999631E-002   69.432998034665090       0.59926775190538351     
  -7.9999999999999627E-002   61.410358890370752       0.49473212334980143     
  -7.4999999999999623E-002   55.116522450551209       0.44305204820425537     
  -6.9999999999999618E-002   49.531559535799836       0.38664759770256402     
  -6.4999999999999614E-002   43.076131344900745       0.30674650608157605     
  -5.9999999999999616E-002   39.849051692346158       0.28115368507100963     
  -5.4999999999999619E-002   37.199637262945458       0.24972485864843333     
  -4.9999999999999621E-002   34.566250480994661       0.21871083970215532     
  -4.4999999999999624E-002   32.838026428146449       0.18920441029815255     
  -3.9999999999999626E-002   32.132224580297120       0.17536130555709184     
  -3.4999999999999629E-002   31.339349983374738       0.16268159987809430     
  -2.9999999999999628E-002   31.211741262557847       0.14355785084045838     
  -2.4999999999999627E-002   31.480205168846254       0.12814853118132005     
  -1.9999999999999626E-002   32.945379113237458       0.12148759463629358     
  -1.4999999999999625E-002   35.637149042826422       0.11174455621656938     
  -9.9999999999996238E-003   41.748105694353569       0.10388437974794809     
  -4.9999999999996237E-003   77.759962128897769       0.11926787067449476     
   3.7643499428696714E-016   77.818074995954987       0.11526273925323609     
   5.0000000000003765E-003   42.092654664152164       0.11532995569751735     
   1.0000000000000377E-002   35.633246503044461       0.12175616834931272     
   1.5000000000000378E-002   33.017160544570430       0.12274468050777244     
   2.0000000000000379E-002   31.819676264741698       0.13092670894103559     
   2.5000000000000380E-002   31.256101542943249       0.15553233578253001     
   3.0000000000000377E-002   31.397466335562051       0.16018000401103330     
   3.5000000000000378E-002   32.273084002201799       0.18433987499451862     
   4.0000000000000376E-002   33.302003388955278       0.19516854269047709     
   4.5000000000000373E-002   34.621021893250578       0.21125320978231482     
   5.0000000000000371E-002   36.985073480629040       0.24781734970370639     
   5.5000000000000368E-002   39.707916504076159       0.27994176050130293     
   6.0000000000000366E-002   43.977799436986018       0.33168980971819917     
   6.5000000000000363E-002   48.573945538808239       0.36911322700054811     
   7.0000000000000367E-002   54.895790168621673       0.43418516980890837     
   7.5000000000000372E-002   62.918953858829731       0.51743092781709421     
   8.0000000000000376E-002   69.918379495864855       0.60913578822174919     
   8.5000000000000381E-002   71.201137926433518       0.66680022490103241     
   9.0000000000000385E-002   60.787087091311186       0.63319247063791340     
   9.5000000000000390E-002   46.213147830073339       0.57026299623082899     
  0.10000000000000039        32.417742652195628       0.46497528498025653     
  0.10500000000000040        22.943309682896615       0.38463958503654982     
  0.11000000000000040        16.809639666509778       0.33463187156209578     
  0.11500000000000041        11.839260603501874       0.24884605978283039     
  0.12000000000000041        9.2763495881309037       0.22185853189947033     
  0.12500000000000042        7.2275382446519991       0.18999106417932018     
  0.13000000000000042        5.5853988215716264       0.15976612375157770     
  0.13500000000000043        4.7569733255993549       0.14039316198065829     
  0.14000000000000043        3.9774519861706366       0.13137972943120865     
  0.14500000000000043        3.1806452372538088       0.11042651147196575     
  0.15000000000000044        2.8619474939752347       0.10864376994711739     
  0.15500000000000044        2.3146503584058271        8.6906845716048328E-002
  0.16000000000000045        1.9527497114398713        8.4399818827146339E-002
  0.16500000000000045        1.7761862433928282        8.4950799717828721E-002
  0.17000000000000046        1.5021587561300818        6.8993955044337474E-002
  0.17500000000000046        1.4491171965096947        8.6140137520320278E-002
  0.18000000000000047        1.0195319160789633        4.9639423468312051E-002
  0.18500000000000047        1.0798730912593990        6.3084198176758657E-002
  0.19000000000000047       0.98415901569339126        5.8454254244335688E-002
  0.19500000000000048       0.74684222025177716        4.8924069921482898E-002
  0.20000000000000048       0.65799730570805970        3.5606077842130456E-002
  0.20500000000000049       0.60816529313244772        3.4104165629946469E-002
  0.21000000000000049       0.57505915548449749        4.5369690014789743E-002
  0.21500000000000050       0.55818639601257314        4.3017440354275002E-002
  0.22000000000000050       0.46002565789117517        2.7839756052111031E-002
  0.22500000000000051       0.38618821557331706        2.4854359764053060E-002
  0.23000000000000051       0.35963042607157897        2.2811920664931960E-002
  0.23500000000000051       0.36128421094009577        3.0237058573018435E-002
  0.24000000000000052       0.34852746977362337        3.0221141958935663E-002
  0.24500000000000050       0.26966962500908875        1.8439610022966832E-002
  0.25000000000000050       0.27627516560253002        2.0134724080926560E-002
  0.25500000000000050       0.27874239438191334        2.4259763604873398E-002
  0.26000000000000051       0.24015521687071006        2.0845102947378583E-002
  0.26500000000000051       0.19656550891854613        1.3678233528007953E-002
  0.27000000000000052       0.20279671262750409        2.2197073635435570E-002
  0.27500000000000052       0.17822672039502530        1.4854835463337667E-002
  0.28000000000000053       0.15123849706202955        1.1882144431285232E-002
  0.28500000000000053       0.16761696010883881        1.4554617678923191E-002
  0.29000000000000054       0.18675507199663893        2.4896707326313623E-002
  0.29500000000000054       0.13996390140680856        1.1395706283177029E-002
  0.30000000000000054       0.12754912106908131        8.6986692734632911E-003
  0.30500000000000055        9.9481276547094363E-002   6.7155368508719322E-003
  0.31000000000000055       0.13456805116165868        1.8065177591820508E-002
  0.31500000000000056       0.11283846655300465        1.0623082153194999E-002
  0.32000000000000056       0.11340731627072201        1.3783243626949562E-002
  0.32500000000000057        9.5306373807168332E-002   9.1043230916227208E-003
  0.33000000000000057        8.7397220265991560E-002   8.3184344632972161E-003
  0.33500000000000058       0.10176379318472778        1.5559977440342659E-002
  0.34000000000000058        7.9516936255212015E-002   8.6949347762843594E-003
  0.34500000000000058        9.0615041017251166E-002   1.0241739636608307E-002
  0.35000000000000059       0.10356126463339306        2.0806459502411088E-002
  0.35500000000000059        7.8711720189152651E-002   8.6906366000219608E-003
  0.36000000000000060        9.2464608261338316E-002   1.6883226342307274E-002
  0.36500000000000060        6.2176614545273304E-002   5.8497803164309012E-003
  0.37000000000000061        7.5409552071361963E-002   1.3676952337061907E-002
  0.37500000000000061        6.2774011823347992E-002   7.7199486314537148E-003
  0.38000000000000062        6.2603934223523908E-002   1.0857485653841344E-002
  0.38500000000000062        7.8308627595071026E-002   1.5905828977881311E-002
  0.39000000000000062        6.8866954646704739E-002   1.2951328415325937E-002
  0.39500000000000063        4.0509361727157515E-002   4.2116931998001615E-003
  0.40000000000000063        4.4507998549075313E-002   6.0804737466209251E-003
  0.40500000000000064        4.5943822212716499E-002   6.1093840731264058E-003
  0.41000000000000064        5.0055100378493818E-002   8.2861908038423006E-003
  0.41500000000000065        3.9261011947790692E-002   5.6680984766336543E-003
  0.42000000000000065        4.0805701116703154E-002   9.0799567807056513E-003
  0.42500000000000066        5.1666971986262931E-002   7.6028026957799030E-003
  0.43000000000000066        3.4909668827494161E-002   4.5938044502190000E-003
  0.43500000000000066        2.3757664971211567E-002   2.5054351588497071E-003
  0.44000000000000067        5.1517047135831696E-002   1.0861992222179904E-002
  0.44500000000000067        3.1403871751040993E-002   4.0320403180852029E-003
  0.45000000000000068        2.3984934417210734E-002   2.4200471174646073E-003
  0.45500000000000068        4.0656239637367884E-002   1.1809899615272457E-002
  0.46000000000000069        2.7883838613086281E-002   4.8699548097202710E-003
  0.46500000000000069        2.4783813310219137E-002   2.9630883723088196E-003
  0.47000000000000069        2.6340032780287459E-002   3.8457015028107097E-003
  0.47500000000000070        2.5938856079661211E-002   3.9584898571605378E-003
  0.48000000000000070        2.3151116023475662E-002   2.7340329241731013E-003
  0.48500000000000071        1.9897184210436493E-002   2.6941693099901223E-003
  0.49000000000000071        3.2895227253092671E-002   1.1728842657879164E-002
  0.49500000000000066        2.1617929348717244E-002   4.1093006143596384E-003
