   20.000000000000000        0.0000000000000000        0.0000000000000000     
   20.199999999999999        0.0000000000000000        0.0000000000000000     
   20.399999999999999        0.0000000000000000        0.0000000000000000     
   20.599999999999998        0.0000000000000000        0.0000000000000000     
   20.799999999999997        0.0000000000000000        0.0000000000000000     
   20.999999999999996        0.0000000000000000        0.0000000000000000     
   21.199999999999996        0.0000000000000000        0.0000000000000000     
   21.399999999999995        0.0000000000000000        0.0000000000000000     
   21.599999999999994        0.0000000000000000        0.0000000000000000     
   21.799999999999994        0.0000000000000000        0.0000000000000000     
   21.999999999999993        0.0000000000000000        0.0000000000000000     
   22.199999999999992        0.0000000000000000        0.0000000000000000     
   22.399999999999991        0.0000000000000000        0.0000000000000000     
   22.599999999999991        0.0000000000000000        0.0000000000000000     
   22.799999999999990        0.0000000000000000        0.0000000000000000     
   22.999999999999989        0.0000000000000000        0.0000000000000000     
   23.199999999999989        0.0000000000000000        0.0000000000000000     
   23.399999999999988        0.0000000000000000        0.0000000000000000     
   23.599999999999987        0.0000000000000000        0.0000000000000000     
   23.799999999999986        0.0000000000000000        0.0000000000000000     
   23.999999999999986        0.0000000000000000        0.0000000000000000     
   24.199999999999985        0.0000000000000000        0.0000000000000000     
   24.399999999999984        0.0000000000000000        0.0000000000000000     
   24.599999999999984        0.0000000000000000        0.0000000000000000     
   24.799999999999983        0.0000000000000000        0.0000000000000000     
   24.999999999999982        1.5577430293076502       0.82269525195925874     
   25.199999999999982       0.36898336169268348        1.9918390073516916E-002
   25.399999999999981       0.64129146435224949       0.26971630833280341     
   25.599999999999980       0.37622400935166833        2.2663972524035243E-002
   25.799999999999979       0.41784366976000920        3.2484203440018178E-002
   25.999999999999979       0.38059442433838880        1.8048686831848335E-002
   26.199999999999978       0.55981616139407597       0.11129011314510739     
   26.399999999999977       0.54947673181815226       0.11775903638990189     
   26.599999999999977       0.54038865558517446        9.5851003335432811E-002
   26.799999999999976       0.51207697426966503        7.7710550700560682E-002
   26.999999999999975       0.44524503569074420        3.1682469725252300E-002
   27.199999999999974       0.45421692133983982        4.3919713305580164E-002
   27.399999999999974       0.56712164022154221        8.2681703036956100E-002
   27.599999999999973       0.41004982126733885        1.8496387009466455E-002
   27.799999999999972       0.46538012172343685        6.1168876612540626E-002
   27.999999999999972       0.56803987174067072        8.9521913361899158E-002
   28.199999999999971       0.40998127297678466        2.2860183207849199E-002
   28.399999999999970       0.47756621589206871        3.6749827676150523E-002
   28.599999999999969       0.49232652646643388        3.7380979886304927E-002
   28.799999999999969       0.50506308528367883        5.7192959829325610E-002
   28.999999999999968       0.51869075884367644        6.7807990364857434E-002
   29.199999999999967       0.47018749867817117        3.0727785419825512E-002
   29.399999999999967       0.77249830550710452       0.21191858617978765     
   29.599999999999966       0.49066370506032508        3.1303395695976038E-002
   29.799999999999965       0.65280282355281349       0.12627747532289699     
   29.999999999999964       0.52014510518961998        4.0014207099598992E-002
   30.199999999999964       0.53797198750564923        5.2136822843078731E-002
   30.399999999999963       0.49826328046590118        3.4573336565294328E-002
   30.599999999999962       0.55218851926152435        7.8392507472691123E-002
   30.799999999999962       0.56470731646600680        5.4382416832680608E-002
   30.999999999999961       0.60354838062667093        7.8320461187284265E-002
   31.199999999999960       0.68780611216072596       0.22501022753333055     
   31.399999999999959       0.62772304377819099        6.9726687918067867E-002
   31.599999999999959       0.64038413252557236       0.13996266015460504     
   31.799999999999958       0.44257706759649790        1.3628398315877225E-002
   31.999999999999961       0.60719546363844135        8.7548547975605684E-002
   32.199999999999960       0.59673245834464295        6.7385161154755457E-002
   32.399999999999963       0.63957902497295482        7.0868038533738992E-002
   32.599999999999966       0.52514441553055269        3.1387922552550324E-002
   32.799999999999969       0.72140650725998534       0.12135679511157027     
   32.999999999999972       0.72321970450314466       0.10843622811429388     
   33.199999999999974       0.59932707113244776        9.1445500808815194E-002
   33.399999999999977       0.60747025651688058        6.2376605142602654E-002
   33.599999999999980       0.63298052505453939        8.5530120976347296E-002
   33.799999999999983       0.53676065757239633        3.2875203340528694E-002
   33.999999999999986       0.65547406148720644        7.5324252419555301E-002
   34.199999999999989       0.69788366443713057        8.4781977496174402E-002
   34.399999999999991       0.59280199068655981        4.5931435848015692E-002
   34.599999999999994       0.58436347418555024        3.5935188368536354E-002
   34.799999999999997       0.55949715912874531        2.2871017020199006E-002
   35.000000000000000       0.72430272360470682       0.12900277511393854     
   35.200000000000003       0.66056212678951343        5.6138094035407669E-002
   35.400000000000006       0.70666262350191611        6.6941150287634574E-002
   35.600000000000009        1.3216513136009567       0.45442343230139065     
   35.800000000000011       0.69932726974171922        6.7526532546686585E-002
   36.000000000000014       0.65307938033532642        5.1448141176332660E-002
   36.200000000000017       0.64232460147720605        5.0810216021153716E-002
   36.400000000000020       0.82544822306137300       0.13238454883514220     
   36.600000000000023       0.60486171219271634        2.7080302589375362E-002
   36.800000000000026       0.85785154719962098       0.14717480850625861     
   37.000000000000028       0.72550366836159552        4.9816431528887782E-002
   37.200000000000031       0.60992460373948454        2.1154682811796992E-002
   37.400000000000034       0.81382210282034440       0.13124535275431090     
   37.600000000000037       0.74083235635154288        4.9106175737617677E-002
   37.800000000000040       0.92571807324720257       0.20184187277497034     
   38.000000000000043       0.94067213554841023       0.12628871242880085     
   38.200000000000045       0.78470588028488542        5.1637859106271077E-002
   38.400000000000048       0.66742414901815983        3.4597748491905368E-002
   38.600000000000051       0.77676883166929189        8.6676869993523392E-002
   38.800000000000054       0.82915841093906362       0.10760169886202260     
   39.000000000000057       0.73669425797455745        4.3485209796970792E-002
   39.200000000000060        1.0975774749147942       0.21587265666601654     
   39.400000000000063       0.80007597183125445        4.8190521311375516E-002
   39.600000000000065       0.94623295678906250       0.10394111439627220     
   39.800000000000068        1.1843345008015351       0.35425065998459193     
   40.000000000000071       0.96657836736335856       0.11730993248482025     
   40.200000000000074       0.89731265844198094        8.2865623100513791E-002
   40.400000000000077       0.92860981092576755        6.8043269909830562E-002
   40.600000000000080       0.93592124621151784       0.12056723679802153     
   40.800000000000082        1.3098669427113165       0.23315945385238121     
   41.000000000000085       0.86262382637687496        7.5311070416552106E-002
   41.200000000000088        1.0354779007476353       0.19586387730363813     
   41.400000000000091        1.2039888475078040       0.24930859280508064     
   41.600000000000094       0.91857080226186283        5.8900911167170396E-002
   41.800000000000097        1.0515363216103890        8.5531671275007368E-002
   42.000000000000099       0.92912648650360674        5.0373647131207677E-002
   42.200000000000102       0.99055427047606703        4.8532101934925666E-002
   42.400000000000105        1.4660115305838473       0.48980238620409661     
   42.600000000000108        1.1330678481035199       0.11521221915491069     
   42.800000000000111        1.1691125752212796        8.4739419086538065E-002
   43.000000000000114        1.0396840011532875        4.1056042758311033E-002
   43.200000000000117        1.9424411770103462       0.50136655455164925     
   43.400000000000119        1.3197851489482149       0.13778543996109191     
   43.600000000000122        1.3268047528870957        6.4079727058591301E-002
   43.800000000000125        1.3628850644085857        7.6102157143353624E-002
   44.000000000000128        1.6620245368026718       0.19690667085270566     
   44.200000000000131        1.5009766268151135       0.10235704386459914     
   44.400000000000134        2.0856554014217754       0.48669742662494386     
   44.600000000000136        2.2249132336532864       0.38979116394653129     
   44.800000000000139        2.2729860820658243       0.43415215360304849     
   45.000000000000142        1.8444029704597984        9.2659862319576417E-002
   45.200000000000145        2.7676170579440726       0.53464619918983403     
   45.400000000000148        2.2617170464843768       0.28494537738605380     
   45.600000000000151        2.1183939884416185       0.43050352566494349     
   45.800000000000153        1.6543634813649808       0.39621547151985531     
   46.000000000000156        1.0413795091522624        4.9215135308603566E-002
   46.200000000000159       0.92084807952076442        6.7987864555331706E-002
   46.400000000000162       0.95434762194113887       0.21335647883088540     
   46.600000000000165       0.71827740016430197       0.10015716393867635     
   46.800000000000168       0.63748914660441092        7.4065580414193061E-002
   47.000000000000171       0.49506911916348095        3.4846657131155263E-002
   47.200000000000173       0.42463432314981348        2.3165391630599996E-002
   47.400000000000176       0.53887707657237416        9.6335276245209836E-002
   47.600000000000179       0.52541102883007929        9.4539487330357330E-002
   47.800000000000182       0.58143437699329770       0.10391777541002456     
   48.000000000000185       0.42923617412476361        6.7013386403383765E-002
   48.200000000000188       0.41413858446195168        3.3391556766087599E-002
   48.400000000000190       0.44366945525234436        5.3962748142089956E-002
   48.600000000000193       0.37372497022832862        3.0365194427195961E-002
   48.800000000000196       0.69070622964288630       0.17051139078430305     
   49.000000000000199       0.38912983153119157        3.2566673039058670E-002
   49.200000000000202       0.54342434684407437        6.8433838666495023E-002
   49.400000000000205       0.63631904370665282       0.14297327781199698     
   49.600000000000207       0.98631475913380928       0.24345768681246441     
   49.800000000000210        1.8355006905738134       0.71265442501140930     
   50.000000000000213        0.0000000000000000        0.0000000000000000     
   50.200000000000216        0.0000000000000000        0.0000000000000000     
   50.400000000000219        0.0000000000000000        0.0000000000000000     
   50.600000000000222        0.0000000000000000        0.0000000000000000     
   50.800000000000225        0.0000000000000000        0.0000000000000000     
   51.000000000000227        0.0000000000000000        0.0000000000000000     
   51.200000000000230        0.0000000000000000        0.0000000000000000     
   51.400000000000233        0.0000000000000000        0.0000000000000000     
   51.600000000000236        0.0000000000000000        0.0000000000000000     
   51.800000000000239        0.0000000000000000        0.0000000000000000     
   52.000000000000242        0.0000000000000000        0.0000000000000000     
   52.200000000000244        0.0000000000000000        0.0000000000000000     
   52.400000000000247        0.0000000000000000        0.0000000000000000     
   52.600000000000250        0.0000000000000000        0.0000000000000000     
   52.800000000000253        0.0000000000000000        0.0000000000000000     
   53.000000000000256        0.0000000000000000        0.0000000000000000     
   53.200000000000259        0.0000000000000000        0.0000000000000000     
   53.400000000000261        0.0000000000000000        0.0000000000000000     
   53.600000000000264        0.0000000000000000        0.0000000000000000     
   53.800000000000267        0.0000000000000000        0.0000000000000000     
   54.000000000000270        0.0000000000000000        0.0000000000000000     
   54.200000000000273        0.0000000000000000        0.0000000000000000     
   54.400000000000276        0.0000000000000000        0.0000000000000000     
   54.600000000000279        0.0000000000000000        0.0000000000000000     
   54.800000000000281        0.0000000000000000        0.0000000000000000     
   55.000000000000284        0.0000000000000000        0.0000000000000000     
   55.200000000000287        0.0000000000000000        0.0000000000000000     
   55.400000000000290        0.0000000000000000        0.0000000000000000     
   55.600000000000293        0.0000000000000000        0.0000000000000000     
   55.800000000000296        0.0000000000000000        0.0000000000000000     
   56.000000000000298        0.0000000000000000        0.0000000000000000     
   56.200000000000301        0.0000000000000000        0.0000000000000000     
   56.400000000000304        0.0000000000000000        0.0000000000000000     
   56.600000000000307        0.0000000000000000        0.0000000000000000     
   56.800000000000310        0.0000000000000000        0.0000000000000000     
   57.000000000000313        0.0000000000000000        0.0000000000000000     
   57.200000000000315        0.0000000000000000        0.0000000000000000     
   57.400000000000318        0.0000000000000000        0.0000000000000000     
   57.600000000000321        0.0000000000000000        0.0000000000000000     
   57.800000000000324        0.0000000000000000        0.0000000000000000     
   58.000000000000327        0.0000000000000000        0.0000000000000000     
   58.200000000000330        0.0000000000000000        0.0000000000000000     
   58.400000000000333        0.0000000000000000        0.0000000000000000     
   58.600000000000335        0.0000000000000000        0.0000000000000000     
   58.800000000000338        0.0000000000000000        0.0000000000000000     
   59.000000000000341        0.0000000000000000        0.0000000000000000     
   59.200000000000344        0.0000000000000000        0.0000000000000000     
   59.400000000000347        0.0000000000000000        0.0000000000000000     
   59.600000000000350        0.0000000000000000        0.0000000000000000     
   59.800000000000352        0.0000000000000000        0.0000000000000000     
