   1.0000000000000000E-003   50.077560290951503     
   2.0000000000000000E-003   32.061139782493349     
   3.0000000000000001E-003   21.636764187557255     
   4.0000000000000001E-003   15.100401559690017     
   5.0000000000000001E-003   10.827426555698739     
   6.0000000000000001E-003   8.1125637602214535     
   7.0000000000000001E-003   6.7915006860165423     
   8.0000000000000002E-003   6.1099482700894896     
   9.0000000000000011E-003   5.6252285294351712     
   1.0000000000000002E-002   5.1163412183843500     
   1.1000000000000003E-002   4.6283327846690883     
   1.2000000000000004E-002   4.2480158429508688     
   1.3000000000000005E-002   3.9338697834251501     
   1.4000000000000005E-002   3.6584136163470320     
   1.5000000000000006E-002   3.4076309836136716     
   1.6000000000000007E-002   3.1929688507006042     
   1.7000000000000008E-002   3.0070969360865738     
   1.8000000000000009E-002   2.8415829635140968     
   1.9000000000000010E-002   2.6901251151898613     
   2.0000000000000011E-002   2.5530891989657141     
   2.1000000000000012E-002   2.4310762523247589     
   2.2000000000000013E-002   2.3206230243122175     
   2.3000000000000013E-002   2.2189796695311914     
   2.4000000000000014E-002   2.1245097742316039     
   2.5000000000000015E-002   2.0383839362906082     
   2.6000000000000016E-002   1.9593862569965923     
   2.7000000000000017E-002   1.8861260098274408     
   2.8000000000000018E-002   1.8174510843663525     
   2.9000000000000019E-002   1.7534307404340781     
   3.0000000000000020E-002   1.6941002408390269     
   3.1000000000000021E-002   1.6386809733657963     
   3.2000000000000021E-002   1.5865099341301043     
   3.3000000000000022E-002   1.5371737689827898     
   3.4000000000000023E-002   1.4909652447709374     
   3.5000000000000024E-002   1.4475320954519166     
   3.6000000000000025E-002   1.4064662615141938     
   3.7000000000000026E-002   1.3674129907420793     
   3.8000000000000027E-002   1.3303990958896206     
   3.9000000000000028E-002   1.2954219008898900     
   4.0000000000000029E-002   1.2622165911370393     
   4.1000000000000029E-002   1.2305491065311505     
   4.2000000000000030E-002   1.2002710908152072     
   4.3000000000000031E-002   1.1714886645083558     
   4.4000000000000032E-002   1.1440641269818106     
   4.5000000000000033E-002   1.1178370580752515     
   4.6000000000000034E-002   1.0926640713939140     
   4.7000000000000035E-002   1.0685586301840537     
   4.8000000000000036E-002   1.0455154311247901     
   4.9000000000000037E-002   1.0234208732783359     
   5.0000000000000037E-002   1.0021721910977857     
   5.1000000000000038E-002  0.98170401550743946     
   5.2000000000000039E-002  0.96206378527381387     
   5.3000000000000040E-002  0.94318682986914848     
   5.4000000000000041E-002  0.92499773845437250     
   5.5000000000000042E-002  0.90742790200912415     
   5.6000000000000043E-002  0.89048506019148366     
   5.7000000000000044E-002  0.87416492523536204     
   5.8000000000000045E-002  0.85841091711972495     
   5.9000000000000045E-002  0.84317103466823551     
   6.0000000000000046E-002  0.82841231201401799     
   6.1000000000000047E-002  0.81415904299027109     
   6.2000000000000048E-002  0.80037685132563785     
   6.3000000000000042E-002  0.78702573024737599     
   6.4000000000000043E-002  0.77406884113938013     
   6.5000000000000044E-002  0.76151103464882741     
   6.6000000000000045E-002  0.74934914712004519     
   6.7000000000000046E-002  0.73755190058937603     
   6.8000000000000047E-002  0.72609021531161932     
   6.9000000000000047E-002  0.71494579779312328     
   7.0000000000000048E-002  0.70413233651446050     
   7.1000000000000049E-002  0.69362985410396605     
   7.2000000000000050E-002  0.68341518809662527     
   7.3000000000000051E-002  0.67346682977322059     
   7.4000000000000052E-002  0.66378801137737786     
   7.5000000000000053E-002  0.65437641066102215     
   7.6000000000000054E-002  0.64521335207709529     
   7.7000000000000055E-002  0.63628132002830617     
   7.8000000000000055E-002  0.62756941281001011     
   7.9000000000000056E-002  0.61908590999307389     
   8.0000000000000057E-002  0.61081839420563011     
   8.1000000000000058E-002  0.60275253827483211     
   8.2000000000000059E-002  0.59487495816199154     
   8.3000000000000060E-002  0.58718790971320622     
   8.4000000000000061E-002  0.57968966371554587     
   8.5000000000000062E-002  0.57236838843319138     
   8.6000000000000063E-002  0.56521291048979450     
   8.7000000000000063E-002  0.55821636477698877     
   8.8000000000000064E-002  0.55138404081951453     
   8.9000000000000065E-002  0.54470780403561281     
   9.0000000000000066E-002  0.53817832095987084     
   9.1000000000000067E-002  0.53178683572177410     
   9.2000000000000068E-002  0.52553498102867879     
   9.3000000000000069E-002  0.51942144501046361     
   9.4000000000000070E-002  0.51343837086403588     
   9.5000000000000070E-002  0.50757829774335139     
   9.6000000000000071E-002  0.50183670850669904     
   9.7000000000000072E-002  0.49621713252613686     
   9.8000000000000073E-002  0.49071401143964022     
   9.9000000000000074E-002  0.48532100595926891     
  0.10000000000000007       0.48003215197220539     
  0.10100000000000008       0.47484866643440776     
  0.10200000000000008       0.46976953538960364     
  0.10300000000000008       0.46478933827281710     
  0.10400000000000008       0.45990290416034973     
  0.10500000000000008       0.45510715276707564     
  0.10600000000000008       0.45040452368051287     
  0.10700000000000008       0.44579108531046563     
  0.10800000000000008       0.44126238175986382     
  0.10900000000000008       0.43681421319675789     
  0.11000000000000008       0.43244750899123641     
  0.11100000000000008       0.42816147179918246     
  0.11200000000000009       0.42395224145441840     
  0.11300000000000009       0.41981612146719072     
  0.11400000000000009       0.41575094829593356     
  0.11500000000000009       0.41175845826561586     
  0.11600000000000009       0.40783578906805801     
  0.11700000000000009       0.40397971742435829     
  0.11800000000000009       0.40018720235826338     
  0.11900000000000009       0.39645896825007509     
  0.12000000000000009       0.39279437823561969     
  0.12100000000000009       0.38919060897296648     
  0.12200000000000009       0.38564494803639970     
  0.12300000000000010       0.38215583753974580     
  0.12400000000000010       0.37872454400040906     
  0.12500000000000008       0.37534893204297087     
  0.12600000000000008       0.37202661248200930     
  0.12700000000000009       0.36875533071374184     
  0.12800000000000009       0.36553566125086434     
  0.12900000000000009       0.36236708825566560     
  0.13000000000000009       0.35924749908908821     
  0.13100000000000009       0.35617485842670410     
  0.13200000000000009       0.35314802052472066     
  0.13300000000000009       0.35016792870865332     
  0.13400000000000009       0.34723295619057165     
  0.13500000000000009       0.34434129451522133     
  0.13600000000000009       0.34149123774286622     
  0.13700000000000009       0.33868324841244724     
  0.13800000000000009       0.33591690346668723     
  0.13900000000000010       0.33319059060762407     
  0.14000000000000010       0.33050275276128049     
  0.14100000000000010       0.32785253185425989     
  0.14200000000000010       0.32524064321292762     
  0.14300000000000010       0.32266582479273531     
  0.14400000000000010       0.32012668253841797     
  0.14500000000000010       0.31762190263572493     
  0.14600000000000010       0.31515186237265486     
  0.14700000000000010       0.31271621088840362     
  0.14800000000000010       0.31031369638382789     
  0.14900000000000010       0.30794310735472902     
  0.15000000000000011       0.30560379098877649     
  0.15100000000000011       0.30329629821785331     
  0.15200000000000011       0.30101963428104428     
  0.15300000000000011       0.29877270724848098     
  0.15400000000000011       0.29655448949774182     
  0.15500000000000011       0.29436529233326464     
  0.15600000000000011       0.29220482183963348     
  0.15700000000000011       0.29007209128276246     
  0.15800000000000011       0.28796614388759306     
  0.15900000000000011       0.28588647615095802     
  0.16000000000000011       0.28383351818487551     
  0.16100000000000012       0.28180647483968779     
  0.16200000000000012       0.27980447865609664     
  0.16300000000000012       0.27782671478329063     
  0.16400000000000012       0.27587344270711489     
  0.16500000000000012       0.27394441398334551     
  0.16600000000000012       0.27203884029674302     
  0.16700000000000012       0.27015595598074804     
  0.16800000000000012       0.26829536800242965     
  0.16900000000000012       0.26645741616980029     
  0.17000000000000012       0.26464145692790486     
  0.17100000000000012       0.26284679241079228     
  0.17200000000000013       0.26107276856869882     
  0.17300000000000013       0.25931960366363616     
  0.17400000000000013       0.25758708596768398     
  0.17500000000000013       0.25587457808212533     
  0.17600000000000013       0.25418145998730102     
  0.17700000000000013       0.25250742162657114     
  0.17800000000000013       0.25085273429488908     
  0.17900000000000013       0.24921687130113537     
  0.18000000000000013       0.24759926484336356     
  0.18100000000000013       0.24599938418848138     
  0.18200000000000013       0.24441741442173637     
  0.18300000000000013       0.24285317376481499     
  0.18400000000000014       0.24130614125590152     
  0.18500000000000014       0.23977580944844798     
  0.18600000000000014       0.23826193145577604     
  0.18700000000000014       0.23676472589303368     
  0.18800000000000014       0.23528375737640003     
  0.18900000000000014       0.23381855920250560     
  0.19000000000000014       0.23236869646064112     
  0.19100000000000014       0.23093432725613702     
  0.19200000000000014       0.22951529446804897     
  0.19300000000000014       0.22811116813193724     
  0.19400000000000014       0.22672152892183717     
  0.19500000000000015       0.22534617862709053     
  0.19600000000000015       0.22398529486821453     
  0.19700000000000015       0.22263851447003521     
  0.19800000000000015       0.22130545027338300     
  0.19900000000000015       0.21998574271550683     
  0.20000000000000015       0.21867952775356145     
  0.20100000000000015       0.21738666873979168     
  0.20200000000000015       0.21610680765858958     
  0.20300000000000015       0.21483959496093857     
  0.20400000000000015       0.21358487035458953     
  0.20500000000000015       0.21234277921132294     
  0.20600000000000016       0.21111301609112909     
  0.20700000000000016       0.20989525711420715     
  0.20800000000000016       0.20868920260845886     
  0.20900000000000016       0.20749497019299790     
  0.21000000000000016       0.20631244035188689     
  0.21100000000000016       0.20514131256295809     
  0.21200000000000016       0.20398129311007701     
  0.21300000000000016       0.20283225153185061     
  0.21400000000000016       0.20169430758131740     
  0.21500000000000016       0.20056720244498039     
  0.21600000000000016       0.19945066309223480     
  0.21700000000000016       0.19834443792554027     
  0.21800000000000017       0.19724862926147885     
  0.21900000000000017       0.19616313202300142     
  0.22000000000000017       0.19508769207706883     
  0.22100000000000017       0.19402206081230711     
  0.22200000000000017       0.19296613144664054     
  0.22300000000000017       0.19192000319894822     
  0.22400000000000017       0.19088345525673003     
  0.22500000000000017       0.18985625582819543     
  0.22600000000000017       0.18883819225421580     
  0.22700000000000017       0.18782935399010728     
  0.22800000000000017       0.18682964820882059     
  0.22900000000000018       0.18583885854053472     
  0.23000000000000018       0.18485677313310905     
  0.23100000000000018       0.18388330415461351     
  0.23200000000000018       0.18291853423076479     
  0.23300000000000018       0.18196227378113516     
  0.23400000000000018       0.18101432474308260     
  0.23500000000000018       0.18007450625768970     
  0.23600000000000018       0.17914289689937038     
  0.23700000000000018       0.17821941429781030     
  0.23800000000000018       0.17730387307667320     
  0.23900000000000018       0.17639609158479530     
  0.24000000000000019       0.17549599726900866     
  0.24100000000000019       0.17460365924633750     
  0.24200000000000019       0.17371891380431279     
  0.24300000000000019       0.17284159068355981     
  0.24400000000000019       0.17197153519427502     
  0.24500000000000019       0.17110881664927260     
  0.24600000000000019       0.17025336165506830     
  0.24700000000000019       0.16940501046538212     
  0.24800000000000019       0.16856360642786569     
  0.24900000000000019       0.16772908939220610     
  0.25000000000000017       0.16690151740252457     
  0.25100000000000017       0.16608074832494921     
  0.25200000000000017       0.16526663498476959     
  0.25300000000000017       0.16445904437945530     
  0.25400000000000017       0.16365803789407940     
  0.25500000000000017       0.16286354988235655     
  0.25600000000000017       0.16207544194148199     
  0.25700000000000017       0.16129357825557508     
  0.25800000000000017       0.16051790880563915     
  0.25900000000000017       0.15974848250236823     
  0.26000000000000018       0.15898517533182688     
  0.26100000000000018       0.15822785941510331     
  0.26200000000000018       0.15747641984035235     
  0.26300000000000018       0.15673091117114271     
  0.26400000000000018       0.15599127448020927     
  0.26500000000000018       0.15525738925439928     
  0.26600000000000018       0.15452913715708633     
  0.26700000000000018       0.15380647649262016     
  0.26800000000000018       0.15308944859439114     
  0.26900000000000018       0.15237794475788913     
  0.27000000000000018       0.15167185333392058     
  0.27100000000000019       0.15097107459300541     
  0.27200000000000019       0.15027565720052430     
  0.27300000000000019       0.14958554808337443     
  0.27400000000000019       0.14890064181410564     
  0.27500000000000019       0.14822083480718601     
  0.27600000000000019       0.14754609224105225     
  0.27700000000000019       0.14687644912924203     
  0.27800000000000019       0.14621180977631179     
  0.27900000000000019       0.14555207626353991     
  0.28000000000000019       0.14489716167523417     
  0.28100000000000019       0.14424710955377740     
  0.28200000000000019       0.14360187194873683     
  0.28300000000000020       0.14296135622598183     
  0.28400000000000020       0.14232547131863735     
  0.28500000000000020       0.14169418810983178     
  0.28600000000000020       0.14106753631603072     
  0.28700000000000020       0.14044543135538376     
  0.28800000000000020       0.13982778698863527     
  0.28900000000000020       0.13921452717205951     
  0.29000000000000020       0.13860569097948863     
  0.29100000000000020       0.13800123496120495     
  0.29200000000000020       0.13740107738984422     
  0.29300000000000020       0.13680513787841159     
  0.29400000000000021       0.13621339206534849     
  0.29500000000000021       0.13562586520711120     
  0.29600000000000021       0.13504248226370918     
  0.29700000000000021       0.13446316698146552     
  0.29800000000000021       0.13388785258670866     
  0.29900000000000021       0.13331657424007487     
  0.30000000000000021       0.13274929246119321     
  0.30100000000000021       0.13218593486735711     
  0.30200000000000021       0.13162643022769346     
  0.30300000000000021       0.13107075816079783     
  0.30400000000000021       0.13051894015207760     
  0.30500000000000022       0.12997090939243564     
  0.30600000000000022       0.12942659820650931     
  0.30700000000000022       0.12888594776148229     
  0.30800000000000022       0.12834898977837916     
  0.30900000000000022       0.12781568829006978     
  0.31000000000000022       0.12728597895749391     
  0.31100000000000022       0.12675979843588228     
  0.31200000000000022       0.12623712968767944     
  0.31300000000000022       0.12571799099738454     
  0.31400000000000022       0.12520232268725687     
  0.31500000000000022       0.12469006448454936     
  0.31600000000000023       0.12418116438832533     
  0.31700000000000023       0.12367565108567703     
  0.31800000000000023       0.12317349172953621     
  0.31900000000000023       0.12267462893506205     
  0.32000000000000023       0.12217900617936790     
  0.32100000000000023       0.12168660924382368     
  0.32200000000000023       0.12119745368617479     
  0.32300000000000023       0.12071148603303582     
  0.32400000000000023       0.12022865242687607     
  0.32500000000000023       0.11974890676864262     
  0.32600000000000023       0.11927227506052342     
  0.32700000000000023       0.11879872723515549     
  0.32800000000000024       0.11832821194493927     
  0.32900000000000024       0.11786067859251396     
  0.33000000000000024       0.11739611534310929     
  0.33100000000000024       0.11693453542393012     
  0.33200000000000024       0.11647589078055264     
  0.33300000000000024       0.11602013313726854     
  0.33400000000000024       0.11556722151319690     
  0.33500000000000024       0.11511717952710115     
  0.33600000000000024       0.11466997959558556     
  0.33700000000000024       0.11422557563276929     
  0.33800000000000024       0.11378392220826061     
  0.33900000000000025       0.11334500950900532     
  0.34000000000000025       0.11290884876418371     
  0.34100000000000025       0.11247539666981818     
  0.34200000000000025       0.11204460982530003     
  0.34300000000000025       0.11161645170444455     
  0.34400000000000025       0.11119094380402837     
  0.34500000000000025       0.11076806076668871     
  0.34600000000000025       0.11034776110933715     
  0.34700000000000025       0.10993000392365765     
  0.34800000000000025       0.10951478111560975     
  0.34900000000000025       0.10910210219658110     
  0.35000000000000026       0.10869192804155170     
  0.35100000000000026       0.10828421952307908     
  0.35200000000000026       0.10787894400558329     
  0.35300000000000026       0.10747612109138076     
  0.35400000000000026       0.10707572742337654     
  0.35500000000000026       0.10667772555897212     
  0.35600000000000026       0.10628207856129079     
  0.35700000000000026       0.10588877980132748     
  0.35800000000000026       0.10549783730978045     
  0.35900000000000026       0.10510921564998847     
  0.36000000000000026       0.10472287945281011     
  0.36100000000000027       0.10433879949167971     
  0.36200000000000027       0.10395699367314132     
  0.36300000000000027       0.10357744044213232     
  0.36400000000000027       0.10320010591475200     
  0.36500000000000027       0.10282495665351497     
  0.36600000000000027       0.10245198728060383     
  0.36700000000000027       0.10208120454735574     
  0.36800000000000027       0.10171257628264425     
  0.36900000000000027       0.10134607043346801     
  0.37000000000000027       0.10098166076951098     
  0.37100000000000027       0.10061936367562072     
  0.37200000000000027       0.10025915922415783     
  0.37300000000000028        9.9901016675496973E-002
  0.37400000000000028        9.9544905685297891E-002
  0.37500000000000028        9.9190821946264343E-002
  0.37600000000000028        9.8838771101912623E-002
  0.37700000000000028        9.8488723880884338E-002
  0.37800000000000028        9.8140651165160589E-002
  0.37900000000000028        9.7794529365603552E-002
  0.38000000000000028        9.7450373498378776E-002
  0.38100000000000028        9.7108165108973105E-002
  0.38200000000000028        9.6767876244192530E-002
  0.38300000000000028        9.6429479301888124E-002
  0.38400000000000029        9.6092970892146176E-002
  0.38500000000000029        9.5758355697325548E-002
  0.38600000000000029        9.5425607028331597E-002
  0.38700000000000029        9.5094698372397118E-002
  0.38800000000000029        9.4765608475064975E-002
  0.38900000000000029        9.4438351118668593E-002
  0.39000000000000029        9.4112909185112018E-002
  0.39100000000000029        9.3789257197595705E-002
  0.39200000000000029        9.3467369991955554E-002
  0.39300000000000029        9.3147244965512382E-002
  0.39400000000000029        9.2828885965219127E-002
  0.39500000000000030        9.2512268607646803E-002
  0.39600000000000030        9.2197368698999846E-002
  0.39700000000000030        9.1884167054004123E-002
  0.39800000000000030        9.1572676340378301E-002
  0.39900000000000030        9.1262880654987902E-002
  0.40000000000000030        9.0954756727891314E-002
  0.40100000000000030        9.0648281568325564E-002
  0.40200000000000030        9.0343453249910458E-002
  0.40300000000000030        9.0040274892331559E-002
  0.40400000000000030        8.9738724176127674E-002
  0.40500000000000030        8.9438778977143141E-002
  0.40600000000000031        8.9140421948608273E-002
  0.40700000000000031        8.8843664749297002E-002
  0.40800000000000031        8.8548492582826460E-002
  0.40900000000000031        8.8254884151011750E-002
  0.41000000000000031        8.7962818405613472E-002
  0.41100000000000031        8.7672294001748211E-002
  0.41200000000000031        8.7383313425091938E-002
  0.41300000000000031        8.7095856208295283E-002
  0.41400000000000031        8.6809902079003659E-002
  0.41500000000000031        8.6525435327910696E-002
  0.41600000000000031        8.6242466698740514E-002
  0.41700000000000031        8.5960982405224998E-002
  0.41800000000000032        8.5680962915255621E-002
  0.41900000000000032        8.5402388921050287E-002
  0.42000000000000032        8.5125259578031548E-002
  0.42100000000000032        8.4849576818485831E-002
  0.42200000000000032        8.4575321840906478E-002
  0.42300000000000032        8.4302476033820267E-002
  0.42400000000000032        8.4031025149643751E-002
  0.42500000000000032        8.3760979100695812E-002
  0.42600000000000032        8.3492325024327255E-002
  0.42700000000000032        8.3225044974044621E-002
  0.42800000000000032        8.2959121205164715E-002
  0.42900000000000033        8.2694553303726465E-002
  0.43000000000000033        8.2431342718481806E-002
  0.43100000000000033        8.2169472149544426E-002
  0.43200000000000033        8.1908924478523673E-002
  0.43300000000000033        8.1649686765522006E-002
  0.43400000000000033        8.1391768166152678E-002
  0.43500000000000033        8.1135156663766278E-002
  0.43600000000000033        8.0879835738677588E-002
  0.43700000000000033        8.0625789053169597E-002
  0.43800000000000033        8.0373016563944036E-002
  0.43900000000000033        8.0121519296898189E-002
  0.44000000000000034        7.9871281308611763E-002
  0.44100000000000034        7.9622286825913699E-002
  0.44200000000000034        7.9374524081237227E-002
  0.44300000000000034        7.9128001540337362E-002
  0.44400000000000034        7.8882707962754262E-002
  0.44500000000000034        7.8638628115484513E-002
  0.44600000000000034        7.8395746929961277E-002
  0.44700000000000034        7.8154064681892663E-002
  0.44800000000000034        7.7913582027139092E-002
  0.44900000000000034        7.7674284250088280E-002
  0.45000000000000034        7.7436156792120500E-002
  0.45100000000000035        7.7199188938737617E-002
  0.45200000000000035        7.6963388525797136E-002
  0.45300000000000035        7.6728745026120468E-002
  0.45400000000000035        7.6495244369429546E-002
  0.45500000000000035        7.6262872634709031E-002
  0.45600000000000035        7.6031630371022355E-002
  0.45700000000000035        7.5801517911317826E-002
  0.45800000000000035        7.5572521653127972E-002
  0.45900000000000035        7.5344628136629094E-002
  0.46000000000000035        7.5117827595063566E-002
  0.46100000000000035        7.4892127288283414E-002
  0.46200000000000035        7.4667517345580178E-002
  0.46300000000000036        7.4443984749470407E-002
  0.46400000000000036        7.4221516620550446E-002
  0.46500000000000036        7.4000113735954900E-002
  0.46600000000000036        7.3779776152710044E-002
  0.46700000000000036        7.3560491277433304E-002
  0.46800000000000036        7.3342246646291603E-002
  0.46900000000000036        7.3125033347021751E-002
  0.47000000000000036        7.2908858112008812E-002
  0.47100000000000036        7.2693711675612865E-002
  0.47200000000000036        7.2479581975422785E-002
  0.47300000000000036        7.2266457079505769E-002
  0.47400000000000037        7.2054337953533137E-002
  0.47500000000000037        7.1843224420011620E-002
  0.47600000000000037        7.1633104801689482E-002
  0.47700000000000037        7.1423967539200550E-002
  0.47800000000000037        7.1215804492042054E-002
  0.47900000000000037        7.1008621908942582E-002
  0.48000000000000037        7.0802411082726224E-002
  0.48100000000000037        7.0597160818971480E-002
  0.48200000000000037        7.0392860049057634E-002
  0.48300000000000037        7.0189509893508528E-002
  0.48400000000000037        6.9987109975967951E-002
  0.48500000000000038        6.9785649452416790E-002
  0.48600000000000038        6.9585117586309073E-002
  0.48700000000000038        6.9385506935354724E-002
  0.48800000000000038        6.9186823304234854E-002
  0.48900000000000038        6.8989058501894671E-002
  0.49000000000000038        6.8792202124120863E-002
  0.49100000000000038        6.8596243890201317E-002
  0.49200000000000038        6.8401185046818469E-002
  0.49300000000000038        6.8207025049493539E-002
  0.49400000000000038        6.8013753813330094E-002
  0.49500000000000038        6.7821361351590434E-002
  0.49600000000000039        6.7629840854668291E-002
  0.49700000000000039        6.7439197719074473E-002
  0.49800000000000039        6.7249424231348873E-002
  0.49900000000000039        6.7060510707875373E-002
  0.50000000000000033        6.6872447588164532E-002
  0.50100000000000033        6.6685236220625069E-002
  0.50200000000000033        6.6498875919170031E-002
  0.50300000000000034        6.6313357291622549E-002
  0.50400000000000034        6.6128671035615844E-002
  0.50500000000000034        6.5944810915726404E-002
  0.50600000000000034        6.5761781952862960E-002
  0.50700000000000034        6.5579576876032553E-002
  0.50800000000000034        6.5398186659771346E-002
  0.50900000000000034        6.5217602402917671E-002
  0.51000000000000034        6.5037825534804569E-002
  0.51100000000000034        6.4858855250631328E-002
  0.51200000000000034        6.4680682791336430E-002
  0.51300000000000034        6.4503299480171167E-002
  0.51400000000000035        6.4326699603581922E-002
  0.51500000000000035        6.4150887836475920E-002
  0.51600000000000035        6.3975857318245330E-002
  0.51700000000000035        6.3801599625453315E-002
  0.51800000000000035        6.3628106461379272E-002
  0.51900000000000035        6.3455379318604219E-002
  0.52000000000000035        6.3283417293382188E-002
  0.52100000000000035        6.3112212206130641E-002
  0.52200000000000035        6.2941755952835521E-002
  0.52300000000000035        6.2772043294932175E-002
  0.52400000000000035        6.2603078588293448E-002
  0.52500000000000036        6.2434855353347925E-002
  0.52600000000000036        6.2267365718136916E-002
  0.52700000000000036        6.2100601940814071E-002
  0.52800000000000036        6.1934565562197758E-002
  0.52900000000000036        6.1769255596674712E-002
  0.53000000000000036        6.1604664395802707E-002
  0.53100000000000036        6.1440784380629700E-002
  0.53200000000000036        6.1277610745512898E-002
  0.53300000000000036        6.1115147551888162E-002
  0.53400000000000036        6.0953388674317800E-002
  0.53500000000000036        6.0792326746699564E-002
  0.53600000000000037        6.0631954537209404E-002
  0.53700000000000037        6.0472273622202206E-002
  0.53800000000000037        6.0313282948946528E-002
  0.53900000000000037        6.0154975356463615E-002
  0.54000000000000037        5.9997343747778598E-002
  0.54100000000000037        5.9840383712341981E-002
  0.54200000000000037        5.9684099039641156E-002
  0.54300000000000037        5.9528483933677073E-002
  0.54400000000000037        5.9373531492953338E-002
  0.54500000000000037        5.9219234955013383E-002
  0.54600000000000037        5.9065595921018996E-002
  0.54700000000000037        5.8912613283857398E-002
  0.54800000000000038        5.8760280330499168E-002
  0.54900000000000038        5.8608590406958670E-002
  0.55000000000000038        5.8457539463730467E-002
  0.55100000000000038        5.8307131038936651E-002
  0.55200000000000038        5.8157359643295908E-002
  0.55300000000000038        5.8008218802536586E-002
  0.55400000000000038        5.7859702186641992E-002
  0.55500000000000038        5.7711811412569071E-002
  0.55600000000000038        5.7564545329814594E-002
  0.55700000000000038        5.7417897637458831E-002
  0.55800000000000038        5.7271862089135206E-002
  0.55900000000000039        5.7126434965672220E-002
  0.56000000000000039        5.6981619572706102E-002
  0.56100000000000039        5.6837410706745604E-002
  0.56200000000000039        5.6693802286815781E-002
  0.56300000000000039        5.6550788381750323E-002
  0.56400000000000039        5.6408370616773125E-002
  0.56500000000000039        5.6266547807458163E-002
  0.56600000000000039        5.6125314032427626E-002
  0.56700000000000039        5.5984663420785563E-002
  0.56800000000000039        5.5844592555960804E-002
  0.56900000000000039        5.5705104528453814E-002
  0.57000000000000040        5.5566194401244794E-002
  0.57100000000000040        5.5427856455793803E-002
  0.57200000000000040        5.5290085129168998E-002
  0.57300000000000040        5.5152882048617652E-002
  0.57400000000000040        5.5016246003937709E-002
  0.57500000000000040        5.4880171423647012E-002
  0.57600000000000040        5.4744652783049304E-002
  0.57700000000000040        5.4609686943101712E-002
  0.57800000000000040        5.4475276795140658E-002
  0.57900000000000040        5.4341417650744572E-002
  0.58000000000000040        5.4208104125673409E-002
  0.58100000000000041        5.4075330997268467E-002
  0.58200000000000041        5.3943099889675661E-002
  0.58300000000000041        5.3811409573914525E-002
  0.58400000000000041        5.3680254801358247E-002
  0.58500000000000041        5.3549630366806773E-002
  0.58600000000000041        5.3419533386050808E-002
  0.58700000000000041        5.3289966565988181E-002
  0.58800000000000041        5.3160925450234285E-002
  0.58900000000000041        5.3032404963155935E-002
  0.59000000000000041        5.2904400196792510E-002
  0.59100000000000041        5.2776912768053907E-002
  0.59200000000000041        5.2649941435162752E-002
  0.59300000000000042        5.2523481247614474E-002
  0.59400000000000042        5.2397527295275116E-002
  0.59500000000000042        5.2272076928192295E-002
  0.59600000000000042        5.2147132682441331E-002
  0.59700000000000042        5.2022690318298245E-002
  0.59800000000000042        5.1898745045223849E-002
  0.59900000000000042        5.1775292246519763E-002
  0.60000000000000042        5.1652333528580216E-002
  0.60100000000000042        5.1529867641928601E-002
  0.60200000000000042        5.1407889911531585E-002
  0.60300000000000042        5.1286395699943296E-002
  0.60400000000000043        5.1165382572810690E-002
  0.60500000000000043        5.1044852907994195E-002
  0.60600000000000043        5.0924802668108317E-002
  0.60700000000000043        5.0805227326129659E-002
  0.60800000000000043        5.0686122535093296E-002
  0.60900000000000043        5.0567489888366637E-002
  0.61000000000000043        5.0449328133093718E-002
  0.61100000000000043        5.0331632848907203E-002
  0.61200000000000043        5.0214399650490411E-002
  0.61300000000000043        5.0097626302147348E-002
  0.61400000000000043        4.9981315035227708E-002
  0.61500000000000044        4.9865462001322615E-002
  0.61600000000000044        4.9750062917085676E-002
  0.61700000000000044        4.9635113685480126E-002
  0.61800000000000044        4.9520615885018215E-002
  0.61900000000000044        4.9406568263091630E-002
  0.62000000000000044        4.9292966634840528E-002
  0.62100000000000044        4.9179806848142264E-002
  0.62200000000000044        4.9067086850564191E-002
  0.62300000000000044        4.8954808737839597E-002
  0.62400000000000044        4.8842968838032318E-002
  0.62500000000000044        4.8731563093182488E-002
  0.62600000000000044        4.8620587637919245E-002
  0.62700000000000045        4.8510044034683508E-002
  0.62800000000000045        4.8399931034129408E-002
  0.62900000000000045        4.8290244669219329E-002
  0.63000000000000045        4.8180981003542088E-002
  0.63100000000000045        4.8072138153941062E-002
  0.63200000000000045        4.7963718090700623E-002
  0.63300000000000045        4.7855717306613241E-002
  0.63400000000000045        4.7748131952187543E-002
  0.63500000000000045        4.7640958376834144E-002
  0.63600000000000045        4.7534198126269252E-002
  0.63700000000000045        4.7427849956877696E-002
  0.63800000000000046        4.7321910103065322E-002
  0.63900000000000046        4.7216374827938050E-002
  0.64000000000000046        4.7111242404900562E-002
  0.64100000000000046        4.7006514688306349E-002
  0.64200000000000046        4.6902188324612903E-002
  0.64300000000000046        4.6798259657104595E-002
  0.64400000000000046        4.6694725234329555E-002
  0.64500000000000046        4.6591586585143056E-002
  0.64600000000000046        4.6488842473634849E-002
  0.64700000000000046        4.6386489320436465E-002
  0.64800000000000046        4.6284523573121607E-002
  0.64900000000000047        4.6182943650103662E-002
  0.65000000000000047        4.6081751298744610E-002
  0.65100000000000047        4.5980943308699528E-002
  0.65200000000000047        4.5880516201416914E-002
  0.65300000000000047        4.5780466710045320E-002
  0.65400000000000047        4.5680796346937350E-002
  0.65500000000000047        4.5581503885408693E-002
  0.65600000000000047        4.5482585918113709E-002
  0.65700000000000047        4.5384039063045348E-002
  0.65800000000000047        4.5285861873132459E-002
  0.65900000000000047        4.5188055997180711E-002
  0.66000000000000048        4.5090618358092124E-002
  0.66100000000000048        4.4993545641816193E-002
  0.66200000000000048        4.4896834752549276E-002
  0.66300000000000048        4.4800487186965221E-002
  0.66400000000000048        4.4704501728716060E-002
  0.66500000000000048        4.4608875129178584E-002
  0.66600000000000048        4.4513604163606384E-002
  0.66700000000000048        4.4418687509933927E-002
  0.66800000000000048        4.4324126726394610E-002
  0.66900000000000048        4.4229918859625100E-002
  0.67000000000000048        4.4136060747237575E-002
  0.67100000000000048        4.4042549451796427E-002
  0.67200000000000049        4.3949386455590884E-002
  0.67300000000000049        4.3856570553327576E-002
  0.67400000000000049        4.3764098642570769E-002
  0.67500000000000049        4.3671967643430808E-002
  0.67600000000000049        4.3580176350239183E-002
  0.67700000000000049        4.3488726238260479E-002
  0.67800000000000049        4.3397614468721375E-002
  0.67900000000000049        4.3306838018770798E-002
  0.68000000000000049        4.3216394097434802E-002
  0.68100000000000049        4.3126284174384327E-002
  0.68200000000000049        4.3036507055722491E-002
  0.68300000000000050        4.2947059773316823E-002
  0.68400000000000050        4.2857939380372023E-002
  0.68500000000000050        4.2769144779853149E-002
  0.68600000000000050        4.2680677371340410E-002
  0.68700000000000050        4.2592534421787787E-002
  0.68800000000000050        4.2504713036346058E-002
  0.68900000000000050        4.2417210559262918E-002
  0.69000000000000050        4.2330028449839435E-002
  0.69100000000000050        4.2243165525559359E-002
  0.69200000000000050        4.2156618941259778E-002
  0.69300000000000050        4.2070385872019680E-002
  0.69400000000000051        4.1984465322478799E-002
  0.69500000000000051        4.1898858623546968E-002
  0.69600000000000051        4.1813563139243365E-002
  0.69700000000000051        4.1728576091663812E-002
  0.69800000000000051        4.1643894949609808E-002
  0.69900000000000051        4.1559521164786610E-002
  0.70000000000000051        4.1475453565674773E-002
  0.70100000000000051        4.1391689419166482E-002
  0.70200000000000051        4.1308226011407587E-002
  0.70300000000000051        4.1225062442515371E-002
  0.70400000000000051        4.1142199981545384E-002
  0.70500000000000052        4.1059636081031289E-002
  0.70600000000000052        4.0977368069317753E-002
  0.70700000000000052        4.0895393529567517E-002
  0.70800000000000052        4.0813713909233156E-002
  0.70900000000000052        4.0732328047033910E-002
  0.71000000000000052        4.0651233311311478E-002
  0.71100000000000052        4.0570427088774452E-002
  0.71200000000000052        4.0489908569560244E-002
  0.71300000000000052        4.0409678967541544E-002
  0.71400000000000052        4.0329735815240388E-002
  0.71500000000000052        4.0250076536803923E-002
  0.71600000000000052        4.0170698819953755E-002
  0.71700000000000053        4.0091604111868899E-002
  0.71800000000000053        4.0012791260345494E-002
  0.71900000000000053        3.9934257724747339E-002
  0.72000000000000053        3.9856000982015548E-002
  0.72100000000000053        3.9778020307584719E-002
  0.72200000000000053        3.9700316866745439E-002
  0.72300000000000053        3.9622888263384018E-002
  0.72400000000000053        3.9545732007108758E-002
  0.72500000000000053        3.9468845880675979E-002
  0.72600000000000053        3.9392231335701605E-002
  0.72700000000000053        3.9315887227462064E-002
  0.72800000000000054        3.9239811095959032E-002
  0.72900000000000054        3.9164000498076265E-002
  0.73000000000000054        3.9088454790560313E-002
  0.73100000000000054        3.9013175096715175E-002
  0.73200000000000054        3.8938159082958598E-002
  0.73300000000000054        3.8863404333994454E-002
  0.73400000000000054        3.8788908718277483E-002
  0.73500000000000054        3.8714673697414839E-002
  0.73600000000000054        3.8640698132073915E-002
  0.73700000000000054        3.8566979632400668E-002
  0.73800000000000054        3.8493515824820468E-002
  0.73900000000000055        3.8420306144179031E-002
  0.74000000000000055        3.8347351678467312E-002
  0.74100000000000055        3.8274650147426752E-002
  0.74200000000000055        3.8202199200284302E-002
  0.74300000000000055        3.8129996781914109E-002
  0.74400000000000055        3.8058044370474380E-002
  0.74500000000000055        3.7986340829373945E-002
  0.74600000000000055        3.7914883828125481E-002
  0.74700000000000055        3.7843671052010884E-002
  0.74800000000000055        3.7772702011578327E-002
  0.74900000000000055        3.7701977766339961E-002
  0.75000000000000056        3.7631496079618257E-002
  0.75100000000000056        3.7561254654209800E-002
  0.75200000000000056        3.7491251502076689E-002
  0.75300000000000056        3.7421488125695984E-002
  0.75400000000000056        3.7351963387893899E-002
  0.75500000000000056        3.7282675006266072E-002
  0.75600000000000056        3.7213620713761074E-002
  0.75700000000000056        3.7144800095126974E-002
  0.75800000000000056        3.7076214188506408E-002
  0.75900000000000056        3.7007860790298233E-002
  0.76000000000000056        3.6939737645295082E-002
  0.76100000000000056        3.6871842823007268E-002
  0.76200000000000057        3.6804177859461717E-002
  0.76300000000000057        3.6736741612778748E-002
  0.76400000000000057        3.6669531836606664E-002
  0.76500000000000057        3.6602546299627767E-002
  0.76600000000000057        3.6535784660304153E-002
  0.76700000000000057        3.6469247942905222E-002
  0.76800000000000057        3.6402933965365897E-002
  0.76900000000000057        3.6336840501997487E-002
  0.77000000000000057        3.6270965669937115E-002
  0.77100000000000057        3.6205311049805511E-002
  0.77200000000000057        3.6139875489904799E-002
  0.77300000000000058        3.6074656766830838E-002
  0.77400000000000058        3.6009652671997384E-002
  0.77500000000000058        3.5944862938268970E-002
  0.77600000000000058        3.5880288584079184E-002
  0.77700000000000058        3.5815927435984975E-002
  0.77800000000000058        3.5751777284089362E-002
  0.77900000000000058        3.5687836282649828E-002
  0.78000000000000058        3.5624106070176298E-002
  0.78100000000000058        3.5560585478807930E-002
  0.78200000000000058        3.5497272293511975E-002
  0.78300000000000058        3.5434164313968876E-002
  0.78400000000000059        3.5371261349546539E-002
  0.78500000000000059        3.5308564421600505E-002
  0.78600000000000059        3.5246071350565178E-002
  0.78700000000000059        3.5183779926895628E-002
  0.78800000000000059        3.5121688330606950E-002
  0.78900000000000059        3.5059798274233243E-002
  0.79000000000000059        3.4998108565852747E-002
  0.79100000000000059        3.4936616982247148E-002
  0.79200000000000059        3.4875321314930104E-002
  0.79300000000000059        3.4814221453606180E-002
  0.79400000000000059        3.4753318432249575E-002
  0.79500000000000060        3.4692610048022481E-002
  0.79600000000000060        3.4632094074001737E-002
  0.79700000000000060        3.4571768703420575E-002
  0.79800000000000060        3.4511635742599953E-002
  0.79900000000000060        3.4451693965648268E-002
  0.80000000000000060        3.4391941121930454E-002
  0.80100000000000060        3.4332374975702053E-002
  0.80200000000000060        3.4272995503013125E-002
  0.80300000000000060        3.4213803761387510E-002
  0.80400000000000060        3.4154797504384750E-002
  0.80500000000000060        3.4095974466904932E-002
  0.80600000000000060        3.4037332841253598E-002
  0.80700000000000061        3.3978874551965459E-002
  0.80800000000000061        3.3920598326666489E-002
  0.80900000000000061        3.3862501864516226E-002
  0.81000000000000061        3.3804582879886018E-002
  0.81100000000000061        3.3746841443991746E-002
  0.81200000000000061        3.3689278650423891E-002
  0.81300000000000061        3.3631892184574956E-002
  0.81400000000000061        3.3574679718249754E-002
  0.81500000000000061        3.3517639426505978E-002
  0.81600000000000061        3.3460773382621337E-002
  0.81700000000000061        3.3404080251781605E-002
  0.81800000000000062        3.3347557655364062E-002
  0.81900000000000062        3.3291203230472084E-002
  0.82000000000000062        3.3235017155999039E-002
  0.82100000000000062        3.3179000576184337E-002
  0.82200000000000062        3.3123151078023626E-002
  0.82300000000000062        3.3067466239760958E-002
  0.82400000000000062        3.3011944199958614E-002
  0.82500000000000062        3.2956587219235181E-002
  0.82600000000000062        3.2901393879763860E-002
  0.82700000000000062        3.2846361691092417E-002
  0.82800000000000062        3.2791488179243648E-002
  0.82900000000000063        3.2736773648241645E-002
  0.83000000000000063        3.2682219310243281E-002
  0.83100000000000063        3.2627822615979372E-002
  0.83200000000000063        3.2573581012155184E-002
  0.83300000000000063        3.2519492577652589E-002
  0.83400000000000063        3.2465559809850941E-002
  0.83500000000000063        3.2411781181045950E-002
  0.83600000000000063        3.2358154046062890E-002
  0.83700000000000063        3.2304675777242567E-002
  0.83800000000000063        3.2251346827965509E-002
  0.83900000000000063        3.2198168499109087E-002
  0.84000000000000064        3.2145138056782180E-002
  0.84100000000000064        3.2092252767822592E-002
  0.84200000000000064        3.2039510622854150E-002
  0.84300000000000064        3.1986914420179799E-002
  0.84400000000000064        3.1934462486678743E-002
  0.84500000000000064        3.1882151967361508E-002
  0.84600000000000064        3.1829980026164897E-002
  0.84700000000000064        3.1777947299496068E-002
  0.84800000000000064        3.1726055202414172E-002
  0.84900000000000064        3.1674300753501396E-002
  0.85000000000000064        3.1622680977008572E-002
  0.85100000000000064        3.1571193739323732E-002
  0.85200000000000065        3.1519842224274001E-002
  0.85300000000000065        3.1468624565545472E-002
  0.85400000000000065        3.1417537626093214E-002
  0.85500000000000065        3.1366578289689785E-002
  0.85600000000000065        3.1315747422882581E-002
  0.85700000000000065        3.1265046586626752E-002
  0.85800000000000065        3.1214472468523449E-002
  0.85900000000000065        3.1164021767149285E-002
  0.86000000000000065        3.1113692178354403E-002
  0.86100000000000065        3.1063487384943092E-002
  0.86200000000000065        3.1013405262067667E-002
  0.86300000000000066        3.0963442293900058E-002
  0.86400000000000066        3.0913594987958599E-002
  0.86500000000000066        3.0863864507627747E-002
  0.86600000000000066        3.0814252599947866E-002
  0.86700000000000066        3.0764755508465868E-002
  0.86800000000000066        3.0715369493594578E-002
  0.86900000000000066        3.0666092019682588E-002
  0.87000000000000066        3.0616927423590269E-002
  0.87100000000000066        3.0567873230814530E-002
  0.87200000000000066        3.0518925414302733E-002
  0.87300000000000066        3.0470079973743569E-002
  0.87400000000000067        3.0421338465257231E-002
  0.87500000000000067        3.0372702873833451E-002
  0.87600000000000067        3.0324168842259139E-002
  0.87700000000000067        3.0275732036924331E-002
  0.87800000000000067        3.0227389608498710E-002
  0.87900000000000067        3.0179146764474481E-002
  0.88000000000000067        3.0131000550762978E-002
  0.88100000000000067        3.0082946243285526E-002
  0.88200000000000067        3.0034979149305974E-002
  0.88300000000000067        2.9987101358324407E-002
  0.88400000000000067        2.9939315161516808E-002
  0.88500000000000068        2.9891615378209661E-002
  0.88600000000000068        2.9843996859239080E-002
  0.88700000000000068        2.9796456327971316E-002
  0.88800000000000068        2.9749000172484677E-002
  0.88900000000000068        2.9701624769088553E-002
  0.89000000000000068        2.9654324428925152E-002
  0.89100000000000068        2.9607093500806998E-002
  0.89200000000000068        2.9559934818935749E-002
  0.89300000000000068        2.9512851072321083E-002
  0.89400000000000068        2.9465835931280646E-002
  0.89500000000000068        2.9418883107114498E-002
  0.89600000000000068        2.9371988907081186E-002
  0.89700000000000069        2.9325162017584110E-002
  0.89800000000000069        2.9278397025144724E-002
  0.89900000000000069        2.9231685826319249E-002
  0.90000000000000069        2.9185020371225699E-002
  0.90100000000000069        2.9138406119428018E-002
  0.90200000000000069        2.9091848986666363E-002
  0.90300000000000069        2.9045341683445729E-002
  0.90400000000000069        2.8998876968235072E-002
  0.90500000000000069        2.8952447647158885E-002
  0.90600000000000069        2.8906046583006578E-002
  0.90700000000000069        2.8859681777829632E-002
  0.90800000000000070        2.8813358618452061E-002
  0.90900000000000070        2.8767068292168057E-002
  0.91000000000000070        2.8720802044097476E-002
  0.91100000000000070        2.8674551176816023E-002
  0.91200000000000070        2.8628309636063297E-002
  0.91300000000000070        2.8582091483351762E-002
  0.91400000000000070        2.8535892340067519E-002
  0.91500000000000070        2.8489702334896269E-002
  0.91600000000000070        2.8443511661096387E-002
  0.91700000000000070        2.8397310828635652E-002
  0.91800000000000070        2.8351109467032145E-002
  0.91900000000000071        2.8304908871601132E-002
  0.92000000000000071        2.8258697859708800E-002
  0.92100000000000071        2.8212465321638569E-002
  0.92200000000000071        2.8166200639935697E-002
  0.92300000000000071        2.8119913572015647E-002
  0.92400000000000071        2.8073603358324352E-002
  0.92500000000000071        2.8027257274275706E-002
  0.92600000000000071        2.7980862677994867E-002
  0.92700000000000071        2.7934411136018144E-002
  0.92800000000000071        2.7887915249334688E-002
  0.92900000000000071        2.7841364997541657E-002
  0.93000000000000071        2.7794745841324773E-002
  0.93100000000000072        2.7748043510623582E-002
  0.93200000000000072        2.7701264609833930E-002
  0.93300000000000072        2.7654407464364161E-002
  0.93400000000000072        2.7607455289290525E-002
  0.93500000000000072        2.7560391408103981E-002
  0.93600000000000072        2.7513216916100036E-002
  0.93700000000000072        2.7465933255440240E-002
  0.93800000000000072        2.7418520999867951E-002
  0.93900000000000072        2.7370960986908402E-002
  0.94000000000000072        2.7323256964940593E-002
  0.94100000000000072        2.7275403691034768E-002
  0.94200000000000073        2.7227378569943426E-002
  0.94300000000000073        2.7179163268600263E-002
  0.94400000000000073        2.7130766045974655E-002
  0.94500000000000073        2.7082167425354207E-002
  0.94600000000000073        2.7033341077702666E-002
  0.94700000000000073        2.6984283597324219E-002
  0.94800000000000073        2.6934987760104671E-002
  0.94900000000000073        2.6885422611349696E-002
  0.95000000000000073        2.6835572172645341E-002
  0.95100000000000073        2.6785435370267799E-002
  0.95200000000000073        2.6734976972310288E-002
  0.95300000000000074        2.6684175334063219E-002
  0.95400000000000074        2.6633027001192022E-002
  0.95500000000000074        2.6581490714461833E-002
  0.95600000000000074        2.6529546186755390E-002
  0.95700000000000074        2.6477179370946454E-002
  0.95800000000000074        2.6424341131716052E-002
  0.95900000000000074        2.6371020762588172E-002
  0.96000000000000074        2.6317178579705981E-002
  0.96100000000000074        2.6262770361877942E-002
  0.96200000000000074        2.6207778672024666E-002
  0.96300000000000074        2.6152138970521318E-002
  0.96400000000000075        2.6095829899721461E-002
  0.96500000000000075        2.6038784880350666E-002
  0.96600000000000075        2.5980964321247982E-002
  0.96700000000000075        2.5922303563534831E-002
  0.96800000000000075        2.5862743614476220E-002
  0.96900000000000075        2.5802213676325347E-002
  0.97000000000000075        2.5740641779522077E-002
  0.97100000000000075        2.5677937266515134E-002
  0.97200000000000075        2.5614020641077595E-002
  0.97300000000000075        2.5548771127969449E-002
  0.97400000000000075        2.5482094399861967E-002
  0.97500000000000075        2.5413844283487898E-002
  0.97600000000000076        2.5343882277008629E-002
  0.97700000000000076        2.5272054366243451E-002
  0.97800000000000076        2.5198159779832405E-002
  0.97900000000000076        2.5121990022131363E-002
  0.98000000000000076        2.5043305728567937E-002
  0.98100000000000076        2.4961825001943959E-002
  0.98200000000000076        2.4877212283331954E-002
  0.98300000000000076        2.4789079677262394E-002
  0.98400000000000076        2.4696968200604845E-002
  0.98500000000000076        2.4600326570327891E-002
  0.98600000000000076        2.4498485333610470E-002
  0.98700000000000077        2.4390622185434672E-002
  0.98800000000000077        2.4275723523349550E-002
  0.98900000000000077        2.4152490756913086E-002
  0.99000000000000077        2.4019241404776251E-002
  0.99100000000000077        2.3873771556107121E-002
  0.99200000000000077        2.3713066280581035E-002
  0.99300000000000077        2.3532870318773047E-002
  0.99400000000000077        2.3326937207447457E-002
  0.99500000000000077        2.3085493288765593E-002
  0.99600000000000077        2.2792079061489057E-002
  0.99700000000000077        2.2415626660715320E-002
  0.99800000000000078        2.1885790209645515E-002
  0.99900000000000078        2.0976130349499623E-002
