   60.000000000000000        9.1364154544765176E-004   8.3719225705657359E-005
   60.600000000000001        1.1730403227724986E-003   1.7911278530102231E-004
   61.200000000000003        9.6176857928485381E-004   6.4173400968866993E-005
   61.800000000000004        1.2331226772276307E-003   1.9325706781810501E-004
   62.400000000000006        1.3168395232966109E-003   1.0188943537617717E-004
   63.000000000000007        1.5717740397651998E-003   1.7358644222724122E-004
   63.600000000000001        1.5429539179416423E-003   1.6756352137012819E-004
   64.200000000000003        1.4185594965566730E-003   1.2286093394436398E-004
   64.799999999999997        1.7642625106562516E-003   1.1897105119385906E-004
   65.399999999999991        1.9861600062131323E-003   1.4495842716378448E-004
   65.999999999999986        2.3233807479924014E-003   2.3480432059523937E-004
   66.599999999999980        2.4110868960277648E-003   2.2340119026444547E-004
   67.199999999999974        2.6093481042607403E-003   1.3601784146307562E-004
   67.799999999999969        3.1545135844733862E-003   1.8489458047644627E-004
   68.399999999999963        3.3607880984027846E-003   1.5635652875965126E-004
   68.999999999999957        3.8991496926824428E-003   2.1425349239650746E-004
   69.599999999999952        5.1347438360649054E-003   4.1572087010576653E-004
   70.199999999999946        4.9968951395508616E-003   2.5242590375541661E-004
   70.799999999999940        5.5130121547399980E-003   2.2584790984257283E-004
   71.399999999999935        6.1705218836409018E-003   3.1185750316037325E-004
   71.999999999999929        7.3281346223385670E-003   3.8289034355603289E-004
   72.599999999999923        6.9999169323925123E-003   3.4786528582898948E-004
   73.199999999999918        8.2100299763907449E-003   4.0183261463645872E-004
   73.799999999999912        8.9425520533889594E-003   4.1148363692644635E-004
   74.399999999999906        9.4878209744083276E-003   3.8477777727221669E-004
   74.999999999999901        9.6669037239003122E-003   3.8669443683332671E-004
   75.599999999999895        1.1071188651451399E-002   4.9180561267998270E-004
   76.199999999999889        1.1836336136347485E-002   4.8153011732024367E-004
   76.799999999999883        1.3082175730002574E-002   4.4441589896556549E-004
   77.399999999999878        1.4997108032357761E-002   6.5478391301787477E-004
   77.999999999999872        1.6839064234625320E-002   6.0409268200465303E-004
   78.599999999999866        1.5704630631710813E-002   4.4561231955816608E-004
   79.199999999999861        1.8744727790615916E-002   5.8063857572106952E-004
   79.799999999999855        2.0287687215664790E-002   6.3982647858097847E-004
   80.399999999999849        2.2487608060384787E-002   6.8999341169815015E-004
   80.999999999999844        2.4044794061778191E-002   6.6874909433757253E-004
   81.599999999999838        2.7189431271263997E-002   7.6139323584105043E-004
   82.199999999999832        2.9151716621823209E-002   7.0875368396741906E-004
   82.799999999999827        3.3850489103832648E-002   8.4487708739414548E-004
   83.399999999999821        3.6991059269963017E-002   7.5111208145698456E-004
   83.999999999999815        4.3836179729217099E-002   9.5135029890863071E-004
   84.599999999999810        5.0361551749445829E-002   1.1178911125149255E-003
   85.199999999999804        5.8427786635429031E-002   1.0660315268284453E-003
   85.799999999999798        6.8093214930862941E-002   1.1752237706065250E-003
   86.399999999999793        8.3144164140499743E-002   1.3320365585791256E-003
   86.999999999999787       0.10083095288090135        1.5130224159608974E-003
   87.599999999999781       0.12657350458613711        1.7165703066867955E-003
   88.199999999999775       0.16926969874680073        2.1526696085916847E-003
   88.799999999999770       0.22683517791985786        2.4039872354160155E-003
   89.399999999999764       0.33089511077933909        3.0356537821067411E-003
   89.999999999999758       0.49660872672631190        3.7882557729015348E-003
   90.599999999999753       0.75413041065765141        4.6720006568851382E-003
   91.199999999999747       0.96639799251390812        5.2387765930618623E-003
   91.799999999999741       0.90514678652285541        5.1485252057361548E-003
   92.399999999999736       0.63168367057859098        4.0238737009394747E-003
   92.999999999999730       0.42307766688328569        3.1151853808425484E-003
   93.599999999999724       0.30271051976038454        2.5920720072893284E-003
   94.199999999999719       0.22590731880755563        1.9824313751151549E-003
   94.799999999999713       0.17940962397680860        1.6321033259196810E-003
   95.399999999999707       0.15050404242123031        1.3335506375710803E-003
   95.999999999999702       0.13196537443450407        1.1072998767105481E-003
   96.599999999999696       0.12303342636481339        9.6997297253268821E-004
   97.199999999999690       0.11539875882542176        7.8645774937297097E-004
   97.799999999999685       0.11701550985802446        6.8111956873030460E-004
   98.399999999999679       0.13131871280339968        6.0671678711693769E-004
   98.999999999999673       0.17153045525260799        5.3410563813707812E-004
   99.599999999999667       0.22207741888119178        3.8810374141366158E-004
   100.19999999999966        0.0000000000000000        0.0000000000000000     
   100.79999999999966        0.0000000000000000        0.0000000000000000     
   101.39999999999965        0.0000000000000000        0.0000000000000000     
   101.99999999999964        0.0000000000000000        0.0000000000000000     
   102.59999999999964        0.0000000000000000        0.0000000000000000     
   103.19999999999963        0.0000000000000000        0.0000000000000000     
   103.79999999999963        0.0000000000000000        0.0000000000000000     
   104.39999999999962        0.0000000000000000        0.0000000000000000     
   104.99999999999962        0.0000000000000000        0.0000000000000000     
   105.59999999999961        0.0000000000000000        0.0000000000000000     
   106.19999999999960        0.0000000000000000        0.0000000000000000     
   106.79999999999960        0.0000000000000000        0.0000000000000000     
   107.39999999999959        0.0000000000000000        0.0000000000000000     
   107.99999999999959        0.0000000000000000        0.0000000000000000     
   108.59999999999958        0.0000000000000000        0.0000000000000000     
   109.19999999999958        0.0000000000000000        0.0000000000000000     
   109.79999999999957        0.0000000000000000        0.0000000000000000     
   110.39999999999957        0.0000000000000000        0.0000000000000000     
   110.99999999999956        0.0000000000000000        0.0000000000000000     
   111.59999999999955        0.0000000000000000        0.0000000000000000     
   112.19999999999955        0.0000000000000000        0.0000000000000000     
   112.79999999999954        0.0000000000000000        0.0000000000000000     
   113.39999999999954        0.0000000000000000        0.0000000000000000     
   113.99999999999953        0.0000000000000000        0.0000000000000000     
   114.59999999999953        0.0000000000000000        0.0000000000000000     
   115.19999999999952        0.0000000000000000        0.0000000000000000     
   115.79999999999951        0.0000000000000000        0.0000000000000000     
   116.39999999999951        0.0000000000000000        0.0000000000000000     
   116.99999999999950        0.0000000000000000        0.0000000000000000     
   117.59999999999950        0.0000000000000000        0.0000000000000000     
   118.19999999999949        0.0000000000000000        0.0000000000000000     
   118.79999999999949        0.0000000000000000        0.0000000000000000     
   119.39999999999948        0.0000000000000000        0.0000000000000000     
   119.99999999999947        0.0000000000000000        0.0000000000000000     
   120.59999999999947        0.0000000000000000        0.0000000000000000     
   121.19999999999946        0.0000000000000000        0.0000000000000000     
   121.79999999999946        0.0000000000000000        0.0000000000000000     
   122.39999999999945        0.0000000000000000        0.0000000000000000     
   122.99999999999945        0.0000000000000000        0.0000000000000000     
   123.59999999999944        0.0000000000000000        0.0000000000000000     
   124.19999999999943        0.0000000000000000        0.0000000000000000     
   124.79999999999943        0.0000000000000000        0.0000000000000000     
   125.39999999999942        0.0000000000000000        0.0000000000000000     
   125.99999999999942        0.0000000000000000        0.0000000000000000     
   126.59999999999941        0.0000000000000000        0.0000000000000000     
   127.19999999999941        0.0000000000000000        0.0000000000000000     
   127.79999999999941        0.0000000000000000        0.0000000000000000     
   128.39999999999941        0.0000000000000000        0.0000000000000000     
   128.99999999999940        0.0000000000000000        0.0000000000000000     
   129.59999999999940        0.0000000000000000        0.0000000000000000     
   130.19999999999939        0.0000000000000000        0.0000000000000000     
   130.79999999999939        0.0000000000000000        0.0000000000000000     
   131.39999999999938        0.0000000000000000        0.0000000000000000     
   131.99999999999937        0.0000000000000000        0.0000000000000000     
   132.59999999999937        0.0000000000000000        0.0000000000000000     
   133.19999999999936        0.0000000000000000        0.0000000000000000     
   133.79999999999936        0.0000000000000000        0.0000000000000000     
   134.39999999999935        0.0000000000000000        0.0000000000000000     
   134.99999999999935        0.0000000000000000        0.0000000000000000     
   135.59999999999934        0.0000000000000000        0.0000000000000000     
   136.19999999999933        0.0000000000000000        0.0000000000000000     
   136.79999999999933        0.0000000000000000        0.0000000000000000     
   137.39999999999932        0.0000000000000000        0.0000000000000000     
   137.99999999999932        0.0000000000000000        0.0000000000000000     
   138.59999999999931        0.0000000000000000        0.0000000000000000     
   139.19999999999931        0.0000000000000000        0.0000000000000000     
   139.79999999999930        0.0000000000000000        0.0000000000000000     
   140.39999999999930        0.0000000000000000        0.0000000000000000     
   140.99999999999929        0.0000000000000000        0.0000000000000000     
   141.59999999999928        0.0000000000000000        0.0000000000000000     
   142.19999999999928        0.0000000000000000        0.0000000000000000     
   142.79999999999927        0.0000000000000000        0.0000000000000000     
   143.39999999999927        0.0000000000000000        0.0000000000000000     
   143.99999999999926        0.0000000000000000        0.0000000000000000     
   144.59999999999926        0.0000000000000000        0.0000000000000000     
   145.19999999999925        0.0000000000000000        0.0000000000000000     
   145.79999999999924        0.0000000000000000        0.0000000000000000     
   146.39999999999924        0.0000000000000000        0.0000000000000000     
   146.99999999999923        0.0000000000000000        0.0000000000000000     
   147.59999999999923        0.0000000000000000        0.0000000000000000     
   148.19999999999922        0.0000000000000000        0.0000000000000000     
   148.79999999999922        0.0000000000000000        0.0000000000000000     
   149.39999999999921        0.0000000000000000        0.0000000000000000     
   149.99999999999920        0.0000000000000000        0.0000000000000000     
   150.59999999999920        0.0000000000000000        0.0000000000000000     
   151.19999999999919        0.0000000000000000        0.0000000000000000     
   151.79999999999919        0.0000000000000000        0.0000000000000000     
   152.39999999999918        0.0000000000000000        0.0000000000000000     
   152.99999999999918        0.0000000000000000        0.0000000000000000     
   153.59999999999917        0.0000000000000000        0.0000000000000000     
   154.19999999999916        0.0000000000000000        0.0000000000000000     
   154.79999999999916        0.0000000000000000        0.0000000000000000     
   155.39999999999915        0.0000000000000000        0.0000000000000000     
   155.99999999999915        0.0000000000000000        0.0000000000000000     
   156.59999999999914        0.0000000000000000        0.0000000000000000     
   157.19999999999914        0.0000000000000000        0.0000000000000000     
   157.79999999999913        0.0000000000000000        0.0000000000000000     
   158.39999999999912        0.0000000000000000        0.0000000000000000     
   158.99999999999912        0.0000000000000000        0.0000000000000000     
   159.59999999999911        0.0000000000000000        0.0000000000000000     
   160.19999999999911        0.0000000000000000        0.0000000000000000     
   160.79999999999910        0.0000000000000000        0.0000000000000000     
   161.39999999999910        0.0000000000000000        0.0000000000000000     
   161.99999999999909        0.0000000000000000        0.0000000000000000     
   162.59999999999908        0.0000000000000000        0.0000000000000000     
   163.19999999999908        0.0000000000000000        0.0000000000000000     
   163.79999999999907        0.0000000000000000        0.0000000000000000     
   164.39999999999907        0.0000000000000000        0.0000000000000000     
   164.99999999999906        0.0000000000000000        0.0000000000000000     
   165.59999999999906        0.0000000000000000        0.0000000000000000     
   166.19999999999905        0.0000000000000000        0.0000000000000000     
   166.79999999999905        0.0000000000000000        0.0000000000000000     
   167.39999999999904        0.0000000000000000        0.0000000000000000     
   167.99999999999903        0.0000000000000000        0.0000000000000000     
   168.59999999999903        0.0000000000000000        0.0000000000000000     
   169.19999999999902        0.0000000000000000        0.0000000000000000     
   169.79999999999902        0.0000000000000000        0.0000000000000000     
   170.39999999999901        0.0000000000000000        0.0000000000000000     
   170.99999999999901        0.0000000000000000        0.0000000000000000     
   171.59999999999900        0.0000000000000000        0.0000000000000000     
   172.19999999999899        0.0000000000000000        0.0000000000000000     
   172.79999999999899        0.0000000000000000        0.0000000000000000     
   173.39999999999898        0.0000000000000000        0.0000000000000000     
   173.99999999999898        0.0000000000000000        0.0000000000000000     
   174.59999999999897        0.0000000000000000        0.0000000000000000     
   175.19999999999897        0.0000000000000000        0.0000000000000000     
   175.79999999999896        0.0000000000000000        0.0000000000000000     
   176.39999999999895        0.0000000000000000        0.0000000000000000     
   176.99999999999895        0.0000000000000000        0.0000000000000000     
   177.59999999999894        0.0000000000000000        0.0000000000000000     
   178.19999999999894        0.0000000000000000        0.0000000000000000     
   178.79999999999893        0.0000000000000000        0.0000000000000000     
   179.39999999999893        0.0000000000000000        0.0000000000000000     
