   20.000000000000000        0.0000000000000000        0.0000000000000000     
   20.199999999999999        0.0000000000000000        0.0000000000000000     
   20.399999999999999        0.0000000000000000        0.0000000000000000     
   20.599999999999998        0.0000000000000000        0.0000000000000000     
   20.799999999999997        0.0000000000000000        0.0000000000000000     
   20.999999999999996        0.0000000000000000        0.0000000000000000     
   21.199999999999996        0.0000000000000000        0.0000000000000000     
   21.399999999999995        0.0000000000000000        0.0000000000000000     
   21.599999999999994        0.0000000000000000        0.0000000000000000     
   21.799999999999994        0.0000000000000000        0.0000000000000000     
   21.999999999999993        0.0000000000000000        0.0000000000000000     
   22.199999999999992        0.0000000000000000        0.0000000000000000     
   22.399999999999991        0.0000000000000000        0.0000000000000000     
   22.599999999999991        0.0000000000000000        0.0000000000000000     
   22.799999999999990        0.0000000000000000        0.0000000000000000     
   22.999999999999989        0.0000000000000000        0.0000000000000000     
   23.199999999999989        0.0000000000000000        0.0000000000000000     
   23.399999999999988        0.0000000000000000        0.0000000000000000     
   23.599999999999987        0.0000000000000000        0.0000000000000000     
   23.799999999999986        0.0000000000000000        0.0000000000000000     
   23.999999999999986        0.0000000000000000        0.0000000000000000     
   24.199999999999985        0.0000000000000000        0.0000000000000000     
   24.399999999999984        0.0000000000000000        0.0000000000000000     
   24.599999999999984        0.0000000000000000        0.0000000000000000     
   24.799999999999983        0.0000000000000000        0.0000000000000000     
   24.999999999999982        1.4482550223239810       0.76981465369652846     
   25.199999999999982       0.33383790423605231        1.8321203471318170E-002
   25.399999999999981       0.59036260550457931       0.25416230550537994     
   25.599999999999980       0.34072593148648950        2.1045732545413413E-002
   25.799999999999979       0.37872185026859545        2.9906765897410894E-002
   25.999999999999979       0.34438838138451300        1.6616682035624906E-002
   26.199999999999978       0.51100544958551597       0.10319788621036514     
   26.399999999999977       0.50100905368909110       0.10908925027642452     
   26.599999999999977       0.49642870540586692        9.2228874222880786E-002
   26.799999999999976       0.46527034449667470        7.1721255069461171E-002
   26.999999999999975       0.40343973629689434        2.9132948979852646E-002
   27.199999999999974       0.41223049597975708        4.0558911640104084E-002
   27.399999999999974       0.51668099005709567        7.6593335114211500E-002
   27.599999999999973       0.37080870897347279        1.6958798901869122E-002
   27.799999999999972       0.42461889346016751        5.8549770382392070E-002
   27.999999999999972       0.51901378288613065        8.4240420621170223E-002
   28.199999999999971       0.37077306586932002        2.1001533099325141E-002
   28.399999999999970       0.43366958837301955        3.4128278630789127E-002
   28.599999999999969       0.44710977697926874        3.4672618278804052E-002
   28.799999999999969       0.45846068957564340        5.2728146872306654E-002
   28.999999999999968       0.47291831479033969        6.3986741816153742E-002
   29.199999999999967       0.42569459728086911        2.8236262597117884E-002
   29.399999999999967       0.70625022713074448       0.19638146314446325     
   29.599999999999966       0.44464891081309155        2.8774320623250738E-002
   29.799999999999965       0.59618847913966122       0.11727350864977285     
   29.999999999999964       0.47211878000590729        3.6935745170262525E-002
   30.199999999999964       0.48889263831584207        4.8140303069313287E-002
   30.399999999999963       0.45134449316332115        3.1825461803423521E-002
   30.599999999999962       0.50198057835357968        7.2615893787896374E-002
   30.799999999999962       0.51360611751253338        5.0344443382007970E-002
   30.999999999999961       0.54841754590610559        7.2380968941762949E-002
   31.199999999999960       0.62941705460193109       0.20989002116124431     
   31.399999999999959       0.57200387170469158        6.5287755235148168E-002
   31.599999999999959       0.58437485217806251       0.13050144917508258     
   31.799999999999958       0.39985563390460466        1.2530059385254734E-002
   31.999999999999961       0.55257323656782709        8.1230523524120607E-002
   32.199999999999960       0.54173706277212075        6.2292181982912607E-002
   32.399999999999963       0.58111402722423533        6.5365906408249547E-002
   32.599999999999966       0.47584946185815558        2.9031553973478820E-002
   32.799999999999969       0.66185477485153077       0.11534205795534920     
   32.999999999999972       0.66014782224141022       0.10070203232728711     
   33.199999999999974       0.54570825251368837        8.5564473879031600E-002
   33.399999999999977       0.55188747334477795        5.7666092844040985E-002
   33.599999999999980       0.57519073621916339        7.9037860614641450E-002
   33.799999999999983       0.48607142734688730        3.0286528957617655E-002
   33.999999999999986       0.59546456097683642        6.9576592316452371E-002
   34.199999999999989       0.63452113164912927        7.8372090800077801E-002
   34.399999999999991       0.53756756093113300        4.2419163083274376E-002
   34.599999999999994       0.52969655404522420        3.3119784303298934E-002
   34.799999999999997       0.50656232907630516        2.1034061046737770E-002
   35.000000000000000       0.66178397872374284       0.12181295087156709     
   35.200000000000003       0.59954869094022800        5.1778412886474869E-002
   35.400000000000006       0.64393750870479860        6.3047051465554144E-002
   35.600000000000009        1.2146058074201531       0.42251328675551192     
   35.800000000000011       0.63589840938942654        6.2419529279105532E-002
   36.000000000000014       0.59263446334535419        4.7518121407642624E-002
   36.200000000000017       0.58240241283547156        4.6904854494835294E-002
   36.400000000000020       0.75179282663831548       0.12247503763378861     
   36.600000000000023       0.54745463863369892        2.4944068165396419E-002
   36.800000000000026       0.78613031557923518       0.13972888841346739     
   37.000000000000028       0.65832545961751221        4.5913890728504457E-002
   37.200000000000031       0.55196080958648341        1.9475147827925719E-002
   37.400000000000034       0.74036198798752262       0.12160528042877655     
   37.600000000000037       0.67222154226617037        4.5294500670146086E-002
   37.800000000000040       0.84978226593633555       0.19006667879463915     
   38.000000000000043       0.85730179506850068       0.11705712241059957     
   38.200000000000045       0.71254452612100339        4.7752817493675888E-002
   38.400000000000048       0.60442497727883659        3.1900277751727373E-002
   38.600000000000051       0.70505373779078928        8.0115640919408024E-002
   38.800000000000054       0.75353029903567992        9.9467443277145129E-002
   39.000000000000057       0.66791746025106169        4.0357775990055154E-002
   39.200000000000060        1.0017056263874848       0.19990333645812708     
   39.400000000000063       0.72524984947856197        4.4356149791314331E-002
   39.600000000000065       0.86233869640561256        9.6833004212104667E-002
   39.800000000000068        1.0868052764685112       0.33377704775302125     
   40.000000000000071       0.88243359522462361       0.11003257380271894     
   40.200000000000074       0.81478354134959941        7.6543282414484062E-002
   40.400000000000077       0.84543693853689694        6.3834625036782708E-002
   40.600000000000080       0.85023997480044611       0.11154206762614535     
   40.800000000000082        1.2076605990227647       0.22259337699609669     
   41.000000000000085       0.78328558532008252        7.0925986360923329E-002
   41.200000000000088       0.94221130028625988       0.18165354493846739     
   41.400000000000091        1.0977987655201258       0.23128838999232171     
   41.600000000000094       0.83215835222012424        5.4286502672687899E-002
   41.800000000000097       0.95516465044854137        7.9176295764157134E-002
   42.000000000000099       0.84123425236800697        4.6365445250679385E-002
   42.200000000000102       0.89826387711433953        4.4987730622786049E-002
   42.400000000000105        1.3417026543144686       0.45633737813024505     
   42.600000000000108        1.0303062399323608       0.10777218310185119     
   42.800000000000111        1.0605068444780004        7.8188824848136773E-002
   43.000000000000114       0.94106902517615310        3.7867510447060264E-002
   43.200000000000117        1.7846658294747186       0.47228720839950333     
   43.400000000000119        1.1984837883647543       0.12745244854046589     
   43.600000000000122        1.2045485839505463        5.9411176564485010E-002
   43.800000000000125        1.2356510283891970        7.0271344502267089E-002
   44.000000000000128        1.5113700302758932       0.18236047613105216     
   44.200000000000131        1.3628425234649697        9.5270985107712619E-002
   44.400000000000134        1.9036295846304008       0.45244935472015418     
   44.600000000000136        2.0355548333314033       0.36437806949734680     
   44.800000000000139        2.0769816726877681       0.40747864749088142     
   45.000000000000142        1.6742528415232196        8.6483027906863102E-002
   45.200000000000145        2.5454021393981807       0.51078924982034402     
   45.400000000000148        2.0611969871008085       0.26438133620786108     
   45.600000000000151        1.9348563457703767       0.40071632829341375     
   45.800000000000153        1.5107746846894854       0.36914860486131046     
   46.000000000000156       0.94557480403433380        4.5470386374168580E-002
   46.200000000000159       0.83780072984250376        6.3149288217943828E-002
   46.400000000000162       0.87579393276357409       0.20108436859325482     
   46.600000000000165       0.65656555155598184        9.3514639161409036E-002
   46.800000000000168       0.58389511207240563        6.9374886491486432E-002
   47.000000000000171       0.45194535629848215        3.2401499165690836E-002
   47.200000000000173       0.38744635715947184        2.1512073231123089E-002
   47.400000000000176       0.49546872674091863        9.0665114199436070E-002
   47.600000000000179       0.48381628852130715        8.8906609324732766E-002
   47.800000000000182       0.53718523704423504        9.7508548802283074E-002
   48.000000000000185       0.39499321268492754        6.3124082230942569E-002
   48.200000000000188       0.38049116484185480        3.1085512725755906E-002
   48.400000000000190       0.41010223060950834        5.0682527476435063E-002
   48.600000000000193       0.34430305037091308        2.8523699410611864E-002
   48.800000000000196       0.64114180241304131       0.15967189143396968     
   49.000000000000199       0.35881142337057143        3.0345918105067073E-002
   49.200000000000202       0.50449219542022949        6.4210570255915256E-002
   49.400000000000205       0.59385269193836643       0.13518674410588685     
   49.600000000000207       0.92904137821469457       0.23205846931092181     
   49.800000000000210        1.7522627456847371       0.69007678772627423     
   50.000000000000213        0.0000000000000000        0.0000000000000000     
   50.200000000000216        0.0000000000000000        0.0000000000000000     
   50.400000000000219        0.0000000000000000        0.0000000000000000     
   50.600000000000222        0.0000000000000000        0.0000000000000000     
   50.800000000000225        0.0000000000000000        0.0000000000000000     
   51.000000000000227        0.0000000000000000        0.0000000000000000     
   51.200000000000230        0.0000000000000000        0.0000000000000000     
   51.400000000000233        0.0000000000000000        0.0000000000000000     
   51.600000000000236        0.0000000000000000        0.0000000000000000     
   51.800000000000239        0.0000000000000000        0.0000000000000000     
   52.000000000000242        0.0000000000000000        0.0000000000000000     
   52.200000000000244        0.0000000000000000        0.0000000000000000     
   52.400000000000247        0.0000000000000000        0.0000000000000000     
   52.600000000000250        0.0000000000000000        0.0000000000000000     
   52.800000000000253        0.0000000000000000        0.0000000000000000     
   53.000000000000256        0.0000000000000000        0.0000000000000000     
   53.200000000000259        0.0000000000000000        0.0000000000000000     
   53.400000000000261        0.0000000000000000        0.0000000000000000     
   53.600000000000264        0.0000000000000000        0.0000000000000000     
   53.800000000000267        0.0000000000000000        0.0000000000000000     
   54.000000000000270        0.0000000000000000        0.0000000000000000     
   54.200000000000273        0.0000000000000000        0.0000000000000000     
   54.400000000000276        0.0000000000000000        0.0000000000000000     
   54.600000000000279        0.0000000000000000        0.0000000000000000     
   54.800000000000281        0.0000000000000000        0.0000000000000000     
   55.000000000000284        0.0000000000000000        0.0000000000000000     
   55.200000000000287        0.0000000000000000        0.0000000000000000     
   55.400000000000290        0.0000000000000000        0.0000000000000000     
   55.600000000000293        0.0000000000000000        0.0000000000000000     
   55.800000000000296        0.0000000000000000        0.0000000000000000     
   56.000000000000298        0.0000000000000000        0.0000000000000000     
   56.200000000000301        0.0000000000000000        0.0000000000000000     
   56.400000000000304        0.0000000000000000        0.0000000000000000     
   56.600000000000307        0.0000000000000000        0.0000000000000000     
   56.800000000000310        0.0000000000000000        0.0000000000000000     
   57.000000000000313        0.0000000000000000        0.0000000000000000     
   57.200000000000315        0.0000000000000000        0.0000000000000000     
   57.400000000000318        0.0000000000000000        0.0000000000000000     
   57.600000000000321        0.0000000000000000        0.0000000000000000     
   57.800000000000324        0.0000000000000000        0.0000000000000000     
   58.000000000000327        0.0000000000000000        0.0000000000000000     
   58.200000000000330        0.0000000000000000        0.0000000000000000     
   58.400000000000333        0.0000000000000000        0.0000000000000000     
   58.600000000000335        0.0000000000000000        0.0000000000000000     
   58.800000000000338        0.0000000000000000        0.0000000000000000     
   59.000000000000341        0.0000000000000000        0.0000000000000000     
   59.200000000000344        0.0000000000000000        0.0000000000000000     
   59.400000000000347        0.0000000000000000        0.0000000000000000     
   59.600000000000350        0.0000000000000000        0.0000000000000000     
   59.800000000000352        0.0000000000000000        0.0000000000000000     
