   86.000000000000000        9.6133770567137039E-002   5.0273489701547665E-003
   86.049999999999997        9.5606938014781831E-002   5.1012985639107339E-003
   86.099999999999994        9.1631739000111179E-002   5.0654704214660329E-003
   86.149999999999991        9.5940033927381596E-002   4.4490281735509634E-003
   86.199999999999989        9.5961773440740292E-002   4.4594680843514150E-003
   86.249999999999986       0.10185275974892108        4.4968345308644088E-003
   86.299999999999983       0.10099900518576239        4.7590061074503582E-003
   86.349999999999980       0.10636083310987332        5.4958168433174043E-003
   86.399999999999977       0.10625195649303729        4.9273944230674421E-003
   86.449999999999974       0.10562504893618925        4.6799615314066668E-003
   86.499999999999972       0.10196138195825054        4.2436224893298282E-003
   86.549999999999969       0.11527431617305807        5.3561813717014134E-003
   86.599999999999966       0.12383584002596722        5.3630967510167431E-003
   86.649999999999963       0.11389653017166769        4.9864238294382171E-003
   86.699999999999960       0.12189137055323633        5.1482044552140739E-003
   86.749999999999957       0.12971705170458253        6.3686848000760700E-003
   86.799999999999955       0.13747714090659879        6.6067448906173797E-003
   86.849999999999952       0.13881997188881801        6.9215582611526008E-003
   86.899999999999949       0.13512391159155032        6.3754464289549964E-003
   86.949999999999946       0.13436139524534732        5.0725597898465744E-003
   86.999999999999943       0.14772707486757347        6.3989879779998149E-003
   87.049999999999940       0.14984834660847676        6.5340428332278577E-003
   87.099999999999937       0.15177942934613883        7.0389759965613649E-003
   87.149999999999935       0.16296535189376277        6.7321525927491977E-003
   87.199999999999932       0.17114152989880552        7.9328342924437148E-003
   87.249999999999929       0.15626615192435811        6.0800955217770927E-003
   87.299999999999926       0.17080721555892506        7.1349311665900453E-003
   87.349999999999923       0.17233176203662712        7.0415793747315549E-003
   87.399999999999920       0.17563033095396891        6.5101324292013204E-003
   87.449999999999918       0.17883202172152471        7.0990168001797598E-003
   87.499999999999915       0.18111015550872223        6.0958152715213003E-003
   87.549999999999912       0.19566576792253965        7.3308283283894686E-003
   87.599999999999909       0.20310550160915772        8.2629874821536897E-003
   87.649999999999906       0.21918909856303384        9.6263542939981541E-003
   87.699999999999903       0.21541826323086330        8.1096814615822053E-003
   87.749999999999901       0.22667167628947607        9.4357893381843243E-003
   87.799999999999898       0.22129040495728441        8.4412722204971358E-003
   87.849999999999895       0.23796333976963918        8.5153219308096335E-003
   87.899999999999892       0.22596026684924361        8.0982095761429167E-003
   87.949999999999889       0.26616617170835161        1.0681119365831911E-002
   87.999999999999886       0.25325114111112323        9.6132376976805732E-003
   88.049999999999883       0.27329890256303474        1.0105023368082205E-002
   88.099999999999881       0.27191867182068791        1.0074363918381268E-002
   88.149999999999878       0.27216159278773278        9.1893004407634146E-003
   88.199999999999875       0.29059465093935460        1.0321859791609878E-002
   88.249999999999872       0.30003383637238368        9.9298760262345170E-003
   88.299999999999869       0.31467611033961346        1.0241204654370227E-002
   88.349999999999866       0.31114483870261389        1.0874545499612587E-002
   88.399999999999864       0.33393039511375111        1.1403798674104310E-002
   88.449999999999861       0.33754560533149497        1.0362107267256985E-002
   88.499999999999858       0.36561385133597218        1.2184852675219274E-002
   88.549999999999855       0.35206030241494757        9.8132721324765172E-003
   88.599999999999852       0.37832118759955241        1.1747373744937811E-002
   88.649999999999849       0.38022825614153549        1.0765541877537338E-002
   88.699999999999847       0.40758340630664952        1.2512145506618905E-002
   88.749999999999844       0.41061546379844255        1.1204576703929351E-002
   88.799999999999841       0.43874623456664197        1.2703169363197733E-002
   88.849999999999838       0.46773552568198740        1.3330789296593223E-002
   88.899999999999835       0.48199588942598609        1.3960533894382272E-002
   88.949999999999832       0.49162720151334960        1.3314796986173646E-002
   88.999999999999829       0.47933324480920658        1.2180369762385620E-002
   89.049999999999827       0.53657119103607742        1.3551614060255547E-002
   89.099999999999824       0.56545641958020088        1.4671056155087904E-002
   89.149999999999821       0.58178448745980882        1.4756022224889300E-002
   89.199999999999818       0.58920552784851121        1.4502256240635510E-002
   89.249999999999815       0.63064454542661996        1.6233933494724666E-002
   89.299999999999812       0.68051818299342726        1.7031870124440782E-002
   89.349999999999810       0.66327400108471035        1.5594097977423883E-002
   89.399999999999807       0.72010027271299915        1.6976589608376929E-002
   89.449999999999804       0.71797257617929899        1.5883289711245828E-002
   89.499999999999801       0.77827011000818258        1.8718307294777418E-002
   89.549999999999798       0.80622639818642117        1.8292382866399351E-002
   89.599999999999795       0.83461221730356872        1.7291331768902990E-002
   89.649999999999793       0.87038043393574227        1.8601664623232320E-002
   89.699999999999790       0.89896709324710966        1.9000707251662804E-002
   89.749999999999787       0.95856642648341861        1.9904394650244950E-002
   89.799999999999784       0.98407992375957132        1.9623075504453080E-002
   89.849999999999781        1.0421743472910656        2.0208906319860460E-002
   89.899999999999778        1.1022424774732966        2.1402189079374859E-002
   89.949999999999775        1.1675272309304807        2.2694322354111684E-002
   89.999999999999773        1.1974687297870383        2.1590559490802297E-002
   90.049999999999770        1.2421279289604941        2.1270136568004749E-002
   90.099999999999767        1.3479391890572230        2.5267586187124994E-002
   90.149999999999764        1.3820549747556621        2.4641161014530715E-002
   90.199999999999761        1.4230614571477196        2.4229833955123271E-002
   90.249999999999758        1.4970312287555136        2.5746886288253442E-002
   90.299999999999756        1.5280795444684494        2.4376167042850897E-002
   90.349999999999753        1.6343102017858286        2.6008149156194368E-002
   90.399999999999750        1.7174933808890422        2.7969498481479907E-002
   90.449999999999747        1.7520344825852470        2.6695060090239947E-002
   90.499999999999744        1.8341878255676993        2.7225602029925154E-002
   90.549999999999741        1.9448381555502610        2.9936900898594195E-002
   90.599999999999739        1.9992541992599053        2.9892534361378838E-002
   90.649999999999736        2.0730484383487240        2.9815221907257734E-002
   90.699999999999733        2.1689602420942622        3.2276910577932916E-002
   90.749999999999730        2.1574552924860102        2.9899089581433780E-002
   90.799999999999727        2.2664526263248908        3.0836979361467089E-002
   90.849999999999724        2.3644183864561552        3.2621182609083803E-002
   90.899999999999721        2.4306118014653748        3.3314171109010880E-002
   90.949999999999719        2.5417373505763163        3.5167698636164875E-002
   90.999999999999716        2.4744393685422530        3.2817075096632495E-002
   91.049999999999713        2.6090590053809750        3.5771059074816536E-002
   91.099999999999710        2.5751923184785328        3.3755796677907096E-002
   91.149999999999707        2.6400723038547853        3.4203447423692593E-002
   91.199999999999704        2.6260071080431886        3.4171138229607025E-002
   91.249999999999702        2.6640814160315598        3.4955535950804986E-002
   91.299999999999699        2.6930360040898567        3.5358300223932528E-002
   91.349999999999696        2.6519986583644961        3.4277813223874777E-002
   91.399999999999693        2.6721700235453496        3.4277617643689397E-002
   91.449999999999690        2.6489424638713901        3.5048718538631139E-002
   91.499999999999687        2.5803986341863254        3.2985533868959596E-002
   91.549999999999685        2.5903261296387767        3.4075864033457685E-002
   91.599999999999682        2.5188251410071376        3.2518916537371510E-002
   91.649999999999679        2.5607439781842602        3.4687387441285050E-002
   91.699999999999676        2.4353064602809900        3.2187944378592161E-002
   91.749999999999673        2.3765229740133944        3.1550333715607656E-002
   91.799999999999670        2.3845114558820000        3.2507795131571753E-002
   91.849999999999667        2.3106562825640462        3.2646381106079064E-002
   91.899999999999665        2.2207356862981218        2.9589958584597561E-002
   91.949999999999662        2.1545209656727753        2.9863035061066391E-002
   91.999999999999659        2.0537726575113568        2.8554052919753263E-002
   92.049999999999656        2.0612410443839093        2.9603828961421705E-002
   92.099999999999653        1.9260811596405332        2.7895855744419568E-002
   92.149999999999650        1.8874007023604953        2.7815768910869725E-002
   92.199999999999648        1.8573499255696193        2.9004829072529919E-002
   92.249999999999645        1.7736709004077009        2.6562741966155400E-002
   92.299999999999642        1.7485069867469667        2.8019754379879174E-002
   92.349999999999639        1.6723838731044895        2.6038591226507132E-002
   92.399999999999636        1.6027650843031764        2.4650529502399151E-002
   92.449999999999633        1.5476694832850186        2.4394337624538014E-002
   92.499999999999631        1.5027464867557709        2.5486893219328739E-002
   92.549999999999628        1.4017556570258194        2.3166110310798953E-002
   92.599999999999625        1.4128923691942019        2.3921575291837190E-002
   92.649999999999622        1.3540366330966160        2.3259004198380145E-002
   92.699999999999619        1.2995629800451982        2.2137839525198034E-002
   92.749999999999616        1.2640848649546681        2.3133304929311056E-002
   92.799999999999613        1.2166046623575437        2.1569444646385379E-002
   92.849999999999611        1.1838072250537146        2.1684323331073070E-002
   92.899999999999608        1.1606212088506371        2.1583092400797727E-002
   92.949999999999605        1.1016334249488309        2.0313742903127690E-002
   92.999999999999602        1.0673219376477499        2.1002476509764056E-002
   93.049999999999599        1.0754386419811350        2.0841403926178705E-002
   93.099999999999596       0.99657039600247010        1.9016600792840739E-002
   93.149999999999594        1.0125487178832857        2.0478341764600571E-002
   93.199999999999591       0.97810251089080658        1.8585694750700075E-002
   93.249999999999588       0.93643279300646631        1.8577047156167519E-002
   93.299999999999585       0.91209704584976192        1.7712059579335346E-002
   93.349999999999582       0.89321248510067286        1.8523040567341775E-002
   93.399999999999579       0.86350740490765310        1.7664663609348701E-002
   93.449999999999577       0.84370217034303097        1.8042734006700444E-002
   93.499999999999574       0.82942098239067175        1.7021242803842700E-002
   93.549999999999571       0.78114707827785512        1.6618279364668354E-002
   93.599999999999568       0.77189611833376004        1.6660223452750259E-002
   93.649999999999565       0.72325508793964743        1.4378857248697221E-002
   93.699999999999562       0.72611162971286058        1.5950534885905889E-002
   93.749999999999559       0.69819004633522985        1.4783201177977110E-002
   93.799999999999557       0.69301155744924037        1.4145628745687564E-002
   93.849999999999554       0.67006842930775812        1.4219728234955703E-002
   93.899999999999551       0.64459210598703920        1.3817040131915852E-002
   93.949999999999548       0.63862495119318108        1.4430861504405906E-002
   93.999999999999545       0.62445850328254393        1.3882919662179088E-002
   94.049999999999542       0.63726824813581828        1.4241695704343412E-002
   94.099999999999540       0.60231082660522506        1.3104883253731020E-002
   94.149999999999537       0.56676934273067769        1.2265170408030018E-002
   94.199999999999534       0.55861296630610791        1.2393212406157605E-002
   94.249999999999531       0.53072869184798577        1.0881926237287362E-002
   94.299999999999528       0.53854593686709318        1.1605844431684499E-002
   94.349999999999525       0.56218915825750293        1.3482515491796607E-002
   94.399999999999523       0.56534756431457445        1.3342936388681561E-002
   94.449999999999520       0.52531596271870407        1.2103136586452823E-002
   94.499999999999517       0.49634545050873241        1.1195315251143563E-002
   94.549999999999514       0.50523835597679501        1.1450707954450672E-002
   94.599999999999511       0.50032712306458704        1.1859069027691790E-002
   94.649999999999508       0.48962203823651551        1.1223124165384870E-002
   94.699999999999505       0.47656851144541079        1.1314368013774678E-002
   94.749999999999503       0.48168539759627715        1.1179790304790396E-002
   94.799999999999500       0.46525607909148703        1.1090310111616280E-002
   94.849999999999497       0.46897474425319430        1.0897039054962214E-002
   94.899999999999494       0.45287588670264378        1.0650229678724185E-002
   94.949999999999491       0.46131433908461406        1.0997782371018002E-002
   94.999999999999488       0.41980179251949468        9.1898823566666614E-003
   95.049999999999486       0.43605965802445074        1.0226599563132868E-002
   95.099999999999483       0.42244758259862447        9.7810386049062698E-003
   95.149999999999480       0.41221208254966968        8.7754127072070254E-003
   95.199999999999477       0.39009934469675067        9.0342762657965453E-003
   95.249999999999474       0.39673984415849367        8.9302801261511282E-003
   95.299999999999471       0.38883602044524440        8.7121223737091948E-003
   95.349999999999469       0.38301201577773314        8.5771742292131813E-003
   95.399999999999466       0.40718100147190439        9.5885465694580414E-003
   95.449999999999463       0.38012455425406416        8.3532035814382934E-003
   95.499999999999460       0.37008331095308367        8.2701012142312371E-003
   95.549999999999457       0.38732191735716082        9.0366354545967850E-003
   95.599999999999454       0.38159303556888807        9.0731630818537655E-003
   95.649999999999451       0.36125179612298247        8.2316499318267882E-003
   95.699999999999449       0.37144401354551315        8.8655401316869078E-003
   95.749999999999446       0.37298412944855525        8.5174165665957095E-003
   95.799999999999443       0.35630205229600592        7.6154561498990156E-003
   95.849999999999440       0.35454653598685887        7.8583069783546115E-003
   95.899999999999437       0.35607109993198449        8.0591799886886011E-003
   95.949999999999434       0.33866006449022601        7.3563489102858783E-003
