   80.000000000000000        1.7431015899360660E-002   8.3407422714807799E-004
   80.079999999999998        1.8140343594107943E-002   1.2852553489298315E-003
   80.159999999999997        2.6108657286420370E-002   7.9725581166900632E-003
   80.239999999999995        2.0620371946898523E-002   2.0126526893669999E-003
   80.319999999999993        1.9478641267213090E-002   1.4238453666821100E-003
   80.399999999999991        2.0532219362869347E-002   1.4346929003283349E-003
   80.479999999999990        2.3951036626650300E-002   2.6646917950619324E-003
   80.559999999999988        2.2594712204569111E-002   1.9584706484438853E-003
   80.639999999999986        2.5296445405072924E-002   3.8362308534426221E-003
   80.719999999999985        2.0597404877560864E-002   1.6660526366579121E-003
   80.799999999999983        3.4333346392729551E-002   7.7699558703537754E-003
   80.879999999999981        3.2062696959063115E-002   5.4642786570410556E-003
   80.959999999999980        2.2502867416551997E-002   1.6567963889305753E-003
   81.039999999999978        2.3490162814318771E-002   1.7726234582722813E-003
   81.119999999999976        2.3159110774734561E-002   1.7968387624964866E-003
   81.199999999999974        2.5441552008038795E-002   2.6515007694902643E-003
   81.279999999999973        5.3891064007670068E-002   2.4276501547633698E-002
   81.359999999999971        3.8023146396245190E-002   1.3212833800181300E-002
   81.439999999999969        3.0779545481740372E-002   3.9585724861556752E-003
   81.519999999999968        2.9205956473613882E-002   3.6948736426864028E-003
   81.599999999999966        2.8775620311303395E-002   3.7227462043749088E-003
   81.679999999999964        5.8940350209059779E-002   2.9257320600784009E-002
   81.759999999999962        4.1149685053157282E-002   7.0132126109913448E-003
   81.839999999999961        3.1452636524750333E-002   2.4453357521652197E-003
   81.919999999999959        3.1787306301567085E-002   4.8784609295381585E-003
   81.999999999999957        4.8386754165732841E-002   1.5409595723122081E-002
   82.079999999999956        8.9688601694657727E-002   5.3303457039915354E-002
   82.159999999999954        3.2646412818730153E-002   2.1680753420941549E-003
   82.239999999999952        2.6852337203719483E-002   1.1770645122637681E-003
   82.319999999999951        3.6044913481696118E-002   2.8103359001733388E-003
   82.399999999999949        3.6215199980438262E-002   3.3304359739320011E-003
   82.479999999999947        3.5327307366771261E-002   3.2030618976835699E-003
   82.559999999999945        3.2984893301246765E-002   2.4135196455096816E-003
   82.639999999999944        7.5173446946376801E-002   2.1018151689961642E-002
   82.719999999999942        4.2986674246300996E-002   4.8390579485430782E-003
   82.799999999999940        4.1875117483971949E-002   4.1563770162700193E-003
   82.879999999999939        3.7743886409717584E-002   2.4877130757237327E-003
   82.959999999999937        4.7331920119297134E-002   6.6844147805593694E-003
   83.039999999999935        5.6185372500603445E-002   9.3927292613896519E-003
   83.119999999999933        4.9479506254997974E-002   1.0435768620339795E-002
   83.199999999999932        9.7552498122032691E-002   4.6259238589967965E-002
   83.279999999999930        4.0316148737780305E-002   2.1071996635382735E-003
   83.359999999999928        8.1901564531333973E-002   2.7699424176812194E-002
   83.439999999999927        5.2737918289156679E-002   5.0936840049807261E-003
   83.519999999999925        5.1937823907266943E-002   5.3900709818121874E-003
   83.599999999999923        4.5889760623132728E-002   2.4861209456715416E-003
   83.679999999999922        6.7680931316836196E-002   1.4733877571229069E-002
   83.759999999999920        5.2270991667414099E-002   4.0940977245448344E-003
   83.839999999999918        5.5066494640700590E-002   3.8640581887867185E-003
   83.919999999999916        5.7509505973304703E-002   3.8768646835905135E-003
   83.999999999999915        5.9162381919630726E-002   4.9462190496888155E-003
   84.079999999999913        5.8041140720477259E-002   4.4530241465469498E-003
   84.159999999999911        7.6649678195008064E-002   1.8681863696971342E-002
   84.239999999999910        6.3898152154048052E-002   8.4124882422376493E-003
   84.319999999999908        6.7021327689816973E-002   4.1980683350644980E-003
   84.399999999999906        8.3252631882180961E-002   1.0211575601851800E-002
   84.479999999999905        8.2280661878731468E-002   1.4664962408584425E-002
   84.559999999999903        7.7757226460783119E-002   1.0043521491190321E-002
   84.639999999999901        8.8461981799882433E-002   1.1477204122252218E-002
   84.719999999999899        7.0997305996970128E-002   9.0117415332321062E-003
   84.799999999999898        8.6792066187215869E-002   1.2461216987030179E-002
   84.879999999999896        8.3166411689709244E-002   5.4264338864017259E-003
   84.959999999999894       0.10609187322828477        2.7584006601859855E-002
   85.039999999999893       0.22945818879488594       0.12695051337100557     
   85.119999999999891       0.17134892345689562        8.0779960997453215E-002
   85.199999999999889        8.7252393260803709E-002   5.9219085667450953E-003
   85.279999999999887       0.10017348962303495        7.6524165096397007E-003
   85.359999999999886       0.10288330355330150        7.2766891440867384E-003
   85.439999999999884        8.3621498661582389E-002   3.9440497825909233E-003
   85.519999999999882       0.11133625909212658        1.7695953273466840E-002
   85.599999999999881       0.13734766391902900        2.5157273628003921E-002
   85.679999999999879       0.12870518073577353        1.6482817631250774E-002
   85.759999999999877       0.13572107571284622        2.2469871088693395E-002
   85.839999999999876       0.14694175246320007        3.1877959956910104E-002
   85.919999999999874       0.41143764099209662       0.19283520614450250     
   85.999999999999872       0.22098334731067504        5.4733160416742137E-002
   86.079999999999870       0.11770048334720688        4.3970139464990744E-003
   86.159999999999869       0.14035513836382113        1.3694140554510728E-002
   86.239999999999867       0.17605207143193571        2.3324978399916287E-002
   86.319999999999865       0.26943617421942478        9.7366275152582768E-002
   86.399999999999864       0.14140926658244810        1.0945296889413406E-002
   86.479999999999862       0.16292462764890234        1.1294579053232652E-002
   86.559999999999860       0.29253698425929103        7.4219414697819328E-002
   86.639999999999858       0.20981440450836444        2.1557919319870542E-002
   86.719999999999857       0.22708389499224388        5.9688667526553094E-002
   86.799999999999855       0.32326415535393555        8.0864708481359696E-002
   86.879999999999853       0.21762508898218891        1.9372287306323212E-002
   86.959999999999852       0.26015835993028186        3.5515479785834865E-002
   87.039999999999850       0.21201395809649659        1.8294717918033918E-002
   87.119999999999848       0.21657526167217578        1.2904928235320934E-002
   87.199999999999847       0.26099787966019594        3.0524198477174032E-002
   87.279999999999845       0.30374928116036193        5.5344024623209517E-002
   87.359999999999843       0.24492704721403910        1.7317999606926159E-002
   87.439999999999841       0.28550532360569203        2.4713661036683945E-002
   87.519999999999840       0.31571615732221470        3.6672298934374334E-002
   87.599999999999838       0.40606823204815312        7.1653088883837215E-002
   87.679999999999836       0.33409725073660146        3.5163977286142262E-002
   87.759999999999835       0.38614704712330850        3.6059336655835973E-002
   87.839999999999833       0.75700875497115061       0.41379902856169981     
   87.919999999999831       0.82161678268497773       0.33272562007175588     
   87.999999999999829       0.51979105307989693       0.10585805413590169     
   88.079999999999828       0.37543770183051778        1.6371943183429365E-002
   88.159999999999826       0.54953380865013712       0.11620397980877273     
   88.239999999999824       0.52191174693653175        8.0183531357217577E-002
   88.319999999999823       0.74345596212623355       0.18988936510847329     
   88.399999999999821       0.67806707571974978       0.14524057555853032     
   88.479999999999819        1.1176252682782222       0.52452370822406624     
   88.559999999999818       0.86201823165098046       0.23075158819318953     
   88.639999999999816       0.56250401217254931        2.1396181080909044E-002
   88.719999999999814       0.59705660377362435        3.1083499321001965E-002
   88.799999999999812       0.88953560733014481       0.12273540081881099     
   88.879999999999811       0.74698710080685715        5.9991346629494451E-002
   88.959999999999809        1.0022807345711695       0.15408590529175969     
   89.039999999999807       0.88030539507577210        5.6815552441670913E-002
   89.119999999999806       0.96234741029953952        7.8141839684171849E-002
   89.199999999999804        2.2196162023850521        1.2759936393141045     
   89.279999999999802        1.2098405133367014       0.13104895849193732     
   89.359999999999800        1.0126139735455646        5.0072884716624286E-002
   89.439999999999799        1.4118017703581922       0.18568623124739228     
   89.519999999999797        1.4122112279400323       0.13758270954769933     
   89.599999999999795        1.4547098382715860        8.8112289358877424E-002
   89.679999999999794        1.7673666996421544       0.14808947529238403     
   89.759999999999792        1.5666748458562703        8.6243867166775498E-002
   89.839999999999790        1.7763201504188229        9.2116932894833956E-002
   89.919999999999789        1.9315808958526537       0.12121827298290505     
   89.999999999999787        2.2324856603941194       0.18812009203996208     
   90.079999999999785        2.1369752855612405       0.10099651093478622     
   90.159999999999783        2.6460238601846138       0.17301276291992781     
   90.239999999999782        2.4515959469077413       0.12525564884480556     
   90.319999999999780        2.7744655373740397       0.15579608632049596     
   90.399999999999778        3.0750794462281665       0.23320840784264904     
   90.479999999999777        3.7294986917255262       0.37621728290949352     
   90.559999999999775        3.7165190943191448       0.53170429956905108     
   90.639999999999773        3.4209554856716182       0.14561172676993223     
   90.719999999999771        3.6586048632735744       0.19119657271536486     
   90.799999999999770        4.7350805607507258       0.59033165866979531     
   90.879999999999768        4.1937804889328136       0.30064422548659875     
   90.959999999999766        4.4658321850950005       0.59220955829013378     
   91.039999999999765        4.6412035292901441       0.42632465846950035     
   91.119999999999763        4.5838870773154889       0.62986671709473530     
   91.199999999999761        5.2392680624647978       0.55073490916134149     
   91.279999999999760        4.9229285432334047       0.85543166936217407     
   91.359999999999758        4.4521340902668589       0.26925900129184416     
   91.439999999999756        4.8958174472611127       0.41323318999130915     
   91.519999999999754        4.7099341265589283       0.50844509085521061     
   91.599999999999753        4.7414444348588658       0.70490202143881875     
   91.679999999999751        3.7072417715535639       0.17747060703694054     
   91.759999999999749        4.3758252980212760       0.53355538622368326     
   91.839999999999748        3.3254084802268520       0.13762591943198854     
   91.919999999999746        3.3853771594633169       0.23603463708968764     
   91.999999999999744        3.6110972702393154       0.39858707086522716     
   92.079999999999742        3.5039705397008079       0.30627663848787712     
   92.159999999999741        3.8680129932970937       0.52255303523124375     
   92.239999999999739        2.5400577206284058        8.4791506636952382E-002
   92.319999999999737        2.7303942600474129       0.19924833740233541     
   92.399999999999736        2.9395893215585787       0.57668873411597676     
   92.479999999999734        4.0899005699229978        1.9234375930034475     
   92.559999999999732        3.1282421589206995        1.1391607216673523     
   92.639999999999731        2.0166096052795632        9.5589241730704377E-002
   92.719999999999729        3.5951644724182161        1.3277936801862757     
   92.799999999999727        2.0877396857307731       0.20604717288825830     
   92.879999999999725        2.1314822007744256       0.27822709774814591     
   92.959999999999724        1.6023433091319386        7.9067220582533820E-002
   93.039999999999722        1.4909105655289461        5.7850053287421127E-002
   93.119999999999720        2.5082470226911528        1.0854132395208282     
   93.199999999999719        1.4728198999232975       0.11452990045439744     
   93.279999999999717        1.4426247339106788       0.11833961284031067     
   93.359999999999715        1.7372123532431525       0.19704421614114875     
   93.439999999999714        1.4573403857879343       0.24409004084376323     
   93.519999999999712        1.1250210986810583        6.1764836323841013E-002
   93.599999999999710        1.2484054188872487       0.12888677467462806     
   93.679999999999708        1.1839808913729606        8.9906490317317150E-002
   93.759999999999707        1.0647834340004558        5.8979880181768918E-002
   93.839999999999705        1.1656032595600161       0.23268703692126566     
   93.919999999999703        1.0494763633664461        8.9995708995516746E-002
   93.999999999999702       0.98231422557748405        8.4617433169199910E-002
   94.079999999999700        1.1512868178789233       0.32968791398728897     
   94.159999999999698        1.9348852309749593        1.0495338990292364     
   94.239999999999696       0.84173127159024252        4.6643398642982122E-002
   94.319999999999695       0.89702196056793881        7.4156366236162480E-002
   94.399999999999693       0.90957563323196267       0.12617042688312116     
   94.479999999999691       0.88711442684881436       0.10747602798934532     
   94.559999999999690        1.0103928643404494       0.15894512847241535     
   94.639999999999688       0.84704428676804633        8.3817897817289613E-002
   94.719999999999686       0.75954963503684914        6.8331980924909996E-002
   94.799999999999685       0.88774795649999794       0.18087768163013415     
   94.879999999999683       0.67845950001640731        6.7711162973532746E-002
   94.959999999999681       0.74721799281793433        7.0901861369956617E-002
   95.039999999999679       0.77437582904709723       0.14502970780518704     
   95.119999999999678       0.71164401031813895        6.7066265950052703E-002
   95.199999999999676       0.66319512045844131        9.4926122670424079E-002
   95.279999999999674       0.68497230108981400        6.2863640955069036E-002
   95.359999999999673       0.66975553025437029        9.8877191616141544E-002
   95.439999999999671       0.55371779739850135        4.5085965260310647E-002
   95.519999999999669       0.68793434516710239        8.1636941689266371E-002
   95.599999999999667       0.74749540199064812       0.10090484535158568     
   95.679999999999666       0.54232194386941213        3.3522370856819569E-002
   95.759999999999664       0.62191942625995944       0.10144024931349752     
   95.839999999999662       0.90495286591979851       0.15525244151604822     
   95.919999999999661       0.81326398455207916       0.22110517032793922     
