  -2.0000000000000000        0.0000000000000000        0.0000000000000000     
  -1.9800000000000000        0.0000000000000000        0.0000000000000000     
  -1.9600000000000000        0.0000000000000000        0.0000000000000000     
  -1.9399999999999999        0.0000000000000000        0.0000000000000000     
  -1.9199999999999999        0.0000000000000000        0.0000000000000000     
  -1.8999999999999999        0.0000000000000000        0.0000000000000000     
  -1.8799999999999999        0.0000000000000000        0.0000000000000000     
  -1.8599999999999999        0.0000000000000000        0.0000000000000000     
  -1.8399999999999999        0.0000000000000000        0.0000000000000000     
  -1.8199999999999998        0.0000000000000000        0.0000000000000000     
  -1.7999999999999998        0.0000000000000000        0.0000000000000000     
  -1.7799999999999998        0.0000000000000000        0.0000000000000000     
  -1.7599999999999998        0.0000000000000000        0.0000000000000000     
  -1.7399999999999998        0.0000000000000000        0.0000000000000000     
  -1.7199999999999998        0.0000000000000000        0.0000000000000000     
  -1.6999999999999997        0.0000000000000000        0.0000000000000000     
  -1.6799999999999997        0.0000000000000000        0.0000000000000000     
  -1.6599999999999997        0.0000000000000000        0.0000000000000000     
  -1.6399999999999997        0.0000000000000000        0.0000000000000000     
  -1.6199999999999997        0.0000000000000000        0.0000000000000000     
  -1.5999999999999996        0.0000000000000000        0.0000000000000000     
  -1.5799999999999996        0.0000000000000000        0.0000000000000000     
  -1.5599999999999996        0.0000000000000000        0.0000000000000000     
  -1.5399999999999996        0.0000000000000000        0.0000000000000000     
  -1.5199999999999996        0.0000000000000000        0.0000000000000000     
  -1.4999999999999996        0.0000000000000000        0.0000000000000000     
  -1.4799999999999995        0.0000000000000000        0.0000000000000000     
  -1.4599999999999995        0.0000000000000000        0.0000000000000000     
  -1.4399999999999995        0.0000000000000000        0.0000000000000000     
  -1.4199999999999995        0.0000000000000000        0.0000000000000000     
  -1.3999999999999995        0.0000000000000000        0.0000000000000000     
  -1.3799999999999994        0.0000000000000000        0.0000000000000000     
  -1.3599999999999994        0.0000000000000000        0.0000000000000000     
  -1.3399999999999994        0.0000000000000000        0.0000000000000000     
  -1.3199999999999994       0.86856715919764060       0.36135912163688594     
  -1.2999999999999994        5.3237149712344634        2.8497149800659436     
  -1.2799999999999994        2.4411782958653592       0.20168526053096653     
  -1.2599999999999993        3.8163566952630736       0.44205190664823540     
  -1.2399999999999993        3.5300551405491154       0.27863062560572033     
  -1.2199999999999993        4.1148712493328468       0.47658432583863997     
  -1.1999999999999993        5.5372551149058724        1.0724064500672921     
  -1.1799999999999993        4.3560642095652282       0.28476851579298912     
  -1.1599999999999993        12.299666890062332        7.6880021368708267     
  -1.1399999999999992        5.7231345024062650       0.79543556841405205     
  -1.1199999999999992        6.1141504688675399       0.52881047791533942     
  -1.0999999999999992        6.4961420649188026       0.46859021163395537     
  -1.0799999999999992        7.9032691258078049        1.2668452658696452     
  -1.0599999999999992        7.3035449074037375       0.61857733128889625     
  -1.0399999999999991        6.4492898390784443       0.32618357638350337     
  -1.0199999999999991        7.3012596387075135       0.47028368805311593     
 -0.99999999999999911        9.7896557673637989        2.4565039019549197     
 -0.97999999999999909        9.8789388781763083        1.1543791277812747     
 -0.95999999999999908        7.5837010455285663       0.43094279334236207     
 -0.93999999999999906        7.5345865518727546       0.60651073140875944     
 -0.91999999999999904        9.4305483772049303        1.3881556654650165     
 -0.89999999999999902        8.0585097157804313       0.54132874201768144     
 -0.87999999999999901        9.3936988243510164       0.79903281893944111     
 -0.85999999999999899        8.3341994952504841       0.55417507412797895     
 -0.83999999999999897        13.103590447314934        4.5810130232876869     
 -0.81999999999999895        9.2231639144931759       0.58426583923826292     
 -0.79999999999999893        8.8904926849512638       0.48534446647549934     
 -0.77999999999999892        14.921925681443348        2.3375492884105893     
 -0.75999999999999890        10.210013494742901        1.3947647669798358     
 -0.73999999999999888        9.2172104447839356       0.49655209668318467     
 -0.71999999999999886        10.315342466656586       0.69254281430468090     
 -0.69999999999999885        11.060887007783760        1.1356189488843111     
 -0.67999999999999883        11.239521593127543        1.1701327374339856     
 -0.65999999999999881        15.534760120779566        3.0668360161749550     
 -0.63999999999999879        11.612320764308024       0.97076903986063023     
 -0.61999999999999877        9.9045684193015386       0.94726977042630545     
 -0.59999999999999876        10.607558497897976       0.83201473227283185     
 -0.57999999999999874        10.331443432503157       0.79895248365919169     
 -0.55999999999999872        16.819045030655076        4.8482485461631599     
 -0.53999999999999870        12.555339872033198        1.6562342616263239     
 -0.51999999999999869        10.904611938045848       0.91033065535324353     
 -0.49999999999999867        14.459592894509617        2.3566905621503862     
 -0.47999999999999865        10.799985988910690        1.0473472533762016     
 -0.45999999999999863        14.751336388674071        4.3679696977642610     
 -0.43999999999999861        14.127491363280564        2.8866063623868747     
 -0.41999999999999860        10.371897845567716       0.49277256913858064     
 -0.39999999999999858        9.6811987246812503       0.38825174492935743     
 -0.37999999999999856        13.002786041549880        2.0141912157859139     
 -0.35999999999999854        11.439089864366828       0.89824745437449660     
 -0.33999999999999853        11.294220618435940       0.76411148806226770     
 -0.31999999999999851        11.051793602166898        1.0104332104616556     
 -0.29999999999999849        10.481468401290957       0.75932653350840584     
 -0.27999999999999847        11.739416867719999        1.5715609760531217     
 -0.25999999999999845        10.646621524359942       0.70983102372444173     
 -0.23999999999999846        10.965316260787111       0.79959197499633616     
 -0.21999999999999847        11.828391521205258        1.2605607471078883     
 -0.19999999999999848        8.9821705199090776       0.33575045558913053     
 -0.17999999999999849        17.565530544989777        5.4355052810158959     
 -0.15999999999999850        10.091511407175235       0.76622896210523861     
 -0.13999999999999851        17.815989722029560        4.6320462875025274     
 -0.11999999999999851        12.445563731843782        1.6785864114886977     
  -9.9999999999998507E-002   9.6574316309325177       0.59979468939632108     
  -7.9999999999998503E-002   22.436086155181506        7.4293971997829678     
  -5.9999999999998499E-002   10.424419519841742       0.83619387305415083     
  -3.9999999999998495E-002   12.462147503879606        2.5703183217402792     
  -1.9999999999998495E-002   9.2321956226591606       0.60795245175510826     
   1.5057399771478686E-015   9.8418435929521006        1.0316035224502658     
   2.0000000000001506E-002   14.000440980060553        2.9028462483505564     
   4.0000000000001507E-002   9.1465482830106470       0.48797166358122268     
   6.0000000000001510E-002   12.184346620377656        1.6917715695002582     
   8.0000000000001514E-002   9.0805855324419049       0.66575792256821920     
  0.10000000000000152        9.5454287781463822       0.91984003831841654     
  0.12000000000000151        8.8750345550970309       0.55652079730130510     
  0.14000000000000151        9.1340566686024864       0.55736459797169213     
  0.16000000000000150        13.423151814349266        4.2482135378905177     
  0.18000000000000149        9.0691198384936769       0.60253691667420184     
  0.20000000000000148        9.6747630851893955        1.2256841786318455     
  0.22000000000000147        8.2675445461099901       0.46361698231995102     
  0.24000000000000146        8.8466870367740977       0.91246224007128596     
  0.26000000000000145        10.769922227221548        2.2644884311640197     
  0.28000000000000147        14.434044589754830        3.5862409360689718     
  0.30000000000000149        9.6596190752883455        1.2520456113451297     
  0.32000000000000151        7.9553321330281177       0.52285425213059167     
  0.34000000000000152        12.934760969934633        5.1961133298914097     
  0.36000000000000154        10.489257865822744        2.3511471538644058     
  0.38000000000000156        10.117033318930476        2.2886423954719302     
  0.40000000000000158        8.6552306540424393        1.2254474740867405     
  0.42000000000000159        8.1407213777137475       0.96659188741299762     
  0.44000000000000161        11.512828258577775        4.5553092486590359     
  0.46000000000000163        9.6754636606688624        1.4916319091829100     
  0.48000000000000165        8.2027716109471136       0.68420863981954716     
  0.50000000000000167        6.4995946914002802       0.26125317578733587     
  0.52000000000000168        7.1418644734994210       0.42260706623347577     
  0.54000000000000170        7.4814566459545855       0.53266343388180459     
  0.56000000000000172        8.2379578538445966        1.1318581620029280     
  0.58000000000000174        7.5767446602645965       0.53478100282502361     
  0.60000000000000175        7.1755337416058174       0.63905073174143023     
  0.62000000000000177        8.8011635976009881        1.5683086496195646     
  0.64000000000000179        7.3633092411268031       0.85126365203707399     
  0.66000000000000181        11.475253970494578        3.8342822605529578     
  0.68000000000000183        6.3407787142875458       0.66360997538130706     
  0.70000000000000184        6.2511024675732125       0.40797184168942702     
  0.72000000000000186        6.4628119610343777       0.59334257593326156     
  0.74000000000000188        7.0289269119581377       0.92688876850878366     
  0.76000000000000190        5.6861783720601586       0.28161774447462701     
  0.78000000000000191        6.3850530901183156       0.72027417697351470     
  0.80000000000000193        6.2169350187905277       0.86259575826914059     
  0.82000000000000195        7.3908105808829490        1.2260471949129530     
  0.84000000000000197        5.3630297515532215       0.29429784658082231     
  0.86000000000000199        5.5149171598550124       0.53013112667500206     
  0.88000000000000200        9.0614733989934617        1.7830491212774482     
  0.90000000000000202        4.9048517058234387       0.21382465517871654     
  0.92000000000000204        5.0112068590413799       0.43045897795210575     
  0.94000000000000206        6.7331157801596060        1.2066506159566404     
  0.96000000000000207        5.5727468976735626        1.1306142358566666     
  0.98000000000000198        5.1799105912460162       0.72956757700796371     
   1.0000000000000020        7.1074187805161868        1.6667852837191144     
   1.0200000000000020        5.7636878252389012       0.95599950712600534     
   1.0400000000000020        5.0415423980889411       0.55744408815241708     
   1.0600000000000021        4.1108980941825717       0.21649415159624721     
   1.0800000000000021        8.3666866281140351        2.4871199106025093     
   1.1000000000000021        4.0506577806126804       0.49628461609671459     
   1.1200000000000021        3.2209594503717542       0.17331847145300158     
   1.1400000000000021        3.3471174670748125       0.33428270432305474     
   1.1600000000000021        2.8526944404477037       0.45294721786669628     
   1.1800000000000022        2.4093114328006386       0.17936999972034889     
   1.2000000000000022        2.5829770167890080       0.29313847147154776     
   1.2200000000000022        1.9015281127429375       0.15933885514149287     
   1.2400000000000022        3.1083891305262465       0.90783712281301332     
   1.2600000000000022        1.6480073495931649       0.11070001540250657     
   1.2800000000000022        1.6807800378751465       0.44054781249343139     
   1.3000000000000023        4.5458027338390838        4.1162481051847664     
   1.3200000000000023        0.0000000000000000        0.0000000000000000     
   1.3400000000000023        0.0000000000000000        0.0000000000000000     
   1.3600000000000023        0.0000000000000000        0.0000000000000000     
   1.3800000000000023        0.0000000000000000        0.0000000000000000     
   1.4000000000000024        0.0000000000000000        0.0000000000000000     
   1.4200000000000024        0.0000000000000000        0.0000000000000000     
   1.4400000000000024        0.0000000000000000        0.0000000000000000     
   1.4600000000000024        0.0000000000000000        0.0000000000000000     
   1.4800000000000024        0.0000000000000000        0.0000000000000000     
   1.5000000000000024        0.0000000000000000        0.0000000000000000     
   1.5200000000000025        0.0000000000000000        0.0000000000000000     
   1.5400000000000025        0.0000000000000000        0.0000000000000000     
   1.5600000000000025        0.0000000000000000        0.0000000000000000     
   1.5800000000000025        0.0000000000000000        0.0000000000000000     
   1.6000000000000025        0.0000000000000000        0.0000000000000000     
   1.6200000000000025        0.0000000000000000        0.0000000000000000     
   1.6400000000000026        0.0000000000000000        0.0000000000000000     
   1.6600000000000026        0.0000000000000000        0.0000000000000000     
   1.6800000000000026        0.0000000000000000        0.0000000000000000     
   1.7000000000000026        0.0000000000000000        0.0000000000000000     
   1.7200000000000026        0.0000000000000000        0.0000000000000000     
   1.7400000000000027        0.0000000000000000        0.0000000000000000     
   1.7600000000000027        0.0000000000000000        0.0000000000000000     
   1.7800000000000027        0.0000000000000000        0.0000000000000000     
   1.8000000000000027        0.0000000000000000        0.0000000000000000     
   1.8200000000000027        0.0000000000000000        0.0000000000000000     
   1.8400000000000027        0.0000000000000000        0.0000000000000000     
   1.8600000000000028        0.0000000000000000        0.0000000000000000     
   1.8800000000000028        0.0000000000000000        0.0000000000000000     
   1.9000000000000028        0.0000000000000000        0.0000000000000000     
   1.9200000000000028        0.0000000000000000        0.0000000000000000     
   1.9400000000000028        0.0000000000000000        0.0000000000000000     
   1.9600000000000029        0.0000000000000000        0.0000000000000000     
   1.9800000000000026        0.0000000000000000        0.0000000000000000     
