  -2.0000000000000000        0.0000000000000000        0.0000000000000000     
  -1.9800000000000000        0.0000000000000000        0.0000000000000000     
  -1.9600000000000000        0.0000000000000000        0.0000000000000000     
  -1.9399999999999999        0.0000000000000000        0.0000000000000000     
  -1.9199999999999999        0.0000000000000000        0.0000000000000000     
  -1.8999999999999999        0.0000000000000000        0.0000000000000000     
  -1.8799999999999999        0.0000000000000000        0.0000000000000000     
  -1.8599999999999999        0.0000000000000000        0.0000000000000000     
  -1.8399999999999999        0.0000000000000000        0.0000000000000000     
  -1.8199999999999998        0.0000000000000000        0.0000000000000000     
  -1.7999999999999998        0.0000000000000000        0.0000000000000000     
  -1.7799999999999998        0.0000000000000000        0.0000000000000000     
  -1.7599999999999998        0.0000000000000000        0.0000000000000000     
  -1.7399999999999998        0.0000000000000000        0.0000000000000000     
  -1.7199999999999998        0.0000000000000000        0.0000000000000000     
  -1.6999999999999997        0.0000000000000000        0.0000000000000000     
  -1.6799999999999997        0.0000000000000000        0.0000000000000000     
  -1.6599999999999997        0.0000000000000000        0.0000000000000000     
  -1.6399999999999997        0.0000000000000000        0.0000000000000000     
  -1.6199999999999997        0.0000000000000000        0.0000000000000000     
  -1.5999999999999996        0.0000000000000000        0.0000000000000000     
  -1.5799999999999996        0.0000000000000000        0.0000000000000000     
  -1.5599999999999996        0.0000000000000000        0.0000000000000000     
  -1.5399999999999996        0.0000000000000000        0.0000000000000000     
  -1.5199999999999996        0.0000000000000000        0.0000000000000000     
  -1.4999999999999996        0.0000000000000000        0.0000000000000000     
  -1.4799999999999995        0.0000000000000000        0.0000000000000000     
  -1.4599999999999995        0.0000000000000000        0.0000000000000000     
  -1.4399999999999995        0.0000000000000000        0.0000000000000000     
  -1.4199999999999995        0.0000000000000000        0.0000000000000000     
  -1.3999999999999995        0.0000000000000000        0.0000000000000000     
  -1.3799999999999994        0.0000000000000000        0.0000000000000000     
  -1.3599999999999994        0.0000000000000000        0.0000000000000000     
  -1.3399999999999994        0.0000000000000000        0.0000000000000000     
  -1.3199999999999994        5.1685379346418654E-002   3.7418773835588726E-002
  -1.2999999999999994       0.86218829648337014       0.38095359639445509     
  -1.2799999999999994       0.79419622307952598       0.24654781908544690     
  -1.2599999999999993        1.1003816605366901       0.34229855046325858     
  -1.2399999999999993        3.0721930376580748        1.6796715998721738     
  -1.2199999999999993        2.7812995320350287        1.4651213678201949     
  -1.1999999999999993        1.6384355781996947       0.55435156558659027     
  -1.1799999999999993        2.5957459081050871       0.66031983869724442     
  -1.1599999999999993        3.2807349531065180        1.3820113241219592     
  -1.1399999999999992        2.9441272767301663        1.2291555329470043     
  -1.1199999999999992        4.0147159958883947        1.6165343197967610     
  -1.0999999999999992        2.6200505023427643       0.63004439255463607     
  -1.0799999999999992        3.3200378691705592       0.77100281214522193     
  -1.0599999999999992        4.8583040276778062        2.9161016676867266     
  -1.0399999999999991        3.9582069266694586        1.1256513817055531     
  -1.0199999999999991        8.1681127295707299        3.3006349390674852     
 -0.99999999999999911        4.9811816838037748        1.5726971688946125     
 -0.97999999999999909        3.1077985380869060       0.89290554407702039     
 -0.95999999999999908        3.2450617568897813       0.89261794580535825     
 -0.93999999999999906        2.4189464870770920       0.40018510402269042     
 -0.91999999999999904        3.6288505845463574       0.76944701466279619     
 -0.89999999999999902        3.4730645394446489       0.82057411351324916     
 -0.87999999999999901        4.3366006465213331        1.4170512763938892     
 -0.85999999999999899        2.9298319311866678       0.49451392971020169     
 -0.83999999999999897        6.8579524600329016        3.2654184405530584     
 -0.81999999999999895        4.1100146251332088        1.2698722938829354     
 -0.79999999999999893        3.6142925392628462       0.88071362277774345     
 -0.77999999999999892        6.7251418394583542        3.4073889094428522     
 -0.75999999999999890        4.6753682119745195       0.83736707156893742     
 -0.73999999999999888        4.2126181504446389       0.93432527175471036     
 -0.71999999999999886        13.663440277969475        8.3597757557178074     
 -0.69999999999999885        10.542791293364347        4.9006689340617369     
 -0.67999999999999883        5.6633130133595992       0.93536828823254159     
 -0.65999999999999881        3.8764750681974403       0.59111057923491472     
 -0.63999999999999879        6.4480441302025033        1.5274409273699820     
 -0.61999999999999877        6.6038352463737056        1.7677956693146004     
 -0.59999999999999876        2.9406209124219624       0.44292334795751687     
 -0.57999999999999874        3.5421619205447432       0.55872385005619019     
 -0.55999999999999872        5.6807285249184245        1.7870192489834913     
 -0.53999999999999870        6.6690016704159607        2.5556386147112620     
 -0.51999999999999869        6.1331303544396025        1.2187443437539198     
 -0.49999999999999867        4.4735086129600328       0.73004272337609299     
 -0.47999999999999865        8.6395391302362405        1.8740289326937414     
 -0.45999999999999863        4.4738264851579990       0.77613811229920260     
 -0.43999999999999861        3.9688675389186807       0.74022652677019063     
 -0.41999999999999860        4.7372850317401154       0.90726361242521369     
 -0.39999999999999858        9.8447277551681012        5.1886499344090433     
 -0.37999999999999856        6.7500562927033947        1.4130511970836870     
 -0.35999999999999854        3.9250792061843813       0.45980629431416709     
 -0.33999999999999853        6.0829937261296783        1.8038190135076799     
 -0.31999999999999851        5.3068928738999865       0.87588883698269449     
 -0.29999999999999849        4.7674453862368429       0.92717599218161273     
 -0.27999999999999847        4.1124232390049951       0.65580464827788132     
 -0.25999999999999845        4.8719247646531603       0.82474829152680229     
 -0.23999999999999846        4.2202237024870817       0.78858352624808137     
 -0.21999999999999847        3.7506403112500317       0.42989508805128684     
 -0.19999999999999848        5.4254412860570698       0.95134420877369807     
 -0.17999999999999849        6.3266426149921351        1.7869010817429354     
 -0.15999999999999850        10.183048255296494        5.3246637735177620     
 -0.13999999999999851        4.3924089375753770       0.77338945841833573     
 -0.11999999999999851        3.4405750867609290       0.55306800530188616     
  -9.9999999999998507E-002   7.4510683942506946        2.5886055124709300     
  -7.9999999999998503E-002   8.8424668107058597        5.4995453231201790     
  -5.9999999999998499E-002   4.4772537875721987       0.89398084432068048     
  -3.9999999999998495E-002   3.3784008382258088       0.92018385908483480     
  -1.9999999999998495E-002   5.7213846673279409        1.8334620729483202     
   1.5057399771478686E-015   4.0532632435506564        1.0159996046483974     
   2.0000000000001506E-002   10.430120374696678        6.9196705745415805     
   4.0000000000001507E-002   2.9358865562063428       0.59170618439893408     
   6.0000000000001510E-002   4.0281730407302980       0.91268691446118355     
   8.0000000000001514E-002   3.1970785189345103       0.47064893210568848     
  0.10000000000000152        4.1716650605105068       0.89438837251622771     
  0.12000000000000151        5.2930276303067192        1.4516325944819559     
  0.14000000000000151        7.5016762253934761        3.9704662724348583     
  0.16000000000000150        3.4110346828616800       0.60550668183583700     
  0.18000000000000149        4.7520072604903385        1.2763162859928392     
  0.20000000000000148        3.0033498529053086       0.51063424178164840     
  0.22000000000000147        4.6657331348881756        1.5468269126968077     
  0.24000000000000146        7.8647966289494535        2.1803088523598011     
  0.26000000000000145        8.2335866889753397        3.9750510615200954     
  0.28000000000000147        3.5032077993759660       0.86177485805554144     
  0.30000000000000149        2.5768571314210886       0.47329192135284898     
  0.32000000000000151        7.4622412379699270        2.3674966703636677     
  0.34000000000000152        8.6593214047086153        5.0924571171096256     
  0.36000000000000154        6.0444788589981764        3.9486643643763477     
  0.38000000000000156        5.4537587273564103        1.4158222588798293     
  0.40000000000000158        2.8456975919163559       0.38959206875365870     
  0.42000000000000159        3.1787652866127258       0.65603039224252069     
  0.44000000000000161        2.7864626212627854       0.44986268712319827     
  0.46000000000000163        4.3012701586349618       0.91881748460438084     
  0.48000000000000165        4.1168713455033918       0.96020726607481610     
  0.50000000000000167        2.9356757761795258       0.48739726209655965     
  0.52000000000000168        3.2894441785603008       0.61724886340770002     
  0.54000000000000170        2.9260187103807680       0.49088550806402570     
  0.56000000000000172        2.6126329424395829       0.40918041119227244     
  0.58000000000000174        4.2352200566318325        1.4020857202130510     
  0.60000000000000175        2.0320140469925234       0.29974019028856108     
  0.62000000000000177        8.5856430253752887        4.8623001222408053     
  0.64000000000000179        5.3967966170759354        2.3150769942698548     
  0.66000000000000181        4.5927203207653706        2.2980782448779711     
  0.68000000000000183        2.8263937473451728       0.51966571054295241     
  0.70000000000000184        5.6030652773652205        2.0758002392695372     
  0.72000000000000186        3.4151130884488188        1.7240018103414596     
  0.74000000000000188        3.6962848372190931       0.87429477939124622     
  0.76000000000000190        2.2527730203615848       0.53955843206402909     
  0.78000000000000191        4.0980713890579459        1.8722933129815185     
  0.80000000000000193        1.7481087387833125       0.32652079661032185     
  0.82000000000000195        5.4839477422974401        2.2023850386187918     
  0.84000000000000197        7.9361338539459219        5.0614336913961822     
  0.86000000000000199        3.6819665002549198       0.84712031492446793     
  0.88000000000000200        2.3414044204978950       0.52376073527093314     
  0.90000000000000202        1.8877578578527090       0.28560186239012825     
  0.92000000000000204        3.6490940760619739        1.0209841941990454     
  0.94000000000000206        5.7898924179084021        2.4623063004691659     
  0.96000000000000207        6.3431782566022399        4.3632600799127133     
  0.98000000000000198        8.2124843319159986        4.9366108952151952     
   1.0000000000000020        2.2745584901552358       0.57505818146095522     
   1.0200000000000020        1.9162972624406305       0.46258925045109800     
   1.0400000000000020        2.1286110181325544       0.65099772710765280     
   1.0600000000000021        1.3197658869165119       0.24807211096745588     
   1.0800000000000021        1.3965003265765248       0.22706252326704074     
   1.1000000000000021        5.4303162792183048        3.3227721067670308     
   1.1200000000000021        1.2218520079414616       0.27812023629244137     
   1.1400000000000021        2.9994321076052275        1.7930496764520250     
   1.1600000000000021        1.3874524861053983       0.31336432151183996     
   1.1800000000000022        1.0592420826635363       0.36741113799345421     
   1.2000000000000022       0.63935813166098021       0.16696496379781781     
   1.2200000000000022       0.64740365385252274       0.18043725902520485     
   1.2400000000000022        1.6076182338028593       0.78861149659402685     
   1.2600000000000022        1.1372395687231038       0.81364549959131172     
   1.2800000000000022       0.87878737811221030       0.68295642402061774     
   1.3000000000000023        5.3889759118236583E-002   3.0426367499884099E-002
   1.3200000000000023        0.0000000000000000        0.0000000000000000     
   1.3400000000000023        0.0000000000000000        0.0000000000000000     
   1.3600000000000023        0.0000000000000000        0.0000000000000000     
   1.3800000000000023        0.0000000000000000        0.0000000000000000     
   1.4000000000000024        0.0000000000000000        0.0000000000000000     
   1.4200000000000024        0.0000000000000000        0.0000000000000000     
   1.4400000000000024        0.0000000000000000        0.0000000000000000     
   1.4600000000000024        0.0000000000000000        0.0000000000000000     
   1.4800000000000024        0.0000000000000000        0.0000000000000000     
   1.5000000000000024        0.0000000000000000        0.0000000000000000     
   1.5200000000000025        0.0000000000000000        0.0000000000000000     
   1.5400000000000025        0.0000000000000000        0.0000000000000000     
   1.5600000000000025        0.0000000000000000        0.0000000000000000     
   1.5800000000000025        0.0000000000000000        0.0000000000000000     
   1.6000000000000025        0.0000000000000000        0.0000000000000000     
   1.6200000000000025        0.0000000000000000        0.0000000000000000     
   1.6400000000000026        0.0000000000000000        0.0000000000000000     
   1.6600000000000026        0.0000000000000000        0.0000000000000000     
   1.6800000000000026        0.0000000000000000        0.0000000000000000     
   1.7000000000000026        0.0000000000000000        0.0000000000000000     
   1.7200000000000026        0.0000000000000000        0.0000000000000000     
   1.7400000000000027        0.0000000000000000        0.0000000000000000     
   1.7600000000000027        0.0000000000000000        0.0000000000000000     
   1.7800000000000027        0.0000000000000000        0.0000000000000000     
   1.8000000000000027        0.0000000000000000        0.0000000000000000     
   1.8200000000000027        0.0000000000000000        0.0000000000000000     
   1.8400000000000027        0.0000000000000000        0.0000000000000000     
   1.8600000000000028        0.0000000000000000        0.0000000000000000     
   1.8800000000000028        0.0000000000000000        0.0000000000000000     
   1.9000000000000028        0.0000000000000000        0.0000000000000000     
   1.9200000000000028        0.0000000000000000        0.0000000000000000     
   1.9400000000000028        0.0000000000000000        0.0000000000000000     
   1.9600000000000029        0.0000000000000000        0.0000000000000000     
   1.9800000000000026        0.0000000000000000        0.0000000000000000     
