  -2.0000000000000000        0.0000000000000000        0.0000000000000000     
  -1.9800000000000000        0.0000000000000000        0.0000000000000000     
  -1.9600000000000000        0.0000000000000000        0.0000000000000000     
  -1.9399999999999999        0.0000000000000000        0.0000000000000000     
  -1.9199999999999999        0.0000000000000000        0.0000000000000000     
  -1.8999999999999999        0.0000000000000000        0.0000000000000000     
  -1.8799999999999999        0.0000000000000000        0.0000000000000000     
  -1.8599999999999999        0.0000000000000000        0.0000000000000000     
  -1.8399999999999999        0.0000000000000000        0.0000000000000000     
  -1.8199999999999998        0.0000000000000000        0.0000000000000000     
  -1.7999999999999998        0.0000000000000000        0.0000000000000000     
  -1.7799999999999998        0.0000000000000000        0.0000000000000000     
  -1.7599999999999998        0.0000000000000000        0.0000000000000000     
  -1.7399999999999998        0.0000000000000000        0.0000000000000000     
  -1.7199999999999998        0.0000000000000000        0.0000000000000000     
  -1.6999999999999997        0.0000000000000000        0.0000000000000000     
  -1.6799999999999997        0.0000000000000000        0.0000000000000000     
  -1.6599999999999997        0.0000000000000000        0.0000000000000000     
  -1.6399999999999997        0.0000000000000000        0.0000000000000000     
  -1.6199999999999997        0.0000000000000000        0.0000000000000000     
  -1.5999999999999996        0.0000000000000000        0.0000000000000000     
  -1.5799999999999996        0.0000000000000000        0.0000000000000000     
  -1.5599999999999996        0.0000000000000000        0.0000000000000000     
  -1.5399999999999996        0.0000000000000000        0.0000000000000000     
  -1.5199999999999996        0.0000000000000000        0.0000000000000000     
  -1.4999999999999996        0.0000000000000000        0.0000000000000000     
  -1.4799999999999995        0.0000000000000000        0.0000000000000000     
  -1.4599999999999995        0.0000000000000000        0.0000000000000000     
  -1.4399999999999995        0.0000000000000000        0.0000000000000000     
  -1.4199999999999995        0.0000000000000000        0.0000000000000000     
  -1.3999999999999995        0.0000000000000000        0.0000000000000000     
  -1.3799999999999994        0.0000000000000000        0.0000000000000000     
  -1.3599999999999994        0.0000000000000000        0.0000000000000000     
  -1.3399999999999994        0.0000000000000000        0.0000000000000000     
  -1.3199999999999994        0.0000000000000000        0.0000000000000000     
  -1.2999999999999994        0.0000000000000000        0.0000000000000000     
  -1.2799999999999994        0.0000000000000000        0.0000000000000000     
  -1.2599999999999993        1.3177547251933854E-004   4.1017432245675139E-006
  -1.2399999999999993        1.1909187217102998E-003   1.4144696230773052E-005
  -1.2199999999999993        2.4888981906677891E-003   2.0919382655929035E-005
  -1.1999999999999993        3.8644933900357360E-003   2.6529336902320420E-005
  -1.1799999999999993        4.9970499242336227E-003   3.0429400703433501E-005
  -1.1599999999999993        5.9326095015599049E-003   3.3564045535253674E-005
  -1.1399999999999992        6.5711838710163341E-003   3.5491544571409650E-005
  -1.1199999999999992        7.0052426182048693E-003   3.6796826348306010E-005
  -1.0999999999999992        7.3938530099548804E-003   3.7864797992218429E-005
  -1.0799999999999992        7.6981149397529420E-003   3.8656591932020751E-005
  -1.0599999999999992        8.1314271785724347E-003   3.9753314099345638E-005
  -1.0399999999999991        8.3624607166754312E-003   4.0261492395943300E-005
  -1.0199999999999991        8.6156736285884789E-003   4.0850284902620745E-005
 -0.99999999999999911        8.8273185284303973E-003   4.1279545281532908E-005
 -0.97999999999999909        9.0524690958012858E-003   4.1789621133923025E-005
 -0.95999999999999908        9.2702429951092933E-003   4.2250287790836460E-005
 -0.93999999999999906        9.5290646253427778E-003   4.2805002106740246E-005
 -0.91999999999999904        9.6169738568290496E-003   4.2938164801935412E-005
 -0.89999999999999902        9.9347082413817484E-003   4.3584299186696219E-005
 -0.87999999999999901        1.0175443493893030E-002   4.4077692761954123E-005
 -0.85999999999999899        1.0365534766702772E-002   4.4475061120648158E-005
 -0.83999999999999897        1.0525691477716677E-002   4.4794341826659174E-005
 -0.81999999999999895        1.0772630688610230E-002   4.5294857784217419E-005
 -0.79999999999999893        1.0884155863798517E-002   4.5471556861296311E-005
 -0.77999999999999892        1.1170774964313762E-002   4.6031464572599039E-005
 -0.75999999999999890        1.1271295768762218E-002   4.6194595416706328E-005
 -0.73999999999999888        1.1513305926177430E-002   4.6675312654845871E-005
 -0.71999999999999886        1.1510752078156843E-002   4.6597290975593780E-005
 -0.69999999999999885        1.1821607273163682E-002   4.7221532445938638E-005
 -0.67999999999999883        1.1960921086768862E-002   4.7439541792779759E-005
 -0.65999999999999881        1.2063270996263711E-002   4.7595893524716342E-005
 -0.63999999999999879        1.2180086009805158E-002   4.7781193500692610E-005
 -0.61999999999999877        1.2216190365118076E-002   4.7807099054197785E-005
 -0.59999999999999876        1.2400770077480753E-002   4.8169107873073225E-005
 -0.57999999999999874        1.2554693531296018E-002   4.8374440889600701E-005
 -0.55999999999999872        1.2499459533113063E-002   4.8241746651734595E-005
 -0.53999999999999870        1.2692527436674719E-002   4.8571068475160356E-005
 -0.51999999999999869        1.2743285285770064E-002   4.8594003656826621E-005
 -0.49999999999999867        1.2767479226627722E-002   4.8582900087754387E-005
 -0.47999999999999865        1.2868621495196833E-002   4.8714021294974195E-005
 -0.45999999999999863        1.2858043472403300E-002   4.8645986399176199E-005
 -0.43999999999999861        1.2969659950673913E-002   4.8781932638672087E-005
 -0.41999999999999860        1.2955248523133610E-002   4.8712876592730278E-005
 -0.39999999999999858        1.2940356661886417E-002   4.8500684958640906E-005
 -0.37999999999999856        1.2971742136284605E-002   4.8521645281200589E-005
 -0.35999999999999854        1.2860407333017999E-002   4.8259031702302912E-005
 -0.33999999999999853        1.3044237787003502E-002   4.8556773504615042E-005
 -0.31999999999999851        1.3105223486722370E-002   4.8604661403449666E-005
 -0.29999999999999849        1.2935639086363105E-002   4.8135321425374414E-005
 -0.27999999999999847        1.2906811525985469E-002   4.7962686490752142E-005
 -0.25999999999999845        1.2887583913089945E-002   4.7871511441886030E-005
 -0.23999999999999846        1.2780055792274958E-002   4.7486213607941155E-005
 -0.21999999999999847        1.2813424978205704E-002   4.7515670053040947E-005
 -0.19999999999999848        1.2720242605458586E-002   4.7200442161918470E-005
 -0.17999999999999849        1.2660004655160607E-002   4.7021526579247406E-005
 -0.15999999999999850        1.2677036063642805E-002   4.6903988611943226E-005
 -0.13999999999999851        1.2597061527800773E-002   4.6689518889006415E-005
 -0.11999999999999851        1.2476506816035520E-002   4.6287593219678782E-005
  -9.9999999999998507E-002   1.2417555271569198E-002   4.6086149371996921E-005
  -7.9999999999998503E-002   1.2304024414300828E-002   4.5668132989412367E-005
  -5.9999999999998499E-002   1.2220504480619268E-002   4.5500597354991767E-005
  -3.9999999999998495E-002   1.2232840343234290E-002   4.5353320495478421E-005
  -1.9999999999998495E-002   1.2091995936127822E-002   4.4952265208563375E-005
   1.5057399771478686E-015   1.2058849228377199E-002   4.4828819744041085E-005
   2.0000000000001506E-002   1.1939357315111122E-002   4.4474019838433286E-005
   4.0000000000001507E-002   1.1910951599376707E-002   4.4329407991618600E-005
   6.0000000000001510E-002   1.1838351997847470E-002   4.4096841013432242E-005
   8.0000000000001514E-002   1.1736198302681434E-002   4.3822233043545129E-005
  0.10000000000000152        1.1655164245362780E-002   4.3531026039476443E-005
  0.12000000000000151        1.1544426549503934E-002   4.3224761836485239E-005
  0.14000000000000151        1.1577042698175536E-002   4.3201653011523837E-005
  0.16000000000000150        1.1434414958958323E-002   4.2772064182975188E-005
  0.18000000000000149        1.1342940431135208E-002   4.2523202108330627E-005
  0.20000000000000148        1.1235410396222842E-002   4.2235779811732872E-005
  0.22000000000000147        1.1194644048369614E-002   4.2156619469735959E-005
  0.24000000000000146        1.1081970964673379E-002   4.1806205020356682E-005
  0.26000000000000145        1.0967170835622500E-002   4.1530182111856842E-005
  0.28000000000000147        1.0894044233391697E-002   4.1299840278343338E-005
  0.30000000000000149        1.0790353467626078E-002   4.1049061669428800E-005
  0.32000000000000151        1.0802664438078941E-002   4.1090849463792928E-005
  0.34000000000000152        1.0654897756067637E-002   4.0671134733908632E-005
  0.36000000000000154        1.0572107418207450E-002   4.0470242106807249E-005
  0.38000000000000156        1.0476969660987731E-002   4.0245544238073192E-005
  0.40000000000000158        1.0475329428723142E-002   4.0276893702007640E-005
  0.42000000000000159        1.0351823863268172E-002   3.9984999459692920E-005
  0.44000000000000161        1.0263929323065447E-002   3.9774586029317063E-005
  0.46000000000000163        1.0084196430418179E-002   3.9312061748113491E-005
  0.48000000000000165        9.9814226007601745E-003   3.9054072209797768E-005
  0.50000000000000167        9.8684522472815509E-003   3.8887787503154730E-005
  0.52000000000000168        9.7750335250126538E-003   3.8677811943829983E-005
  0.54000000000000170        9.6113438682517201E-003   3.8243187957880447E-005
  0.56000000000000172        9.4622990446952982E-003   3.7952597082124125E-005
  0.58000000000000174        9.3398231141605843E-003   3.7672296851056853E-005
  0.60000000000000175        9.2657626040651489E-003   3.7513650995074726E-005
  0.62000000000000177        9.1797535311475553E-003   3.7271812432410432E-005
  0.64000000000000179        8.8981773747724910E-003   3.6614880312820448E-005
  0.66000000000000181        8.8293907564989133E-003   3.6500027976462739E-005
  0.68000000000000183        8.6999164977491009E-003   3.6257994875223790E-005
  0.70000000000000184        8.5688751860777158E-003   3.5920847919858704E-005
  0.72000000000000186        8.3930844605495016E-003   3.5422828901211911E-005
  0.74000000000000188        8.1728420678401133E-003   3.4870201168066380E-005
  0.76000000000000190        8.0678650969960106E-003   3.4577897037545845E-005
  0.78000000000000191        7.8347262579050898E-003   3.4019206331459989E-005
  0.80000000000000193        7.6189140106083606E-003   3.3518952777966834E-005
  0.82000000000000195        7.4747033272502279E-003   3.3127334043335219E-005
  0.84000000000000197        7.2885725623176630E-003   3.2558729702022340E-005
  0.86000000000000199        7.1685099132155466E-003   3.2264167703286691E-005
  0.88000000000000200        6.8981164800804764E-003   3.1600194606775873E-005
  0.90000000000000202        6.7428925541984895E-003   3.1134763900444667E-005
  0.92000000000000204        6.5141253344952786E-003   3.0460198258692391E-005
  0.94000000000000206        6.4144290268328434E-003   3.0162672626412034E-005
  0.96000000000000207        6.1751649600091003E-003   2.9467630492182007E-005
  0.98000000000000198        5.9353201626938541E-003   2.8755526186118577E-005
   1.0000000000000020        5.7394016169310122E-003   2.8173473275221367E-005
   1.0200000000000020        5.4969478868601568E-003   2.7390448862543197E-005
   1.0400000000000020        5.2793268356426514E-003   2.6775721871412794E-005
   1.0600000000000021        5.0106419309978714E-003   2.5905116421449199E-005
   1.0800000000000021        4.7873011332797179E-003   2.5168234336687974E-005
   1.1000000000000021        4.4753326353655261E-003   2.4148339620251315E-005
   1.1200000000000021        4.1427849960968110E-003   2.2939034136299332E-005
   1.1400000000000021        3.6750363487793986E-003   2.1372758648442615E-005
   1.1600000000000021        3.0621893030925262E-003   1.9217878762321725E-005
   1.1800000000000022        2.3167295428112070E-003   1.6404711056152818E-005
   1.2000000000000022        1.5201674848603383E-003   1.3018922849790499E-005
   1.2200000000000022        6.8950444896317975E-004   8.4416195668986510E-006
   1.2400000000000022        7.8925573530992034E-005   2.4739479175480814E-006
   1.2600000000000022        0.0000000000000000        0.0000000000000000     
   1.2800000000000022        0.0000000000000000        0.0000000000000000     
   1.3000000000000023        0.0000000000000000        0.0000000000000000     
   1.3200000000000023        0.0000000000000000        0.0000000000000000     
   1.3400000000000023        0.0000000000000000        0.0000000000000000     
   1.3600000000000023        0.0000000000000000        0.0000000000000000     
   1.3800000000000023        0.0000000000000000        0.0000000000000000     
   1.4000000000000024        0.0000000000000000        0.0000000000000000     
   1.4200000000000024        0.0000000000000000        0.0000000000000000     
   1.4400000000000024        0.0000000000000000        0.0000000000000000     
   1.4600000000000024        0.0000000000000000        0.0000000000000000     
   1.4800000000000024        0.0000000000000000        0.0000000000000000     
   1.5000000000000024        0.0000000000000000        0.0000000000000000     
   1.5200000000000025        0.0000000000000000        0.0000000000000000     
   1.5400000000000025        0.0000000000000000        0.0000000000000000     
   1.5600000000000025        0.0000000000000000        0.0000000000000000     
   1.5800000000000025        0.0000000000000000        0.0000000000000000     
   1.6000000000000025        0.0000000000000000        0.0000000000000000     
   1.6200000000000025        0.0000000000000000        0.0000000000000000     
   1.6400000000000026        0.0000000000000000        0.0000000000000000     
   1.6600000000000026        0.0000000000000000        0.0000000000000000     
   1.6800000000000026        0.0000000000000000        0.0000000000000000     
   1.7000000000000026        0.0000000000000000        0.0000000000000000     
   1.7200000000000026        0.0000000000000000        0.0000000000000000     
   1.7400000000000027        0.0000000000000000        0.0000000000000000     
   1.7600000000000027        0.0000000000000000        0.0000000000000000     
   1.7800000000000027        0.0000000000000000        0.0000000000000000     
   1.8000000000000027        0.0000000000000000        0.0000000000000000     
   1.8200000000000027        0.0000000000000000        0.0000000000000000     
   1.8400000000000027        0.0000000000000000        0.0000000000000000     
   1.8600000000000028        0.0000000000000000        0.0000000000000000     
   1.8800000000000028        0.0000000000000000        0.0000000000000000     
   1.9000000000000028        0.0000000000000000        0.0000000000000000     
   1.9200000000000028        0.0000000000000000        0.0000000000000000     
   1.9400000000000028        0.0000000000000000        0.0000000000000000     
   1.9600000000000029        0.0000000000000000        0.0000000000000000     
   1.9800000000000026        0.0000000000000000        0.0000000000000000     
