  0.59999999999999998        3.6305046995103486E-002   1.5093692455091907E-004
  0.60599999999999998        3.6373735565836486E-002   1.5006113143090183E-004
  0.61199999999999999        3.6596631556078847E-002   1.4997320620020429E-004
  0.61799999999999999        3.7243454773677402E-002   1.5083108556003587E-004
  0.62400000000000000        3.7360454379521034E-002   1.5046777723571364E-004
  0.63000000000000000        3.7338245575504019E-002   1.4973852487228990E-004
  0.63600000000000001        3.7512776924377912E-002   1.4983774349059219E-004
  0.64200000000000002        3.7785660746941847E-002   1.4983236548337598E-004
  0.64800000000000002        3.8085351063680203E-002   1.5012255301430846E-004
  0.65400000000000003        3.8085583953707418E-002   1.4965978147261135E-004
  0.66000000000000003        3.8651834031056084E-002   1.5052184388934377E-004
  0.66600000000000004        3.8395599318097585E-002   1.4964886392275324E-004
  0.67200000000000004        3.8883708919037412E-002   1.5025332639250383E-004
  0.67800000000000005        3.9168967995748982E-002   1.5048689082991523E-004
  0.68400000000000005        3.9602020364781020E-002   1.5137372645348350E-004
  0.69000000000000006        3.9748547685268219E-002   1.5141232364268819E-004
  0.69600000000000006        4.0051296972802408E-002   1.5174160467968986E-004
  0.70200000000000007        4.0272588682000073E-002   1.5201772560576951E-004
  0.70800000000000007        4.0616680390126260E-002   1.5237551484557714E-004
  0.71400000000000008        4.0902338784590458E-002   1.5278526730632956E-004
  0.72000000000000008        4.1524276671299883E-002   1.5374965258755415E-004
  0.72600000000000009        4.1641775906477496E-002   1.5399965316844339E-004
  0.73200000000000010        4.1624536758361433E-002   1.5378022498830168E-004
  0.73800000000000010        4.2573204687628208E-002   1.5566522643701238E-004
  0.74400000000000011        4.2686288757717621E-002   1.5560535595143932E-004
  0.75000000000000011        4.3232600810333435E-002   1.5669416144933727E-004
  0.75600000000000012        4.3485285802609124E-002   1.5708784947444026E-004
  0.76200000000000012        4.4211296408830994E-002   1.5832775019541354E-004
  0.76800000000000013        4.4569123424437952E-002   1.5890436321969908E-004
  0.77400000000000013        4.4750937704459669E-002   1.5901736598280958E-004
  0.78000000000000014        4.5359536412379421E-002   1.6021777117996463E-004
  0.78600000000000014        4.5725504804735355E-002   1.6078078316111253E-004
  0.79200000000000015        4.6120221532352991E-002   1.6147779237731487E-004
  0.79800000000000015        4.6821802571476903E-002   1.6266320220280491E-004
  0.80400000000000016        4.6932495955781958E-002   1.6281799047172769E-004
  0.81000000000000016        4.7618790353344161E-002   1.6416836341937632E-004
  0.81600000000000017        4.8351327755573804E-002   1.6537372050224862E-004
  0.82200000000000017        4.9385071294325171E-002   1.6721517085071855E-004
  0.82800000000000018        4.9780364537983499E-002   1.6785454278823048E-004
  0.83400000000000019        5.0458478479001173E-002   1.6907792571208290E-004
  0.84000000000000019        5.1056206502576765E-002   1.6995290937743131E-004
  0.84600000000000020        5.1546777139200674E-002   1.7099739553066916E-004
  0.85200000000000020        5.2315511178909119E-002   1.7227462901963226E-004
  0.85800000000000021        5.3119397223901597E-002   1.7360664991835910E-004
  0.86400000000000021        5.4110623799830893E-002   1.7513220581523735E-004
  0.87000000000000022        5.5101591656457151E-002   1.7678349014572329E-004
  0.87600000000000022        5.5598205213196833E-002   1.7775759309118712E-004
  0.88200000000000023        5.7229731747929953E-002   1.8057986938559844E-004
  0.88800000000000023        5.8256452123555402E-002   1.8210301793015058E-004
  0.89400000000000024        5.9409372669560277E-002   1.8403192975116381E-004
  0.90000000000000024        6.0864054164987094E-002   1.8628296987966252E-004
  0.90600000000000025        6.2140564985310967E-002   1.8830145774965322E-004
  0.91200000000000025        6.3492328325004815E-002   1.9036865927897598E-004
  0.91800000000000026        6.5494745515078362E-002   1.9333270853944497E-004
  0.92400000000000027        6.7549214677118150E-002   1.9642053799917369E-004
  0.93000000000000027        6.9290570082856870E-002   1.9893446204126942E-004
  0.93600000000000028        7.1513488705322523E-002   2.0208059606832154E-004
  0.94200000000000028        7.4657895051773809E-002   2.0643462216916666E-004
  0.94800000000000029        7.7113960251026764E-002   2.0945347065521539E-004
  0.95400000000000029        8.1103040687195899E-002   2.1456535326364103E-004
  0.96000000000000030        8.4891118843561472E-002   2.1876485661304220E-004
  0.96600000000000030        8.9381454281111897E-002   2.2349123018890500E-004
  0.97200000000000031        9.4365584599421126E-002   2.2809824781213218E-004
  0.97800000000000031        9.9272893241456425E-002   2.3145655317482756E-004
  0.98400000000000032       0.10295797673957566        2.3151122290730416E-004
  0.99000000000000032        9.9477933005437238E-002   2.2099054665926135E-004
  0.99600000000000022        8.2481739243982319E-002   1.9157088703555743E-004
   1.0020000000000002        5.4942017606576604E-002   1.4461605894645804E-004
   1.0080000000000002        3.1268819503133018E-002   9.7268716010839775E-005
   1.0140000000000002        1.6787097783693229E-002   6.0950335872941267E-005
   1.0200000000000002        8.7478722595411562E-003   3.5843023909617689E-005
   1.0260000000000002        4.3200320355379065E-003   1.9300978564186261E-005
   1.0320000000000003        1.8901389283236913E-003   8.8890185085513428E-006
   1.0380000000000003        5.8220479605524691E-004   2.8716908189902420E-006
   1.0440000000000003        4.4284827242649319E-005   3.0390548277260220E-007
   1.0500000000000003        0.0000000000000000        0.0000000000000000     
   1.0560000000000003        0.0000000000000000        0.0000000000000000     
   1.0620000000000003        0.0000000000000000        0.0000000000000000     
   1.0680000000000003        0.0000000000000000        0.0000000000000000     
   1.0740000000000003        0.0000000000000000        0.0000000000000000     
   1.0800000000000003        0.0000000000000000        0.0000000000000000     
   1.0860000000000003        0.0000000000000000        0.0000000000000000     
   1.0920000000000003        0.0000000000000000        0.0000000000000000     
   1.0980000000000003        0.0000000000000000        0.0000000000000000     
   1.1040000000000003        0.0000000000000000        0.0000000000000000     
   1.1100000000000003        0.0000000000000000        0.0000000000000000     
   1.1160000000000003        0.0000000000000000        0.0000000000000000     
   1.1220000000000003        0.0000000000000000        0.0000000000000000     
   1.1280000000000003        0.0000000000000000        0.0000000000000000     
   1.1340000000000003        0.0000000000000000        0.0000000000000000     
   1.1400000000000003        0.0000000000000000        0.0000000000000000     
   1.1460000000000004        0.0000000000000000        0.0000000000000000     
   1.1520000000000004        0.0000000000000000        0.0000000000000000     
   1.1580000000000004        0.0000000000000000        0.0000000000000000     
   1.1640000000000004        0.0000000000000000        0.0000000000000000     
   1.1700000000000004        0.0000000000000000        0.0000000000000000     
   1.1760000000000004        0.0000000000000000        0.0000000000000000     
   1.1820000000000004        0.0000000000000000        0.0000000000000000     
   1.1880000000000004        0.0000000000000000        0.0000000000000000     
   1.1940000000000004        0.0000000000000000        0.0000000000000000     
   1.2000000000000004        0.0000000000000000        0.0000000000000000     
   1.2060000000000004        0.0000000000000000        0.0000000000000000     
   1.2120000000000004        0.0000000000000000        0.0000000000000000     
   1.2180000000000004        0.0000000000000000        0.0000000000000000     
   1.2240000000000004        0.0000000000000000        0.0000000000000000     
   1.2300000000000004        0.0000000000000000        0.0000000000000000     
   1.2360000000000004        0.0000000000000000        0.0000000000000000     
   1.2420000000000004        0.0000000000000000        0.0000000000000000     
   1.2480000000000004        0.0000000000000000        0.0000000000000000     
   1.2540000000000004        0.0000000000000000        0.0000000000000000     
   1.2600000000000005        0.0000000000000000        0.0000000000000000     
   1.2660000000000005        0.0000000000000000        0.0000000000000000     
   1.2720000000000005        0.0000000000000000        0.0000000000000000     
   1.2780000000000005        0.0000000000000000        0.0000000000000000     
   1.2840000000000005        0.0000000000000000        0.0000000000000000     
   1.2900000000000005        0.0000000000000000        0.0000000000000000     
   1.2960000000000005        0.0000000000000000        0.0000000000000000     
   1.3020000000000005        0.0000000000000000        0.0000000000000000     
   1.3080000000000005        0.0000000000000000        0.0000000000000000     
   1.3140000000000005        0.0000000000000000        0.0000000000000000     
   1.3200000000000005        0.0000000000000000        0.0000000000000000     
   1.3260000000000005        0.0000000000000000        0.0000000000000000     
   1.3320000000000005        0.0000000000000000        0.0000000000000000     
   1.3380000000000005        0.0000000000000000        0.0000000000000000     
   1.3440000000000005        0.0000000000000000        0.0000000000000000     
   1.3500000000000005        0.0000000000000000        0.0000000000000000     
   1.3560000000000005        0.0000000000000000        0.0000000000000000     
   1.3620000000000005        0.0000000000000000        0.0000000000000000     
   1.3680000000000005        0.0000000000000000        0.0000000000000000     
   1.3740000000000006        0.0000000000000000        0.0000000000000000     
   1.3800000000000006        0.0000000000000000        0.0000000000000000     
   1.3860000000000006        0.0000000000000000        0.0000000000000000     
   1.3920000000000006        0.0000000000000000        0.0000000000000000     
   1.3980000000000006        0.0000000000000000        0.0000000000000000     
   1.4040000000000006        0.0000000000000000        0.0000000000000000     
   1.4100000000000006        0.0000000000000000        0.0000000000000000     
   1.4160000000000006        0.0000000000000000        0.0000000000000000     
   1.4220000000000006        0.0000000000000000        0.0000000000000000     
   1.4280000000000006        0.0000000000000000        0.0000000000000000     
   1.4340000000000006        0.0000000000000000        0.0000000000000000     
   1.4400000000000006        0.0000000000000000        0.0000000000000000     
   1.4460000000000006        0.0000000000000000        0.0000000000000000     
   1.4520000000000006        0.0000000000000000        0.0000000000000000     
   1.4580000000000006        0.0000000000000000        0.0000000000000000     
   1.4640000000000006        0.0000000000000000        0.0000000000000000     
   1.4700000000000006        0.0000000000000000        0.0000000000000000     
   1.4760000000000006        0.0000000000000000        0.0000000000000000     
   1.4820000000000007        0.0000000000000000        0.0000000000000000     
   1.4880000000000007        0.0000000000000000        0.0000000000000000     
   1.4940000000000007        0.0000000000000000        0.0000000000000000     
   1.5000000000000007        0.0000000000000000        0.0000000000000000     
   1.5060000000000007        0.0000000000000000        0.0000000000000000     
   1.5120000000000007        0.0000000000000000        0.0000000000000000     
   1.5180000000000007        0.0000000000000000        0.0000000000000000     
   1.5240000000000007        0.0000000000000000        0.0000000000000000     
   1.5300000000000007        0.0000000000000000        0.0000000000000000     
   1.5360000000000007        0.0000000000000000        0.0000000000000000     
   1.5420000000000007        0.0000000000000000        0.0000000000000000     
   1.5480000000000007        0.0000000000000000        0.0000000000000000     
   1.5540000000000007        0.0000000000000000        0.0000000000000000     
   1.5600000000000007        0.0000000000000000        0.0000000000000000     
   1.5660000000000007        0.0000000000000000        0.0000000000000000     
   1.5720000000000007        0.0000000000000000        0.0000000000000000     
   1.5780000000000007        0.0000000000000000        0.0000000000000000     
   1.5840000000000007        0.0000000000000000        0.0000000000000000     
   1.5900000000000007        0.0000000000000000        0.0000000000000000     
   1.5960000000000008        0.0000000000000000        0.0000000000000000     
   1.6020000000000008        0.0000000000000000        0.0000000000000000     
   1.6080000000000008        0.0000000000000000        0.0000000000000000     
   1.6140000000000008        0.0000000000000000        0.0000000000000000     
   1.6200000000000008        0.0000000000000000        0.0000000000000000     
   1.6260000000000008        0.0000000000000000        0.0000000000000000     
   1.6320000000000008        0.0000000000000000        0.0000000000000000     
   1.6380000000000008        0.0000000000000000        0.0000000000000000     
   1.6440000000000008        0.0000000000000000        0.0000000000000000     
   1.6500000000000008        0.0000000000000000        0.0000000000000000     
   1.6560000000000008        0.0000000000000000        0.0000000000000000     
   1.6620000000000008        0.0000000000000000        0.0000000000000000     
   1.6680000000000008        0.0000000000000000        0.0000000000000000     
   1.6740000000000008        0.0000000000000000        0.0000000000000000     
   1.6800000000000008        0.0000000000000000        0.0000000000000000     
   1.6860000000000008        0.0000000000000000        0.0000000000000000     
   1.6920000000000008        0.0000000000000000        0.0000000000000000     
   1.6980000000000008        0.0000000000000000        0.0000000000000000     
   1.7040000000000008        0.0000000000000000        0.0000000000000000     
   1.7100000000000009        0.0000000000000000        0.0000000000000000     
   1.7160000000000009        0.0000000000000000        0.0000000000000000     
   1.7220000000000009        0.0000000000000000        0.0000000000000000     
   1.7280000000000009        0.0000000000000000        0.0000000000000000     
   1.7340000000000009        0.0000000000000000        0.0000000000000000     
   1.7400000000000009        0.0000000000000000        0.0000000000000000     
   1.7460000000000009        0.0000000000000000        0.0000000000000000     
   1.7520000000000009        0.0000000000000000        0.0000000000000000     
   1.7580000000000009        0.0000000000000000        0.0000000000000000     
   1.7640000000000009        0.0000000000000000        0.0000000000000000     
   1.7700000000000009        0.0000000000000000        0.0000000000000000     
   1.7760000000000009        0.0000000000000000        0.0000000000000000     
   1.7820000000000009        0.0000000000000000        0.0000000000000000     
   1.7880000000000009        0.0000000000000000        0.0000000000000000     
   1.7940000000000009        0.0000000000000000        0.0000000000000000     
