  -2.0000000000000000        0.0000000000000000        0.0000000000000000     
  -1.9800000000000000        0.0000000000000000        0.0000000000000000     
  -1.9600000000000000        0.0000000000000000        0.0000000000000000     
  -1.9399999999999999        0.0000000000000000        0.0000000000000000     
  -1.9199999999999999        0.0000000000000000        0.0000000000000000     
  -1.8999999999999999        0.0000000000000000        0.0000000000000000     
  -1.8799999999999999        0.0000000000000000        0.0000000000000000     
  -1.8599999999999999        0.0000000000000000        0.0000000000000000     
  -1.8399999999999999        0.0000000000000000        0.0000000000000000     
  -1.8199999999999998        0.0000000000000000        0.0000000000000000     
  -1.7999999999999998        0.0000000000000000        0.0000000000000000     
  -1.7799999999999998        0.0000000000000000        0.0000000000000000     
  -1.7599999999999998        0.0000000000000000        0.0000000000000000     
  -1.7399999999999998        0.0000000000000000        0.0000000000000000     
  -1.7199999999999998        0.0000000000000000        0.0000000000000000     
  -1.6999999999999997        0.0000000000000000        0.0000000000000000     
  -1.6799999999999997        0.0000000000000000        0.0000000000000000     
  -1.6599999999999997        0.0000000000000000        0.0000000000000000     
  -1.6399999999999997        0.0000000000000000        0.0000000000000000     
  -1.6199999999999997        0.0000000000000000        0.0000000000000000     
  -1.5999999999999996        0.0000000000000000        0.0000000000000000     
  -1.5799999999999996        0.0000000000000000        0.0000000000000000     
  -1.5599999999999996        0.0000000000000000        0.0000000000000000     
  -1.5399999999999996        0.0000000000000000        0.0000000000000000     
  -1.5199999999999996        0.0000000000000000        0.0000000000000000     
  -1.4999999999999996        0.0000000000000000        0.0000000000000000     
  -1.4799999999999995        0.0000000000000000        0.0000000000000000     
  -1.4599999999999995        0.0000000000000000        0.0000000000000000     
  -1.4399999999999995        0.0000000000000000        0.0000000000000000     
  -1.4199999999999995        0.0000000000000000        0.0000000000000000     
  -1.3999999999999995        0.0000000000000000        0.0000000000000000     
  -1.3799999999999994        0.0000000000000000        0.0000000000000000     
  -1.3599999999999994        0.0000000000000000        0.0000000000000000     
  -1.3399999999999994        0.0000000000000000        0.0000000000000000     
  -1.3199999999999994        0.0000000000000000        0.0000000000000000     
  -1.2999999999999994        0.0000000000000000        0.0000000000000000     
  -1.2799999999999994        0.0000000000000000        0.0000000000000000     
  -1.2599999999999993        1.3865594131065302E-004   3.7548396411075657E-006
  -1.2399999999999993        1.0724056275758234E-003   1.1717742678734912E-005
  -1.2199999999999993        2.1725171710848283E-003   1.7103083903360360E-005
  -1.1999999999999993        3.2297631674052347E-003   2.1242935116282189E-005
  -1.1799999999999993        4.0984703527900557E-003   2.4202767629267395E-005
  -1.1599999999999993        4.7084169288237670E-003   2.6244395405462727E-005
  -1.1399999999999992        5.1191391064626295E-003   2.7498188976389885E-005
  -1.1199999999999992        5.4258697370474802E-003   2.8399222831959434E-005
  -1.0999999999999992        5.7167697748932008E-003   2.9187218537918241E-005
  -1.0799999999999992        5.9449213627810428E-003   2.9775810535471384E-005
  -1.0599999999999992        6.2544662391970799E-003   3.0550056634155885E-005
  -1.0399999999999991        6.4423962358482502E-003   3.0979840717494674E-005
  -1.0199999999999991        6.6133076201121349E-003   3.1372455490517981E-005
 -0.99999999999999911        6.7678595064310952E-003   3.1687087313167659E-005
 -0.97999999999999909        6.9860504580665610E-003   3.2197331029526060E-005
 -0.95999999999999908        7.1806935453204842E-003   3.2606316224840651E-005
 -0.93999999999999906        7.3189962386898209E-003   3.2910545646103165E-005
 -0.91999999999999904        7.4082654411650600E-003   3.3057022904959483E-005
 -0.89999999999999902        7.6785984242286149E-003   3.3629706814535116E-005
 -0.87999999999999901        7.7929488767805926E-003   3.3842968868982146E-005
 -0.85999999999999899        7.9906877321350451E-003   3.4275980279251164E-005
 -0.83999999999999897        8.1337692787133275E-003   3.4578002487979291E-005
 -0.81999999999999895        8.3084065864516936E-003   3.4930589727339369E-005
 -0.79999999999999893        8.4137618487325014E-003   3.5128048160883193E-005
 -0.77999999999999892        8.6264140981162155E-003   3.5534543386910367E-005
 -0.75999999999999890        8.7228091382045153E-003   3.5730258987197944E-005
 -0.73999999999999888        8.9023610493707203E-003   3.6096256023884664E-005
 -0.71999999999999886        8.9507732360146405E-003   3.6155172800319784E-005
 -0.69999999999999885        9.1594975323334733E-003   3.6608826269174892E-005
 -0.67999999999999883        9.2641129150413844E-003   3.6779558122317183E-005
 -0.65999999999999881        9.3854608292954847E-003   3.7019099111174846E-005
 -0.63999999999999879        9.4686755088715414E-003   3.7153094317707488E-005
 -0.61999999999999877        9.5136301104595360E-003   3.7238659633615279E-005
 -0.59999999999999876        9.6373884586263905E-003   3.7503405722573630E-005
 -0.57999999999999874        9.7489756143602953E-003   3.7647765275178331E-005
 -0.55999999999999872        9.7880813694445155E-003   3.7782053750536159E-005
 -0.53999999999999870        9.9297530437294675E-003   3.8022687730836231E-005
 -0.51999999999999869        9.9673627126357182E-003   3.8062185734543220E-005
 -0.49999999999999867        9.9540091688558891E-003   3.8042755984748231E-005
 -0.47999999999999865        1.0125428303021638E-002   3.8347864163585095E-005
 -0.45999999999999863        1.0118193137625769E-002   3.8352619050605341E-005
 -0.43999999999999861        1.0142641304707125E-002   3.8338212157150176E-005
 -0.41999999999999860        1.0284546004832619E-002   3.8663278754073053E-005
 -0.39999999999999858        1.0201816652603035E-002   3.8357408777975552E-005
 -0.37999999999999856        1.0231215515934082E-002   3.8453925470199166E-005
 -0.35999999999999854        1.0204044748594895E-002   3.8395521559914216E-005
 -0.33999999999999853        1.0357195800628390E-002   3.8716523157245348E-005
 -0.31999999999999851        1.0419497075475454E-002   3.8830210191428267E-005
 -0.29999999999999849        1.0357513108488817E-002   3.8619147723873929E-005
 -0.27999999999999847        1.0328413060272349E-002   3.8532327664801091E-005
 -0.25999999999999845        1.0355155391540019E-002   3.8585584841268937E-005
 -0.23999999999999846        1.0288756742578816E-002   3.8379311363209731E-005
 -0.21999999999999847        1.0288579725775753E-002   3.8409440694603861E-005
 -0.19999999999999848        1.0276210709630756E-002   3.8321319091025929E-005
 -0.17999999999999849        1.0286155181690444E-002   3.8379223543681341E-005
 -0.15999999999999850        1.0309988311050894E-002   3.8362701300711252E-005
 -0.13999999999999851        1.0286607434614067E-002   3.8356537315944068E-005
 -0.11999999999999851        1.0225390160320246E-002   3.8149948803833484E-005
  -9.9999999999998507E-002   1.0221546664399821E-002   3.8134103576347881E-005
  -7.9999999999998503E-002   1.0145261284700613E-002   3.7873549077160409E-005
  -5.9999999999998499E-002   1.0053929221157464E-002   3.7773229463128985E-005
  -3.9999999999998495E-002   1.0104397658160499E-002   3.7834451981497460E-005
  -1.9999999999998495E-002   1.0063853821581054E-002   3.7690652840704043E-005
   1.5057399771478686E-015   1.0051656691501109E-002   3.7683375951120134E-005
   2.0000000000001506E-002   1.0014941482381362E-002   3.7561401823310406E-005
   4.0000000000001507E-002   9.9455179613615989E-003   3.7438159497168209E-005
   6.0000000000001510E-002   9.9609670528439925E-003   3.7435569490358669E-005
   8.0000000000001514E-002   9.9299565645882080E-003   3.7412055830343177E-005
  0.10000000000000152        9.8880674587790030E-003   3.7281586477350405E-005
  0.12000000000000151        9.8066405978479865E-003   3.7090708678597365E-005
  0.14000000000000151        9.8980533088342589E-003   3.7260306045669241E-005
  0.16000000000000150        9.7696670320002090E-003   3.6944056284209841E-005
  0.18000000000000149        9.6698400319353787E-003   3.6725777678816944E-005
  0.20000000000000148        9.6563963390244555E-003   3.6683260208820969E-005
  0.22000000000000147        9.6486053879889459E-003   3.6736511627909210E-005
  0.24000000000000146        9.5905089219493218E-003   3.6581153402599130E-005
  0.26000000000000145        9.5145479356851109E-003   3.6445825515439502E-005
  0.28000000000000147        9.4872335463383733E-003   3.6377145671203535E-005
  0.30000000000000149        9.4162532293370921E-003   3.6212315771656454E-005
  0.32000000000000151        9.4357788756184481E-003   3.6333579435247714E-005
  0.34000000000000152        9.3602099364696097E-003   3.6120693661072761E-005
  0.36000000000000154        9.3032343696549790E-003   3.6004172825951049E-005
  0.38000000000000156        9.2284589592979225E-003   3.5822858384330084E-005
  0.40000000000000158        9.2265355119598904E-003   3.5947905974284173E-005
  0.42000000000000159        9.1444883891019305E-003   3.5749319182724894E-005
  0.44000000000000161        9.0827747951181918E-003   3.5576634298014679E-005
  0.46000000000000163        8.9080742614102634E-003   3.5195738858493550E-005
  0.48000000000000165        8.8425222280224224E-003   3.5068861955044013E-005
  0.50000000000000167        8.7976198077471483E-003   3.5077106223623555E-005
  0.52000000000000168        8.6903476454697499E-003   3.4873845953078607E-005
  0.54000000000000170        8.5654815424181449E-003   3.4537549512639823E-005
  0.56000000000000172        8.4811147433002075E-003   3.4367634453490902E-005
  0.58000000000000174        8.3533783471571414E-003   3.4074736634526224E-005
  0.60000000000000175        8.3228749481872415E-003   3.4060301871436088E-005
  0.62000000000000177        8.1901375021194659E-003   3.3741728169894561E-005
  0.64000000000000179        7.9882340113608240E-003   3.3232153510888113E-005
  0.66000000000000181        7.9257532582433891E-003   3.3166340147490707E-005
  0.68000000000000183        7.8021279546509822E-003   3.2974195983518103E-005
  0.70000000000000184        7.6893879710338590E-003   3.2588823430446381E-005
  0.72000000000000186        7.5442860354638713E-003   3.2191724957569301E-005
  0.74000000000000188        7.3534676393520000E-003   3.1730281951839510E-005
  0.76000000000000190        7.2751917366336580E-003   3.1520526056566766E-005
  0.78000000000000191        7.0458975394545606E-003   3.0963291093612432E-005
  0.80000000000000193        6.8682586014045099E-003   3.0569372738870989E-005
  0.82000000000000195        6.7773659913773791E-003   3.0311774527278459E-005
  0.84000000000000197        6.5745880730839323E-003   2.9680475938023063E-005
  0.86000000000000199        6.4414329768371689E-003   2.9335286447240882E-005
  0.88000000000000200        6.2157270786716845E-003   2.8766324056529578E-005
  0.90000000000000202        6.1007607599828911E-003   2.8379845115279858E-005
  0.92000000000000204        5.8866270716353888E-003   2.7724785486265211E-005
  0.94000000000000206        5.7907647492775301E-003   2.7442896395309938E-005
  0.96000000000000207        5.5525390570804641E-003   2.6760799735055792E-005
  0.98000000000000198        5.3496021258171112E-003   2.6082308286017840E-005
   1.0000000000000020        5.1774266046885793E-003   2.5592637478093555E-005
   1.0200000000000020        4.9550193633357562E-003   2.4829745152212983E-005
   1.0400000000000020        4.7657800363627018E-003   2.4284660515364388E-005
   1.0600000000000021        4.5254400145025115E-003   2.3473225938802041E-005
   1.0800000000000021        4.3226377004074142E-003   2.2792638604444358E-005
   1.1000000000000021        4.0444709575709736E-003   2.1853093569506654E-005
   1.1200000000000021        3.7841175054428959E-003   2.0892301528529744E-005
   1.1400000000000021        3.3957025401206687E-003   1.9547125460149019E-005
   1.1600000000000021        2.9247676994801179E-003   1.7831108128134250E-005
   1.1800000000000022        2.2670143776594687E-003   1.5359458660592694E-005
   1.2000000000000022        1.5222854389589883E-003   1.2298694672305983E-005
   1.2200000000000022        7.2043444575031225E-004   8.1208281358844832E-006
   1.2400000000000022        9.0665521512426953E-005   2.5648777226006400E-006
   1.2600000000000022        0.0000000000000000        0.0000000000000000     
   1.2800000000000022        0.0000000000000000        0.0000000000000000     
   1.3000000000000023        0.0000000000000000        0.0000000000000000     
   1.3200000000000023        0.0000000000000000        0.0000000000000000     
   1.3400000000000023        0.0000000000000000        0.0000000000000000     
   1.3600000000000023        0.0000000000000000        0.0000000000000000     
   1.3800000000000023        0.0000000000000000        0.0000000000000000     
   1.4000000000000024        0.0000000000000000        0.0000000000000000     
   1.4200000000000024        0.0000000000000000        0.0000000000000000     
   1.4400000000000024        0.0000000000000000        0.0000000000000000     
   1.4600000000000024        0.0000000000000000        0.0000000000000000     
   1.4800000000000024        0.0000000000000000        0.0000000000000000     
   1.5000000000000024        0.0000000000000000        0.0000000000000000     
   1.5200000000000025        0.0000000000000000        0.0000000000000000     
   1.5400000000000025        0.0000000000000000        0.0000000000000000     
   1.5600000000000025        0.0000000000000000        0.0000000000000000     
   1.5800000000000025        0.0000000000000000        0.0000000000000000     
   1.6000000000000025        0.0000000000000000        0.0000000000000000     
   1.6200000000000025        0.0000000000000000        0.0000000000000000     
   1.6400000000000026        0.0000000000000000        0.0000000000000000     
   1.6600000000000026        0.0000000000000000        0.0000000000000000     
   1.6800000000000026        0.0000000000000000        0.0000000000000000     
   1.7000000000000026        0.0000000000000000        0.0000000000000000     
   1.7200000000000026        0.0000000000000000        0.0000000000000000     
   1.7400000000000027        0.0000000000000000        0.0000000000000000     
   1.7600000000000027        0.0000000000000000        0.0000000000000000     
   1.7800000000000027        0.0000000000000000        0.0000000000000000     
   1.8000000000000027        0.0000000000000000        0.0000000000000000     
   1.8200000000000027        0.0000000000000000        0.0000000000000000     
   1.8400000000000027        0.0000000000000000        0.0000000000000000     
   1.8600000000000028        0.0000000000000000        0.0000000000000000     
   1.8800000000000028        0.0000000000000000        0.0000000000000000     
   1.9000000000000028        0.0000000000000000        0.0000000000000000     
   1.9200000000000028        0.0000000000000000        0.0000000000000000     
   1.9400000000000028        0.0000000000000000        0.0000000000000000     
   1.9600000000000029        0.0000000000000000        0.0000000000000000     
   1.9800000000000026        0.0000000000000000        0.0000000000000000     
