   60.000000000000000        7.3023298943146925E-005   2.7980362104783153E-006
   60.600000000000001        6.9568308262856100E-005   2.7306756903432576E-006
   61.200000000000003        7.8609565945507125E-005   2.8305607533786067E-006
   61.800000000000004        8.1226872137635532E-005   2.8940041963887357E-006
   62.400000000000006        8.4860075090004605E-005   2.9614767879069390E-006
   63.000000000000007        8.7073951296292389E-005   2.8629215610911589E-006
   63.600000000000001        9.4344920805889657E-005   3.0467589477422982E-006
   64.200000000000003        9.6412342645786579E-005   3.0418259647372676E-006
   64.799999999999997        9.6270134009996484E-005   3.0636251237326233E-006
   65.399999999999991        1.0380372828747332E-004   3.1480857882875843E-006
   65.999999999999986        1.1091973886494587E-004   3.2262679859027670E-006
   66.599999999999980        1.1621995582861360E-004   3.3292901692260916E-006
   67.199999999999974        1.2293241719405290E-004   3.3435411722873518E-006
   67.799999999999969        1.3275372673244285E-004   3.5198584233437976E-006
   68.399999999999963        1.4131897549225100E-004   3.6133338861722536E-006
   68.999999999999957        1.5368189941375817E-004   3.8238972114309450E-006
   69.599999999999952        1.6505354716497123E-004   3.8723277951578830E-006
   70.199999999999946        1.8143471379171707E-004   4.1258734317713815E-006
   70.799999999999940        1.8861775231529765E-004   4.1628806610612714E-006
   71.399999999999935        1.9691586975954656E-004   4.2607245318638049E-006
   71.999999999999929        2.0700534269345189E-004   4.3885927458901868E-006
   72.599999999999923        2.2087074499129198E-004   4.5505937714276124E-006
   73.199999999999918        2.3891097896084517E-004   4.7660859587521577E-006
   73.799999999999912        2.5563030048480535E-004   4.8848083996630073E-006
   74.399999999999906        2.7305569202091146E-004   5.1410349684065040E-006
   74.999999999999901        2.8439281187051598E-004   5.1788536936695492E-006
   75.599999999999895        2.9691803621075935E-004   5.2981811337430872E-006
   76.199999999999889        3.2416553031671194E-004   5.6223442338392591E-006
   76.799999999999883        3.4558466217666665E-004   5.7764060641068365E-006
   77.399999999999878        3.8262426218323923E-004   6.1297214741207646E-006
   77.999999999999872        4.1256733218948455E-004   6.4078333908875737E-006
   78.599999999999866        4.4905743254584159E-004   6.6881243086716082E-006
   79.199999999999861        4.8037180716278669E-004   7.0022603455035131E-006
   79.799999999999855        5.1514094558839988E-004   7.2295362768313271E-006
   80.399999999999849        5.5978608145872382E-004   7.5945900396959545E-006
   80.999999999999844        6.2480451136336969E-004   8.0603181963620652E-006
   81.599999999999838        6.7607328438857152E-004   8.4695610567451742E-006
   82.199999999999832        7.4042707317682668E-004   8.9290901890614553E-006
   82.799999999999827        8.4954354243951488E-004   9.6110688883336768E-006
   83.399999999999821        9.3619248782757540E-004   1.0128334273556528E-005
   83.999999999999815        1.0786330886675480E-003   1.0926171466842059E-005
   84.599999999999810        1.2566753418205522E-003   1.1896144691842657E-005
   85.199999999999804        1.4313473976773964E-003   1.2779730396671575E-005
   85.799999999999798        1.7155985661304967E-003   1.4110257139508014E-005
   86.399999999999793        2.0268489455431164E-003   1.5375168169429138E-005
   86.999999999999787        2.4960365821033296E-003   1.7115266766478216E-005
   87.599999999999781        3.2131657966936343E-003   1.9620662137224046E-005
   88.199999999999775        4.2119087561039333E-003   2.2582818043935486E-005
   88.799999999999770        5.7736378871895474E-003   2.6470918601888165E-005
   89.399999999999764        8.3470303668976981E-003   3.2003995284094390E-005
   89.999999999999758        1.2148436925503853E-002   3.8698851621198909E-005
   90.599999999999753        1.5863814086422345E-002   4.4204109084314307E-005
   91.199999999999747        1.4951217933837621E-002   4.2780962628384347E-005
   91.799999999999741        1.0334082287321834E-002   3.5075417984602271E-005
   92.399999999999736        6.3775856203204763E-003   2.7005506660352480E-005
   92.999999999999730        4.0332901204261475E-003   2.0935186252831855E-005
   93.599999999999724        2.7425370954727735E-003   1.6824900282983495E-005
   94.199999999999719        1.9177293997108714E-003   1.3629183380508610E-005
   94.799999999999713        1.3955557001041178E-003   1.1207518221548803E-005
   95.399999999999707        1.0726351547464181E-003   9.5085512108401971E-006
   95.999999999999702        8.4933617147840083E-004   8.1578384669731575E-006
   96.599999999999696        6.8027594183530955E-004   7.0557518135726136E-006
   97.199999999999690        5.4167348216750428E-004   6.0429461681097771E-006
   97.799999999999685        4.6079701578761285E-004   5.3700379493373086E-006
   98.399999999999679        3.8805862675990292E-004   4.7349681693673476E-006
   98.999999999999673        3.3791596733228843E-004   4.3312262530175145E-006
   99.599999999999667        2.8837210436628266E-004   3.8486233811123495E-006
   100.19999999999966        2.4632353066444078E-004   3.5159414700100932E-006
   100.79999999999966        2.1940462642171431E-004   3.4700587527841305E-006
   101.39999999999965        1.9334028654869120E-004   3.1637228857200591E-006
   101.99999999999964        1.7016257103341344E-004   2.8517625195683270E-006
   102.59999999999964        1.5467251087693284E-004   2.5833151831557338E-006
   103.19999999999963        1.3281707354935281E-004   2.3337412661188033E-006
   103.79999999999963        1.1845901908988244E-004   2.0633695217980392E-006
   104.39999999999962        1.0984018205667203E-004   1.9333407985821219E-006
   104.99999999999962        1.0381475458748051E-004   1.8312162338533982E-006
   105.59999999999961        9.1948203564145122E-005   1.6641324431735371E-006
   106.19999999999960        8.7927147450899445E-005   1.5686977413791492E-006
   106.79999999999960        8.0628376914678845E-005   1.4421699252753558E-006
   107.39999999999959        7.0285044262839158E-005   1.3006101335183838E-006
   107.99999999999959        6.6531215827332748E-005   1.2102552456635506E-006
   108.59999999999958        6.1430327241196014E-005   1.1178287199108376E-006
   109.19999999999958        5.7290061672143028E-005   1.0572744636232943E-006
   109.79999999999957        5.2718433642110256E-005   9.6515778070362226E-007
   110.39999999999957        4.8585475563215127E-005   9.0276040387565101E-007
   110.99999999999956        4.4980528242405756E-005   8.2612085090440032E-007
   111.59999999999955        4.2906679336920314E-005   7.9105713863068420E-007
   112.19999999999955        3.9944041360846960E-005   7.4279728167644103E-007
   112.79999999999954        3.7175996786985562E-005   6.8682891703223279E-007
   113.39999999999954        3.6414285510182493E-005   6.6842595290005842E-007
   113.99999999999953        3.3473029176010054E-005   6.1540531987825341E-007
   114.59999999999953        3.1791087623597778E-005   5.8994740824394748E-007
   115.19999999999952        3.0200806265621245E-005   5.5622836235461165E-007
   115.79999999999951        2.8823496035433081E-005   5.2670605517369207E-007
   116.39999999999951        2.5239225105493893E-005   4.7111599786656271E-007
   116.99999999999950        2.5214546947280953E-005   4.6183365750755033E-007
   117.59999999999950        2.3976361484309820E-005   4.3881955161271115E-007
   118.19999999999949        2.2309070252144796E-005   4.0622708348144311E-007
   118.79999999999949        2.1058954782542752E-005   3.9209997665201461E-007
   119.39999999999948        2.0477475637242876E-005   3.7563689986190533E-007
   119.99999999999947        1.9686060203787052E-005   3.5474013103909513E-007
   120.59999999999947        1.8180819466248936E-005   3.3300647841797351E-007
   121.19999999999946        1.8332562281587535E-005   3.2504088032929228E-007
   121.79999999999946        1.7102256756830301E-005   3.1046562414522778E-007
   122.39999999999945        1.5985010740656181E-005   2.9011497809527067E-007
   122.99999999999945        1.4849367240164019E-005   2.6681857061496800E-007
   123.59999999999944        1.4455738975964254E-005   2.5902961613493557E-007
   124.19999999999943        1.3975413419777235E-005   2.4539708016486666E-007
   124.79999999999943        1.3228920245131920E-005   2.3741576470284910E-007
   125.39999999999942        1.2897746742145353E-005   2.2730671457867997E-007
   125.99999999999942        1.1987922253025874E-005   2.1447150480018908E-007
   126.59999999999941        1.1463229026513527E-005   2.0441947871688447E-007
   127.19999999999941        1.1032203849054484E-005   1.9582958193474158E-007
   127.79999999999941        1.0818711470923556E-005   1.9107024012685165E-007
   128.39999999999941        1.0213674563436670E-005   1.7832904289230157E-007
   128.99999999999940        1.0153888455718943E-005   1.7901427250409800E-007
   129.59999999999940        9.4524092356011444E-006   1.7150372031959290E-007
   130.19999999999939        9.1112172896978785E-006   1.6370110429586980E-007
   130.79999999999939        8.6509341854253887E-006   1.6488883429913275E-007
   131.39999999999938        8.1498287098382290E-006   1.5324391090546505E-007
   131.99999999999937        7.9456083697282323E-006   1.4807234228928653E-007
   132.59999999999937        7.8176754192312082E-006   1.4540056674031633E-007
   133.19999999999936        7.6699940297672159E-006   1.4351214034373701E-007
   133.79999999999936        7.1870598505341941E-006   1.3336766391980510E-007
   134.39999999999935        7.1578294103371675E-006   1.3669172024143277E-007
   134.99999999999935        6.9720901910667668E-006   1.2528043651755967E-007
   135.59999999999934        6.6449830818071248E-006   1.2002863152410156E-007
   136.19999999999933        6.3281365517876167E-006   1.1616381561087087E-007
   136.79999999999933        6.0155620364832666E-006   1.0745360119799787E-007
   137.39999999999932        5.7553660775549350E-006   1.0434410120313786E-007
   137.99999999999932        5.7008081872554125E-006   1.0209166971240954E-007
   138.59999999999931        5.5392273739448410E-006   9.7561189619722001E-008
   139.19999999999931        5.2756109602720271E-006   9.1958493338032728E-008
   139.79999999999930        5.0756987353119772E-006   8.9923081850221609E-008
   140.39999999999930        4.9274274188559062E-006   8.5352344738492358E-008
   140.99999999999929        4.6938988852755010E-006   8.2894740047144555E-008
   141.59999999999928        4.5458513771242412E-006   7.8253740834660208E-008
   142.19999999999928        4.4689010178093716E-006   7.6039402894155494E-008
   142.79999999999927        4.2530489214692347E-006   7.3972558299693606E-008
   143.39999999999927        4.0928016981220355E-006   6.9965172168925018E-008
   143.99999999999926        4.0278673782702510E-006   6.8275034032136349E-008
   144.59999999999926        3.8444504522911147E-006   6.3640393812697926E-008
   145.19999999999925        3.8675159338885324E-006   6.5028136699754176E-008
   145.79999999999924        3.7608042100631127E-006   6.2454875535290699E-008
   146.39999999999924        3.6030621972095410E-006   5.9610502206931589E-008
   146.99999999999923        3.3892486675461750E-006   5.6112077687040296E-008
   147.59999999999923        3.2366239234537459E-006   5.2911783897601619E-008
   148.19999999999922        3.1732291823366708E-006   5.0945262147048766E-008
   148.79999999999922        3.1548961551326689E-006   5.1053532967996821E-008
   149.39999999999921        2.8967889463857679E-006   4.6902554571833580E-008
   149.99999999999920        2.8704324788619606E-006   4.5568642199928410E-008
   150.59999999999920        2.7773499339558562E-006   4.4733784770005425E-008
   151.19999999999919        2.6980281584461540E-006   4.1630438185902712E-008
   151.79999999999919        2.5943304304777892E-006   4.0413123152817498E-008
   152.39999999999918        2.4666843771903766E-006   3.8257330691924614E-008
   152.99999999999918        2.3414350359012336E-006   3.6190776371104892E-008
   153.59999999999917        2.3572573346946029E-006   3.6008167942814272E-008
   154.19999999999916        2.2792651195955490E-006   3.4415363486831340E-008
   154.79999999999916        2.1652198782148863E-006   3.2856941676265360E-008
   155.39999999999915        2.1299910777186758E-006   3.1907460810300308E-008
   155.99999999999915        2.0099589407330549E-006   2.9877190000318926E-008
   156.59999999999914        1.9510140981063172E-006   2.8729501533735719E-008
   157.19999999999914        1.8842947928894465E-006   2.6845105633344766E-008
   157.79999999999913        1.9018108759111621E-006   2.7625453663247593E-008
   158.39999999999912        1.8125770305542722E-006   2.5510903439669413E-008
   158.99999999999912        1.7308340598699282E-006   2.4413136181717170E-008
   159.59999999999911        1.6430129711416236E-006   2.2974683533227851E-008
   160.19999999999911        1.6055288456525976E-006   2.2406518490597521E-008
   160.79999999999910        1.5406700870394579E-006   2.1109613751945536E-008
   161.39999999999910        1.5174177360630413E-006   2.0856119112466348E-008
   161.99999999999909        1.5043557648151841E-006   2.0485997516693103E-008
   162.59999999999908        1.4213158304872480E-006   1.9201883910768350E-008
   163.19999999999908        1.4090303761019661E-006   1.8658596111259504E-008
   163.79999999999907        1.2920316908152688E-006   1.6920709442397791E-008
   164.39999999999907        1.2550069722099381E-006   1.6316010050553234E-008
   164.99999999999906        1.1895306246663588E-006   1.5299417305246333E-008
   165.59999999999906        1.1537284319643677E-006   1.4927267849921344E-008
   166.19999999999905        1.1175118539369436E-006   1.3999311537752062E-008
   166.79999999999905        1.0665404323769669E-006   1.3422144578531036E-008
   167.39999999999904        1.0268010456703200E-006   1.2782787111156542E-008
   167.99999999999903        9.8979727199761675E-007   1.2153779238464507E-008
   168.59999999999903        9.4287819300461706E-007   1.1477766600770732E-008
   169.19999999999902        8.9519488871806033E-007   1.0671410642211927E-008
   169.79999999999902        8.4946608938197903E-007   1.0068611739303721E-008
   170.39999999999901        8.2688205997255731E-007   9.7579088386026625E-009
   170.99999999999901        7.9255548339865132E-007   9.1908418116166187E-009
   171.59999999999900        7.5827855962669908E-007   8.6886118237476171E-009
   172.19999999999899        7.0276852708852621E-007   7.8541972939954715E-009
   172.79999999999899        6.8014080538641236E-007   7.5072422586263036E-009
   173.39999999999898        6.5633974464987675E-007   7.1524704181583659E-009
   173.99999999999898        6.2694305363010695E-007   6.6179025395639077E-009
   174.59999999999897        5.8122396211291641E-007   6.0520807084926231E-009
   175.19999999999897        5.5051932120735468E-007   5.7222921183600533E-009
   175.79999999999896        5.2020452656423588E-007   5.3322823554646885E-009
   176.39999999999895        4.9176583125141318E-007   4.9357355197271702E-009
   176.99999999999895        4.6131293154248509E-007   4.4838178790299314E-009
   177.59999999999894        4.3735469489357705E-007   4.2229767445431929E-009
   178.19999999999894        4.0586950774929877E-007   3.8174515968565734E-009
   178.79999999999893        3.7875931679269371E-007   3.5168153520071439E-009
   179.39999999999893        3.6277055670633147E-007   3.2739399111992272E-009
