  -2.0000000000000000        0.0000000000000000        0.0000000000000000     
  -1.9800000000000000        0.0000000000000000        0.0000000000000000     
  -1.9600000000000000        0.0000000000000000        0.0000000000000000     
  -1.9399999999999999        0.0000000000000000        0.0000000000000000     
  -1.9199999999999999        0.0000000000000000        0.0000000000000000     
  -1.8999999999999999        0.0000000000000000        0.0000000000000000     
  -1.8799999999999999        0.0000000000000000        0.0000000000000000     
  -1.8599999999999999        0.0000000000000000        0.0000000000000000     
  -1.8399999999999999        0.0000000000000000        0.0000000000000000     
  -1.8199999999999998        0.0000000000000000        0.0000000000000000     
  -1.7999999999999998        0.0000000000000000        0.0000000000000000     
  -1.7799999999999998        0.0000000000000000        0.0000000000000000     
  -1.7599999999999998        0.0000000000000000        0.0000000000000000     
  -1.7399999999999998        0.0000000000000000        0.0000000000000000     
  -1.7199999999999998        0.0000000000000000        0.0000000000000000     
  -1.6999999999999997        0.0000000000000000        0.0000000000000000     
  -1.6799999999999997        0.0000000000000000        0.0000000000000000     
  -1.6599999999999997        0.0000000000000000        0.0000000000000000     
  -1.6399999999999997        0.0000000000000000        0.0000000000000000     
  -1.6199999999999997        0.0000000000000000        0.0000000000000000     
  -1.5999999999999996        0.0000000000000000        0.0000000000000000     
  -1.5799999999999996        0.0000000000000000        0.0000000000000000     
  -1.5599999999999996        0.0000000000000000        0.0000000000000000     
  -1.5399999999999996        0.0000000000000000        0.0000000000000000     
  -1.5199999999999996        0.0000000000000000        0.0000000000000000     
  -1.4999999999999996        0.0000000000000000        0.0000000000000000     
  -1.4799999999999995        0.0000000000000000        0.0000000000000000     
  -1.4599999999999995        0.0000000000000000        0.0000000000000000     
  -1.4399999999999995        0.0000000000000000        0.0000000000000000     
  -1.4199999999999995        0.0000000000000000        0.0000000000000000     
  -1.3999999999999995        0.0000000000000000        0.0000000000000000     
  -1.3799999999999994        0.0000000000000000        0.0000000000000000     
  -1.3599999999999994        0.0000000000000000        0.0000000000000000     
  -1.3399999999999994        0.0000000000000000        0.0000000000000000     
  -1.3199999999999994       0.10544169529214711        7.7920185324271956E-003
  -1.2999999999999994       0.59313329753168809        2.5844588712436729E-002
  -1.2799999999999994       0.79401568128017463        2.3436254363108269E-002
  -1.2599999999999993       0.95017015004488592        2.3996830187783116E-002
  -1.2399999999999993        1.0908067491565421        2.5521841476150026E-002
  -1.2199999999999993        1.2358152490508907        2.6930571062287439E-002
  -1.1999999999999993        1.3578523773331468        2.8265709378062102E-002
  -1.1799999999999993        1.5474879744331629        3.0302560106187412E-002
  -1.1599999999999993        1.6822618950369916        3.1442779251296113E-002
  -1.1399999999999992        1.8575025256335080        3.0196414269486844E-002
  -1.1199999999999992        2.1487901505511653        3.9003275386394975E-002
  -1.0999999999999992        2.1952258503248241        3.4582540015667303E-002
  -1.0799999999999992        2.4056677360981831        4.0860962197600909E-002
  -1.0599999999999992        2.4659602543180705        4.0936200029713293E-002
  -1.0399999999999991        2.5406804596362229        4.2167500676135450E-002
  -1.0199999999999991        2.5661925739416409        3.8157306192822399E-002
 -0.99999999999999911        2.7359495961580738        4.2661663766704348E-002
 -0.97999999999999909        2.8291563750422926        4.4579572841409419E-002
 -0.95999999999999908        2.9068364732723109        4.4382155242399968E-002
 -0.93999999999999906        2.9280518022293491        4.5121358051738739E-002
 -0.91999999999999904        3.0737239437166686        4.6899306336566672E-002
 -0.89999999999999902        3.1044016338410083        4.6028452067687901E-002
 -0.87999999999999901        3.1541199990250695        4.5839084002028706E-002
 -0.85999999999999899        3.1791145136569297        4.5791446070474903E-002
 -0.83999999999999897        3.1932727063320137        4.5334548415846304E-002
 -0.81999999999999895        3.3884913996023656        4.7987175355094822E-002
 -0.79999999999999893        3.3804766193107740        4.6373601363759134E-002
 -0.77999999999999892        3.4361481488466019        4.8453378900159667E-002
 -0.75999999999999890        3.4932917303710309        4.5866585995280547E-002
 -0.73999999999999888        3.5349052796042182        4.6739238586387302E-002
 -0.71999999999999886        3.6013870874983986        4.6807403009607861E-002
 -0.69999999999999885        3.7169565477174258        4.9686041631766403E-002
 -0.67999999999999883        3.6408351506935626        4.5884837301507456E-002
 -0.65999999999999881        3.8669294260669060        5.0451264561026291E-002
 -0.63999999999999879        3.7992755785183552        4.8653770157148474E-002
 -0.61999999999999877        3.9378276655752318        5.0555299191367843E-002
 -0.59999999999999876        3.9280286797659736        5.0481773802661570E-002
 -0.57999999999999874        4.0624682002851893        5.4524934960820885E-002
 -0.55999999999999872        4.1877877426669032        5.5445277424564482E-002
 -0.53999999999999870        4.1094727797468904        5.2025508261239334E-002
 -0.51999999999999869        4.1478102830484413        5.1755174495916399E-002
 -0.49999999999999867        4.2237429310523265        5.2662771529093932E-002
 -0.47999999999999865        4.2892206558914125        5.4367437498954514E-002
 -0.45999999999999863        4.2978898104945191        5.5136532896900278E-002
 -0.43999999999999861        4.3273150688288702        5.4160584456126176E-002
 -0.41999999999999860        4.4174001071790618        5.5320373253062487E-002
 -0.39999999999999858        4.5281779349299240        5.7523321337221364E-002
 -0.37999999999999856        4.4377931652180767        5.4314818455199233E-002
 -0.35999999999999854        4.4057240624040439        5.2806810508191707E-002
 -0.33999999999999853        4.5332933592379030        5.5277508118667516E-002
 -0.31999999999999851        4.6400588139530754        5.8075811951781783E-002
 -0.29999999999999849        4.6009807955535242        5.7024020923216137E-002
 -0.27999999999999847        4.6637924959329515        5.5886763653902882E-002
 -0.25999999999999845        4.6333027074811568        5.5637731140978537E-002
 -0.23999999999999846        4.7640755237351078        5.8811273719054126E-002
 -0.21999999999999847        4.7482609811544769        5.7342129846420113E-002
 -0.19999999999999848        4.8284866284484194        6.0625370723901825E-002
 -0.17999999999999849        4.8070529378782103        5.6692119743588697E-002
 -0.15999999999999850        4.8869081001869752        6.1805199166451372E-002
 -0.13999999999999851        4.8494905498956182        5.8409824593928038E-002
 -0.11999999999999851        5.0232530121017147        6.1505960467516059E-002
  -9.9999999999998507E-002   4.9652263012063154        6.2451892644101906E-002
  -7.9999999999998503E-002   4.9439091195713925        5.8180820809095188E-002
  -5.9999999999998499E-002   5.1056735996412455        6.3926203181181099E-002
  -3.9999999999998495E-002   5.0392692278709639        5.9007970330498344E-002
  -1.9999999999998495E-002   5.0807702978412532        5.8225615128834979E-002
   1.5057399771478686E-015   5.2011527374644286        6.3584691586105316E-002
   2.0000000000001506E-002   5.1834616522722996        6.3171878056732009E-002
   4.0000000000001507E-002   5.2124406384034501        6.3368516293356353E-002
   6.0000000000001510E-002   5.2760025423151040        6.2869057392876487E-002
   8.0000000000001514E-002   5.3335698939343441        6.4000915829716246E-002
  0.10000000000000152        5.3434694438361285        6.3442068492673240E-002
  0.12000000000000151        5.3152159963019674        5.9448846349073221E-002
  0.14000000000000151        5.4134219152638003        6.5854264591400563E-002
  0.16000000000000150        5.4587157895438185        6.4464852609160295E-002
  0.18000000000000149        5.4912127453696646        6.7166618089264246E-002
  0.20000000000000148        5.4910234604325270        6.6197761467017904E-002
  0.22000000000000147        5.4981463710832799        6.6390860313230340E-002
  0.24000000000000146        5.4911975843540182        6.6174794328032235E-002
  0.26000000000000145        5.6022387291367162        6.8923419085093141E-002
  0.28000000000000147        5.5639044146367560        6.7703018796391068E-002
  0.30000000000000149        5.5554108811247227        6.5561405948773910E-002
  0.32000000000000151        5.5850555209355601        6.8253617098140054E-002
  0.34000000000000152        5.5504221861654628        6.8547997309202663E-002
  0.36000000000000154        5.6324122860226744        6.9128709284273157E-002
  0.38000000000000156        5.5680501168179202        6.7478770284288461E-002
  0.40000000000000158        5.6407087865333310        6.9857872839483262E-002
  0.42000000000000159        5.6189442860654735        6.7845694004259480E-002
  0.44000000000000161        5.7411994290462367        7.1545635572853303E-002
  0.46000000000000163        5.6128562958352077        7.0245029558910335E-002
  0.48000000000000165        5.5061207811507824        6.6840341050776381E-002
  0.50000000000000167        5.4965979105026053        6.7664751352711786E-002
  0.52000000000000168        5.5074453801419816        6.9606035622243170E-002
  0.54000000000000170        5.4780408714948265        6.6100928450667062E-002
  0.56000000000000172        5.3926621917498370        6.7776900462223080E-002
  0.58000000000000174        5.2919115880620042        6.4595944668481356E-002
  0.60000000000000175        5.3404870118398051        6.8395449488720186E-002
  0.62000000000000177        5.3467762054422163        6.8431030620603531E-002
  0.64000000000000179        5.1560214151206356        6.4307290328268471E-002
  0.66000000000000181        5.0668977871282950        6.1901217623263262E-002
  0.68000000000000183        5.0510345075480920        6.4477645267794009E-002
  0.70000000000000184        4.9376292996087621        6.2625087377378819E-002
  0.72000000000000186        4.9165505777983221        6.4508288665251545E-002
  0.74000000000000188        4.8805245061120068        6.3210127035202568E-002
  0.76000000000000190        4.9184522820719012        6.9862571105328217E-002
  0.78000000000000191        4.7449443369770705        6.3213743238724335E-002
  0.80000000000000193        4.6526309724927701        6.3692671428223976E-002
  0.82000000000000195        4.6180290021662218        6.5633540456422820E-002
  0.84000000000000197        4.5245558768425145        6.5370005544601081E-002
  0.86000000000000199        4.4691168060317237        6.3202915069522261E-002
  0.88000000000000200        4.3151069436187646        6.1729629478453667E-002
  0.90000000000000202        4.2587219459395804        6.1944734087378502E-002
  0.92000000000000204        4.1715555086081375        6.2079232040989654E-002
  0.94000000000000206        4.0492770042593769        5.7766331303096864E-002
  0.96000000000000207        3.9134197287710593        5.8204111165624253E-002
  0.98000000000000198        3.8123755277507914        5.8884355587207539E-002
   1.0000000000000020        3.7263162640389758        5.7520620487276304E-002
   1.0200000000000020        3.5551268896886090        5.3530066389957352E-002
   1.0400000000000020        3.5036239706538415        5.4617142392728274E-002
   1.0600000000000021        3.3679382263717708        5.1155644700829922E-002
   1.0800000000000021        3.2889326847888638        5.4627207763519078E-002
   1.1000000000000021        3.0109554860366874        4.7453845172340123E-002
   1.1200000000000021        2.8016135698194353        4.9688179263454778E-002
   1.1400000000000021        2.5339380488336292        4.4328664388797262E-002
   1.1600000000000021        2.2776001223272115        4.3254900169508649E-002
   1.1800000000000022        1.9711216514984871        3.6279010097369870E-002
   1.2000000000000022        1.8424329311578718        3.8102903532160982E-002
   1.2200000000000022        1.6151890274025755        3.5780484846713527E-002
   1.2400000000000022        1.4628979175467189        3.7488815298255040E-002
   1.2600000000000022        1.2181477581532900        3.4883074256088803E-002
   1.2800000000000022       0.88548245838098627        3.3911196564016352E-002
   1.3000000000000023       0.18359271566906421        7.6150471504797864E-003
   1.3200000000000023        0.0000000000000000        0.0000000000000000     
   1.3400000000000023        0.0000000000000000        0.0000000000000000     
   1.3600000000000023        0.0000000000000000        0.0000000000000000     
   1.3800000000000023        0.0000000000000000        0.0000000000000000     
   1.4000000000000024        0.0000000000000000        0.0000000000000000     
   1.4200000000000024        0.0000000000000000        0.0000000000000000     
   1.4400000000000024        0.0000000000000000        0.0000000000000000     
   1.4600000000000024        0.0000000000000000        0.0000000000000000     
   1.4800000000000024        0.0000000000000000        0.0000000000000000     
   1.5000000000000024        0.0000000000000000        0.0000000000000000     
   1.5200000000000025        0.0000000000000000        0.0000000000000000     
   1.5400000000000025        0.0000000000000000        0.0000000000000000     
   1.5600000000000025        0.0000000000000000        0.0000000000000000     
   1.5800000000000025        0.0000000000000000        0.0000000000000000     
   1.6000000000000025        0.0000000000000000        0.0000000000000000     
   1.6200000000000025        0.0000000000000000        0.0000000000000000     
   1.6400000000000026        0.0000000000000000        0.0000000000000000     
   1.6600000000000026        0.0000000000000000        0.0000000000000000     
   1.6800000000000026        0.0000000000000000        0.0000000000000000     
   1.7000000000000026        0.0000000000000000        0.0000000000000000     
   1.7200000000000026        0.0000000000000000        0.0000000000000000     
   1.7400000000000027        0.0000000000000000        0.0000000000000000     
   1.7600000000000027        0.0000000000000000        0.0000000000000000     
   1.7800000000000027        0.0000000000000000        0.0000000000000000     
   1.8000000000000027        0.0000000000000000        0.0000000000000000     
   1.8200000000000027        0.0000000000000000        0.0000000000000000     
   1.8400000000000027        0.0000000000000000        0.0000000000000000     
   1.8600000000000028        0.0000000000000000        0.0000000000000000     
   1.8800000000000028        0.0000000000000000        0.0000000000000000     
   1.9000000000000028        0.0000000000000000        0.0000000000000000     
   1.9200000000000028        0.0000000000000000        0.0000000000000000     
   1.9400000000000028        0.0000000000000000        0.0000000000000000     
   1.9600000000000029        0.0000000000000000        0.0000000000000000     
   1.9800000000000026        0.0000000000000000        0.0000000000000000     
