   80.000000000000000        3.8363032220869252E-002   1.9303090805966694E-003
   80.099999999999994        4.3507537620963668E-002   3.0172543112115570E-003
   80.199999999999989        4.3823206576028242E-002   2.0765209283632566E-003
   80.299999999999983        4.4410363998084561E-002   2.7065523178474082E-003
   80.399999999999977        4.3276962378407169E-002   2.0402472716473628E-003
   80.499999999999972        4.3508359503678824E-002   2.2316229353209855E-003
   80.599999999999966        4.3375148591275503E-002   2.1366496147346842E-003
   80.699999999999960        4.8250697050188349E-002   2.5026798701801830E-003
   80.799999999999955        5.6449688107440804E-002   3.3563716806754664E-003
   80.899999999999949        4.5342007584900555E-002   1.9397845682746211E-003
   80.999999999999943        5.2046624498219222E-002   2.8112055682344927E-003
   81.099999999999937        4.7937632801219807E-002   2.2784863006388529E-003
   81.199999999999932        5.2797324384996472E-002   3.5631553623789022E-003
   81.299999999999926        5.1070005878112126E-002   2.3815960389511875E-003
   81.399999999999920        5.1617754124778738E-002   2.3316682480360772E-003
   81.499999999999915        5.1388649520447874E-002   2.5246330357547877E-003
   81.599999999999909        5.6978082031308060E-002   2.9058532245226486E-003
   81.699999999999903        5.7093495221881133E-002   2.8068614323748489E-003
   81.799999999999898        5.5655041093773082E-002   2.4467059641610665E-003
   81.899999999999892        6.0622944656546288E-002   3.1779429780427909E-003
   81.999999999999886        5.9166283853888502E-002   3.0337812293777188E-003
   82.099999999999881        5.7564313992013942E-002   2.1659289127079939E-003
   82.199999999999875        6.3566304461258494E-002   3.3305311745820375E-003
   82.299999999999869        6.1715511243773370E-002   2.9519190829312525E-003
   82.399999999999864        5.9347570836275183E-002   2.7782766173951633E-003
   82.499999999999858        6.4228831067871181E-002   2.5576781911275546E-003
   82.599999999999852        6.7079989778678184E-002   2.9797788535764480E-003
   82.699999999999847        6.3297156365883095E-002   2.5605133721852435E-003
   82.799999999999841        7.3266213071292052E-002   3.1499713696220570E-003
   82.899999999999835        6.8168247014972538E-002   3.0437767773604679E-003
   82.999999999999829        6.9037703445643403E-002   3.1703164151913165E-003
   83.099999999999824        7.3223752966430744E-002   3.3278918335777753E-003
   83.199999999999818        7.2138010745497055E-002   3.1110429665437687E-003
   83.299999999999812        7.4426876177820553E-002   2.9331137997972100E-003
   83.399999999999807        7.6889976592516771E-002   3.0624481795560616E-003
   83.499999999999801        7.6253905214773876E-002   2.9347531256547249E-003
   83.599999999999795        8.0504480029103584E-002   3.1645869069891253E-003
   83.699999999999790        7.8731542285202225E-002   3.2487614621201592E-003
   83.799999999999784        8.1552181448380057E-002   3.1309305450414834E-003
   83.899999999999778        9.1813520449487443E-002   3.8732450081210433E-003
   83.999999999999773        8.9479496987017043E-002   3.3334789505026123E-003
   84.099999999999767        8.7222295774132638E-002   3.4402455736651889E-003
   84.199999999999761        9.8869501211348312E-002   3.9935161817379484E-003
   84.299999999999756        9.0776088188775805E-002   3.1340476741283396E-003
   84.399999999999750        9.9233926871338432E-002   3.6646340158354922E-003
   84.499999999999744       0.10201959500388334        4.3132147132166274E-003
   84.599999999999739       0.10264391036360049        4.2927735058968380E-003
   84.699999999999733       0.10639373096695741        3.8611672188533694E-003
   84.799999999999727       0.10204005782361214        3.3036161839093865E-003
   84.899999999999721       0.10661213203998769        3.6464936905192509E-003
   84.999999999999716       0.11706493245853367        4.0484920564113477E-003
   85.099999999999710       0.11559809281383213        3.9475325824865556E-003
   85.199999999999704       0.11772501674788124        4.0669765783292880E-003
   85.299999999999699       0.11921729964259047        3.7120450308051074E-003
   85.399999999999693       0.12912134295033778        4.3906454331365053E-003
   85.499999999999687       0.12987035072754860        4.3369634236017206E-003
   85.599999999999682       0.12697968454776107        3.9270807781186237E-003
   85.699999999999676       0.13484947007296627        3.8862517435296162E-003
   85.799999999999670       0.13304057936828226        3.8342071015852520E-003
   85.899999999999665       0.14791344524269021        4.8539637591689874E-003
   85.999999999999659       0.14216274091014391        4.0001761019507085E-003
   86.099999999999653       0.15865935070591505        5.1037434145254357E-003
   86.199999999999648       0.15448930756082582        4.8580131319798433E-003
   86.299999999999642       0.16227244588798290        4.6497700714848702E-003
   86.399999999999636       0.16965231113229903        5.2397590935794689E-003
   86.499999999999631       0.17127931231900984        4.7254938542462856E-003
   86.599999999999625       0.18040480332836684        5.0360651053241263E-003
   86.699999999999619       0.19034658459796977        5.1471499054151753E-003
   86.799999999999613       0.19604817701939703        5.1880501094018006E-003
   86.899999999999608       0.19592951781538898        5.3682529173101580E-003
   86.999999999999602       0.20581820800751541        5.2284893238586276E-003
   87.099999999999596       0.21028586978694108        5.3015907383282615E-003
   87.199999999999591       0.21776782613520387        5.5882378555513193E-003
   87.299999999999585       0.24014901703198061        6.4734856876198623E-003
   87.399999999999579       0.23993551278180233        5.5916135232446703E-003
   87.499999999999574       0.24805499551548227        6.0605691348768181E-003
   87.599999999999568       0.25779264230318794        6.1170960372598894E-003
   87.699999999999562       0.27389359473070596        6.6579921108230666E-003
   87.799999999999557       0.28351649391172301        6.9654016967888267E-003
   87.899999999999551       0.30037359667031543        6.8286941199841534E-003
   87.999999999999545       0.29229000340280420        6.0072712784294815E-003
   88.099999999999540       0.33438479753588024        8.1428833353045967E-003
   88.199999999999534       0.33370308274644300        7.4339437918933982E-003
   88.299999999999528       0.34982739753667741        6.9007488083947200E-003
   88.399999999999523       0.38194995037848917        8.5139106290808425E-003
   88.499999999999517       0.38287672337602691        7.4800240667826801E-003
   88.599999999999511       0.42864348514365225        8.7976324037100651E-003
   88.699999999999505       0.43338860323645412        8.9902832421638965E-003
   88.799999999999500       0.46408926863976496        8.5981770509764403E-003
   88.899999999999494       0.46945489287414777        8.2819591704176836E-003
   88.999999999999488       0.50839186064075659        9.0922192199675792E-003
   89.099999999999483       0.56423636107325614        1.0429324007629154E-002
   89.199999999999477       0.57037869528700025        9.6726898848805230E-003
   89.299999999999471       0.63079081376996349        1.1160085890696067E-002
   89.399999999999466       0.66298707641032784        1.1048005611899928E-002
   89.499999999999460       0.70845295374392081        1.1036126931408713E-002
   89.599999999999454       0.77433417572536056        1.2162029241576007E-002
   89.699999999999449       0.78435737114128135        1.1609439941290415E-002
   89.799999999999443       0.90951406563091752        1.3887140846287701E-002
   89.899999999999437       0.92285121321897223        1.2725740919511676E-002
   89.999999999999432        1.0149901821442213        1.4310555859862878E-002
   90.099999999999426        1.0846828645189683        1.4531464073767663E-002
   90.199999999999420        1.1461290914465427        1.4727388065924829E-002
   90.299999999999415        1.2273168779852031        1.4888064474941171E-002
   90.399999999999409        1.3443269180617552        1.5687897805307442E-002
   90.499999999999403        1.4455013015232383        1.7048884145861979E-002
   90.599999999999397        1.5446501550494165        1.7096775487074996E-002
   90.699999999999392        1.6404204203185173        1.7529574157294552E-002
   90.799999999999386        1.7889398080208694        1.9217151830879367E-002
   90.899999999999380        1.8609671908672929        1.8937118126270403E-002
   90.999999999999375        1.9834248074195544        2.0180921962525172E-002
   91.099999999999369        2.0847296190163527        2.1008121717204991E-002
   91.199999999999363        2.1225020473356322        2.0232816158331626E-002
   91.299999999999358        2.2034688137303560        2.0990425931896081E-002
   91.399999999999352        2.2350573541985517        2.1213777817518879E-002
   91.499999999999346        2.2221917353691323        2.0899840041280503E-002
   91.599999999999341        2.2351847955600057        2.1553898457727455E-002
   91.699999999999335        2.1730556397099048        2.0390506887376422E-002
   91.799999999999329        2.1490707165232279        2.1017676528813162E-002
   91.899999999999324        2.0604228661681976        2.0464837066658869E-002
   91.999999999999318        1.9486039065309733        1.9654900030401910E-002
   92.099999999999312        1.8534232605834342        1.8997913492721324E-002
   92.199999999999307        1.7262424263656373        1.8304253576913364E-002
   92.299999999999301        1.6747764931230777        1.8533339519792545E-002
   92.399999999999295        1.5411387830002807        1.6943091247236804E-002
   92.499999999999289        1.4303926784732670        1.5934875542386304E-002
   92.599999999999284        1.3450340788237425        1.5889947903564527E-002
   92.699999999999278        1.2596787550031339        1.4962257870795435E-002
   92.799999999999272        1.1776072224342302        1.4516813934822057E-002
   92.899999999999267        1.1057893019348564        1.3785470229831990E-002
   92.999999999999261        1.0426943108315625        1.3720862728251189E-002
   93.099999999999255       0.97752682937042412        1.2568209377026320E-002
   93.199999999999250       0.92494927106161939        1.2906139195653961E-002
   93.299999999999244       0.86586747624336302        1.2251991178613666E-002
   93.399999999999238       0.81566934819084380        1.1554819855021927E-002
   93.499999999999233       0.77536116792529530        1.1532005223996625E-002
   93.599999999999227       0.73427932518385042        1.0499956057522679E-002
   93.699999999999221       0.71349364321543296        1.0924694346430208E-002
   93.799999999999216       0.67001267990419122        1.0418272380527260E-002
   93.899999999999210       0.62705910555571875        9.5984121170938005E-003
   93.999999999999204       0.60696589931191813        9.3608493806745172E-003
   94.099999999999199       0.57543872859571488        8.6305332042235072E-003
   94.199999999999193       0.55543620147871231        8.4847004011362505E-003
   94.299999999999187       0.52824644502471685        8.1860416524542935E-003
   94.399999999999181       0.50107175055301711        7.9892134542945831E-003
   94.499999999999176       0.49403128735754254        7.8265947330967856E-003
   94.599999999999170       0.47028887213837856        7.4554764593303541E-003
   94.699999999999164       0.44301240816966075        7.1851943300746566E-003
   94.799999999999159       0.45060343296430150        7.5229320755785100E-003
   94.899999999999153       0.43511050420012787        7.0573223652737301E-003
   94.999999999999147       0.40624180569865298        6.5875332034689661E-003
   95.099999999999142       0.39575647291941907        6.4154111159063325E-003
   95.199999999999136       0.39030305457348952        6.6026330219386142E-003
   95.299999999999130       0.37708365852056402        5.9805350414747936E-003
   95.399999999999125       0.38467695119051648        6.4379599913072742E-003
   95.499999999999119       0.37364383357782771        6.1477759612461793E-003
   95.599999999999113       0.34611674818175719        5.5329245370211531E-003
   95.699999999999108       0.35419430430667426        5.6421556603459405E-003
   95.799999999999102       0.33506930985372574        5.2651552107653926E-003
   95.899999999999096       0.32846538989853302        4.9724266863290668E-003
   95.999999999999091       0.32447274112631719        5.0028498773412589E-003
   96.099999999999085       0.32499058398254788        4.9778071305791854E-003
   96.199999999999079       0.31130016085598289        4.6311834057792892E-003
   96.299999999999073       0.30791962017926594        4.5812757436413864E-003
   96.399999999999068       0.30066729953147187        4.3523801729027575E-003
   96.499999999999062       0.30117096043946789        4.4013846620710321E-003
   96.599999999999056       0.30114700040438558        4.4681007269820527E-003
   96.699999999999051       0.29366698958334680        4.1816965041972269E-003
   96.799999999999045       0.29033108726610535        3.9901645282997087E-003
   96.899999999999039       0.29276508524158618        4.0105514344299688E-003
   96.999999999999034       0.28933919198017050        3.8117622221847257E-003
   97.099999999999028       0.28394302317925724        3.7182236698412360E-003
   97.199999999999022       0.27828397655127135        3.5563658894040211E-003
   97.299999999999017       0.28218346600465638        3.5538041129903695E-003
   97.399999999999011       0.28696327460323701        3.6377655887025219E-003
   97.499999999999005       0.28777683395083997        3.4970584489276515E-003
   97.599999999999000       0.28771071075120092        3.3806702394653426E-003
   97.699999999998994       0.28264701268570774        3.2382129991992718E-003
   97.799999999998988       0.28778462679539374        3.2197634372508966E-003
   97.899999999998983       0.28761978982785569        3.1153115195019748E-003
   97.999999999998977       0.29166037146612883        3.1160038428708981E-003
   98.099999999998971       0.29320932091682994        2.9424071867359277E-003
   98.199999999998965       0.29855635976758044        2.9542432124192697E-003
   98.299999999998960       0.30024723393465014        2.8755922881448454E-003
   98.399999999998954       0.31233286181684061        2.8611918293306783E-003
   98.499999999998948       0.31319340108252652        2.7607710476395060E-003
   98.599999999998943       0.31805843246551313        2.6485835358143056E-003
   98.699999999998937       0.33208261988264726        2.6902055315536780E-003
   98.799999999998931       0.34418016472330915        2.6567348981492980E-003
   98.899999999998926       0.35675604620049822        2.5794978083247652E-003
   98.999999999998920       0.36871651163381564        2.4961656598895972E-003
   99.099999999998914       0.39015110116384843        2.4985932614854270E-003
   99.199999999998909       0.41280993356425966        2.4440834315888043E-003
   99.299999999998903       0.44509720189822699        2.4320135774437480E-003
   99.399999999998897       0.48091608030696298        2.3867578354168965E-003
   99.499999999998892       0.53369403813710703        2.3539117903129641E-003
   99.599999999998886       0.60510513091833495        2.3082871448360976E-003
   99.699999999998880       0.71808251993272176        2.2738633171036338E-003
   99.799999999998875       0.92814680412738015        2.2373840554809209E-003
   99.899999999998869        1.1726022424972515        1.8772449156231768E-003
