  0.40000000000000002        31.576459183828408       0.31022576176112754     
  0.40800000000000003        32.752860107163343       0.32487906541849421     
  0.41600000000000004        34.084804033771235       0.34806414212919418     
  0.42400000000000004        34.787926769699531       0.33761649369672569     
  0.43200000000000005        35.338482313473072       0.32220109482409542     
  0.44000000000000006        36.646776184647720       0.34520652235383881     
  0.44800000000000006        37.566494236766296       0.34231570351531809     
  0.45600000000000007        39.110723442028821       0.36261742387470536     
  0.46400000000000008        40.311818400550301       0.35079141693824206     
  0.47200000000000009        41.386330876133755       0.36406578555156727     
  0.48000000000000009        43.725384577946897       0.45906669612070411     
  0.48800000000000010        44.866590653916887       0.37267867116634773     
  0.49600000000000011        46.228199366437181       0.38659449245536137     
  0.50400000000000011        49.592493624408803       0.39610569586876632     
  0.51200000000000012        52.052607431219535       0.46489637728218691     
  0.52000000000000013        55.438899758104974       0.40629891397686752     
  0.52800000000000014        60.457661318254154       0.45330393991971768     
  0.53600000000000014        66.551071720626481       0.46630197997362888     
  0.54400000000000015        75.611424500993124       0.50704981147601025     
  0.55200000000000016        89.026071696135688       0.56443341352147713     
  0.56000000000000016        95.411177486040870       0.59776033611806978     
  0.56800000000000017        65.269141484945649       0.47963600940692475     
  0.57600000000000018        35.338882278241826       0.30748088856980188     
  0.58400000000000019        23.009955316104993       0.18798661060182442     
  0.59200000000000019        17.564454932436302       0.13134946860206950     
  0.60000000000000020        14.674602986366741        9.3344131750682138E-002
  0.60800000000000021        13.044681494097008        6.6862610688428276E-002
  0.61600000000000021        8.1468799826634637        3.4764196903891598E-002
  0.62400000000000022        0.0000000000000000        0.0000000000000000     
  0.63200000000000023        0.0000000000000000        0.0000000000000000     
  0.64000000000000024        0.0000000000000000        0.0000000000000000     
  0.64800000000000024        0.0000000000000000        0.0000000000000000     
  0.65600000000000025        0.0000000000000000        0.0000000000000000     
  0.66400000000000026        0.0000000000000000        0.0000000000000000     
  0.67200000000000026        0.0000000000000000        0.0000000000000000     
  0.68000000000000027        0.0000000000000000        0.0000000000000000     
  0.68800000000000028        0.0000000000000000        0.0000000000000000     
  0.69600000000000029        0.0000000000000000        0.0000000000000000     
  0.70400000000000029        0.0000000000000000        0.0000000000000000     
  0.71200000000000030        0.0000000000000000        0.0000000000000000     
  0.72000000000000031        0.0000000000000000        0.0000000000000000     
  0.72800000000000031        0.0000000000000000        0.0000000000000000     
  0.73600000000000032        0.0000000000000000        0.0000000000000000     
  0.74400000000000033        0.0000000000000000        0.0000000000000000     
  0.75200000000000033        0.0000000000000000        0.0000000000000000     
  0.76000000000000034        0.0000000000000000        0.0000000000000000     
  0.76800000000000035        0.0000000000000000        0.0000000000000000     
  0.77600000000000036        0.0000000000000000        0.0000000000000000     
  0.78400000000000036        0.0000000000000000        0.0000000000000000     
  0.79200000000000037        0.0000000000000000        0.0000000000000000     
  0.80000000000000038        0.0000000000000000        0.0000000000000000     
  0.80800000000000038        0.0000000000000000        0.0000000000000000     
  0.81600000000000039        0.0000000000000000        0.0000000000000000     
  0.82400000000000040        0.0000000000000000        0.0000000000000000     
  0.83200000000000041        0.0000000000000000        0.0000000000000000     
  0.84000000000000041        0.0000000000000000        0.0000000000000000     
  0.84800000000000042        0.0000000000000000        0.0000000000000000     
  0.85600000000000043        0.0000000000000000        0.0000000000000000     
  0.86400000000000043        0.0000000000000000        0.0000000000000000     
  0.87200000000000044        0.0000000000000000        0.0000000000000000     
  0.88000000000000045        0.0000000000000000        0.0000000000000000     
  0.88800000000000046        0.0000000000000000        0.0000000000000000     
  0.89600000000000046        0.0000000000000000        0.0000000000000000     
  0.90400000000000047        0.0000000000000000        0.0000000000000000     
  0.91200000000000048        0.0000000000000000        0.0000000000000000     
  0.92000000000000048        0.0000000000000000        0.0000000000000000     
  0.92800000000000049        0.0000000000000000        0.0000000000000000     
  0.93600000000000050        0.0000000000000000        0.0000000000000000     
  0.94400000000000051        0.0000000000000000        0.0000000000000000     
  0.95200000000000051        0.0000000000000000        0.0000000000000000     
  0.96000000000000052        0.0000000000000000        0.0000000000000000     
  0.96800000000000053        0.0000000000000000        0.0000000000000000     
  0.97600000000000053        0.0000000000000000        0.0000000000000000     
  0.98400000000000054        0.0000000000000000        0.0000000000000000     
  0.99200000000000044        0.0000000000000000        0.0000000000000000     
   1.0000000000000004        0.0000000000000000        0.0000000000000000     
   1.0080000000000005        0.0000000000000000        0.0000000000000000     
   1.0160000000000005        0.0000000000000000        0.0000000000000000     
   1.0240000000000005        0.0000000000000000        0.0000000000000000     
   1.0320000000000005        0.0000000000000000        0.0000000000000000     
   1.0400000000000005        0.0000000000000000        0.0000000000000000     
   1.0480000000000005        0.0000000000000000        0.0000000000000000     
   1.0560000000000005        0.0000000000000000        0.0000000000000000     
   1.0640000000000005        0.0000000000000000        0.0000000000000000     
   1.0720000000000005        0.0000000000000000        0.0000000000000000     
   1.0800000000000005        0.0000000000000000        0.0000000000000000     
   1.0880000000000005        0.0000000000000000        0.0000000000000000     
   1.0960000000000005        0.0000000000000000        0.0000000000000000     
   1.1040000000000005        0.0000000000000000        0.0000000000000000     
   1.1120000000000005        0.0000000000000000        0.0000000000000000     
   1.1200000000000006        0.0000000000000000        0.0000000000000000     
   1.1280000000000006        0.0000000000000000        0.0000000000000000     
   1.1360000000000006        0.0000000000000000        0.0000000000000000     
   1.1440000000000006        0.0000000000000000        0.0000000000000000     
   1.1520000000000006        0.0000000000000000        0.0000000000000000     
   1.1600000000000006        0.0000000000000000        0.0000000000000000     
   1.1680000000000006        0.0000000000000000        0.0000000000000000     
   1.1760000000000006        0.0000000000000000        0.0000000000000000     
   1.1840000000000006        0.0000000000000000        0.0000000000000000     
   1.1920000000000006        0.0000000000000000        0.0000000000000000     
   1.2000000000000006        0.0000000000000000        0.0000000000000000     
   1.2080000000000006        0.0000000000000000        0.0000000000000000     
   1.2160000000000006        0.0000000000000000        0.0000000000000000     
   1.2240000000000006        0.0000000000000000        0.0000000000000000     
   1.2320000000000007        0.0000000000000000        0.0000000000000000     
   1.2400000000000007        0.0000000000000000        0.0000000000000000     
   1.2480000000000007        0.0000000000000000        0.0000000000000000     
   1.2560000000000007        0.0000000000000000        0.0000000000000000     
   1.2640000000000007        0.0000000000000000        0.0000000000000000     
   1.2720000000000007        0.0000000000000000        0.0000000000000000     
   1.2800000000000007        0.0000000000000000        0.0000000000000000     
   1.2880000000000007        0.0000000000000000        0.0000000000000000     
   1.2960000000000007        0.0000000000000000        0.0000000000000000     
   1.3040000000000007        0.0000000000000000        0.0000000000000000     
   1.3120000000000007        0.0000000000000000        0.0000000000000000     
   1.3200000000000007        0.0000000000000000        0.0000000000000000     
   1.3280000000000007        0.0000000000000000        0.0000000000000000     
   1.3360000000000007        0.0000000000000000        0.0000000000000000     
   1.3440000000000007        0.0000000000000000        0.0000000000000000     
   1.3520000000000008        0.0000000000000000        0.0000000000000000     
   1.3600000000000008        0.0000000000000000        0.0000000000000000     
   1.3680000000000008        0.0000000000000000        0.0000000000000000     
   1.3760000000000008        0.0000000000000000        0.0000000000000000     
   1.3840000000000008        0.0000000000000000        0.0000000000000000     
   1.3920000000000008        0.0000000000000000        0.0000000000000000     
   1.4000000000000008        0.0000000000000000        0.0000000000000000     
   1.4080000000000008        0.0000000000000000        0.0000000000000000     
   1.4160000000000008        0.0000000000000000        0.0000000000000000     
   1.4240000000000008        0.0000000000000000        0.0000000000000000     
   1.4320000000000008        0.0000000000000000        0.0000000000000000     
   1.4400000000000008        0.0000000000000000        0.0000000000000000     
   1.4480000000000008        0.0000000000000000        0.0000000000000000     
   1.4560000000000008        0.0000000000000000        0.0000000000000000     
   1.4640000000000009        0.0000000000000000        0.0000000000000000     
   1.4720000000000009        0.0000000000000000        0.0000000000000000     
   1.4800000000000009        0.0000000000000000        0.0000000000000000     
   1.4880000000000009        0.0000000000000000        0.0000000000000000     
   1.4960000000000009        0.0000000000000000        0.0000000000000000     
   1.5040000000000009        0.0000000000000000        0.0000000000000000     
   1.5120000000000009        0.0000000000000000        0.0000000000000000     
   1.5200000000000009        0.0000000000000000        0.0000000000000000     
   1.5280000000000009        0.0000000000000000        0.0000000000000000     
   1.5360000000000009        0.0000000000000000        0.0000000000000000     
   1.5440000000000009        0.0000000000000000        0.0000000000000000     
   1.5520000000000009        0.0000000000000000        0.0000000000000000     
   1.5600000000000009        0.0000000000000000        0.0000000000000000     
   1.5680000000000009        0.0000000000000000        0.0000000000000000     
   1.5760000000000010        0.0000000000000000        0.0000000000000000     
   1.5840000000000010        0.0000000000000000        0.0000000000000000     
   1.5920000000000010        0.0000000000000000        0.0000000000000000     
   1.6000000000000010        0.0000000000000000        0.0000000000000000     
   1.6080000000000010        0.0000000000000000        0.0000000000000000     
   1.6160000000000010        0.0000000000000000        0.0000000000000000     
   1.6240000000000010        0.0000000000000000        0.0000000000000000     
   1.6320000000000010        0.0000000000000000        0.0000000000000000     
   1.6400000000000010        0.0000000000000000        0.0000000000000000     
   1.6480000000000010        0.0000000000000000        0.0000000000000000     
   1.6560000000000010        0.0000000000000000        0.0000000000000000     
   1.6640000000000010        0.0000000000000000        0.0000000000000000     
   1.6720000000000010        0.0000000000000000        0.0000000000000000     
   1.6800000000000010        0.0000000000000000        0.0000000000000000     
   1.6880000000000011        0.0000000000000000        0.0000000000000000     
   1.6960000000000011        0.0000000000000000        0.0000000000000000     
   1.7040000000000011        0.0000000000000000        0.0000000000000000     
   1.7120000000000011        0.0000000000000000        0.0000000000000000     
   1.7200000000000011        0.0000000000000000        0.0000000000000000     
   1.7280000000000011        0.0000000000000000        0.0000000000000000     
   1.7360000000000011        0.0000000000000000        0.0000000000000000     
   1.7440000000000011        0.0000000000000000        0.0000000000000000     
   1.7520000000000011        0.0000000000000000        0.0000000000000000     
   1.7600000000000011        0.0000000000000000        0.0000000000000000     
   1.7680000000000011        0.0000000000000000        0.0000000000000000     
   1.7760000000000011        0.0000000000000000        0.0000000000000000     
   1.7840000000000011        0.0000000000000000        0.0000000000000000     
   1.7920000000000011        0.0000000000000000        0.0000000000000000     
   1.8000000000000012        0.0000000000000000        0.0000000000000000     
   1.8080000000000012        0.0000000000000000        0.0000000000000000     
   1.8160000000000012        0.0000000000000000        0.0000000000000000     
   1.8240000000000012        0.0000000000000000        0.0000000000000000     
   1.8320000000000012        0.0000000000000000        0.0000000000000000     
   1.8400000000000012        0.0000000000000000        0.0000000000000000     
   1.8480000000000012        0.0000000000000000        0.0000000000000000     
   1.8560000000000012        0.0000000000000000        0.0000000000000000     
   1.8640000000000012        0.0000000000000000        0.0000000000000000     
   1.8720000000000012        0.0000000000000000        0.0000000000000000     
   1.8800000000000012        0.0000000000000000        0.0000000000000000     
   1.8880000000000012        0.0000000000000000        0.0000000000000000     
   1.8960000000000012        0.0000000000000000        0.0000000000000000     
   1.9040000000000012        0.0000000000000000        0.0000000000000000     
   1.9120000000000013        0.0000000000000000        0.0000000000000000     
   1.9200000000000013        0.0000000000000000        0.0000000000000000     
   1.9280000000000013        0.0000000000000000        0.0000000000000000     
   1.9360000000000013        0.0000000000000000        0.0000000000000000     
   1.9440000000000013        0.0000000000000000        0.0000000000000000     
   1.9520000000000013        0.0000000000000000        0.0000000000000000     
   1.9600000000000013        0.0000000000000000        0.0000000000000000     
   1.9680000000000013        0.0000000000000000        0.0000000000000000     
   1.9760000000000013        0.0000000000000000        0.0000000000000000     
   1.9840000000000013        0.0000000000000000        0.0000000000000000     
   1.9920000000000013        0.0000000000000000        0.0000000000000000     
