  0.59999999999999998        3.1387548826664752E-002   1.2956534553561414E-004
  0.60599999999999998        3.1492410092442830E-002   1.2921725633070535E-004
  0.61199999999999999        3.1509515947092670E-002   1.2859590825719809E-004
  0.61799999999999999        3.1623899616938254E-002   1.2832071088517832E-004
  0.62400000000000000        3.1741499491697543E-002   1.2797422813578589E-004
  0.63000000000000000        3.1958769322660029E-002   1.2826432100921325E-004
  0.63600000000000001        3.2057229364656076E-002   1.2796386248757448E-004
  0.64200000000000002        3.2231567461059381E-002   1.2802033226399229E-004
  0.64800000000000002        3.2614453054526628E-002   1.2842875754229865E-004
  0.65400000000000003        3.2453559942793524E-002   1.2775006195303289E-004
  0.66000000000000003        3.2812972301598194E-002   1.2817981595208394E-004
  0.66600000000000004        3.3081430759544887E-002   1.2850000708975647E-004
  0.67200000000000004        3.2936308103255263E-002   1.2807756520086711E-004
  0.67800000000000005        3.3354697227099606E-002   1.2856888657632062E-004
  0.68400000000000005        3.3706482671165508E-002   1.2910558657630949E-004
  0.69000000000000006        3.4066107999603627E-002   1.2978528836298994E-004
  0.69600000000000006        3.4095753535241573E-002   1.2953372247916290E-004
  0.70200000000000007        3.4208428692689252E-002   1.2967162302218076E-004
  0.70800000000000007        3.4516912957649679E-002   1.3015952683576997E-004
  0.71400000000000008        3.4804786327158388E-002   1.3072738119061406E-004
  0.72000000000000008        3.5370694910961196E-002   1.3172696695617727E-004
  0.72600000000000009        3.5426211633814972E-002   1.3164639098938702E-004
  0.73200000000000010        3.5589863483699843E-002   1.3192501271880902E-004
  0.73800000000000010        3.5802937376841495E-002   1.3222549147861527E-004
  0.74400000000000011        3.6357447031697902E-002   1.3327682562831682E-004
  0.75000000000000011        3.6479659151448303E-002   1.3336603451491699E-004
  0.75600000000000012        3.6944449326539314E-002   1.3440191666761524E-004
  0.76200000000000012        3.7506477206507870E-002   1.3527064248497361E-004
  0.76800000000000013        3.7527790606372631E-002   1.3534741495052540E-004
  0.77400000000000013        3.7714391371872366E-002   1.3561582678146727E-004
  0.78000000000000014        3.8426038175244412E-002   1.3694270941545068E-004
  0.78600000000000014        3.8465508482054787E-002   1.3700431666490017E-004
  0.79200000000000015        3.8841202383135202E-002   1.3765836888542034E-004
  0.79800000000000015        3.9533453969237568E-002   1.3895800359352243E-004
  0.80400000000000016        3.9998025483783305E-002   1.3975652532042875E-004
  0.81000000000000016        4.0359980574537865E-002   1.4056169199015502E-004
  0.81600000000000017        4.0970855392551665E-002   1.4165753991700732E-004
  0.82200000000000017        4.1542022109156654E-002   1.4274937661732607E-004
  0.82800000000000018        4.1864416651757878E-002   1.4333776488327030E-004
  0.83400000000000019        4.2384700492348222E-002   1.4421319182801072E-004
  0.84000000000000019        4.2763701123799611E-002   1.4505778498716238E-004
  0.84600000000000020        4.3479519463813614E-002   1.4642046527556734E-004
  0.85200000000000020        4.4378065553300622E-002   1.4791496943041037E-004
  0.85800000000000021        4.5024298260724689E-002   1.4911613825266737E-004
  0.86400000000000021        4.5469796752758619E-002   1.4995988600803559E-004
  0.87000000000000022        4.6226741187523943E-002   1.5141134271478706E-004
  0.87600000000000022        4.6790673715517914E-002   1.5248047973703683E-004
  0.88200000000000023        4.8000935814869757E-002   1.5452040997919995E-004
  0.88800000000000023        4.8780529295841910E-002   1.5600710393045289E-004
  0.89400000000000024        4.9973317239696675E-002   1.5807843917265779E-004
  0.90000000000000024        5.0853918911371247E-002   1.5975263219221675E-004
  0.90600000000000025        5.2056716300098553E-002   1.6174635929705312E-004
  0.91200000000000025        5.3682316318780191E-002   1.6451098410464744E-004
  0.91800000000000026        5.5069996609483376E-002   1.6693369351373122E-004
  0.92400000000000027        5.6243954637437504E-002   1.6897268386907618E-004
  0.93000000000000027        5.8172234941252961E-002   1.7209058279185399E-004
  0.93600000000000028        6.0133564798719646E-002   1.7514098870651749E-004
  0.94200000000000028        6.1960502515119850E-002   1.7799424699996226E-004
  0.94800000000000029        6.4578202858534176E-002   1.8194238872066925E-004
  0.95400000000000029        6.7681506606668565E-002   1.8652717772535030E-004
  0.96000000000000030        7.0859031876970083E-002   1.9073822923258216E-004
  0.96600000000000030        7.3924074375416787E-002   1.9442598271532074E-004
  0.97200000000000031        7.8445215457272691E-002   1.9948088020377915E-004
  0.97800000000000031        8.2145116305580107E-002   2.0239891091365260E-004
  0.98400000000000032        8.4712110693303658E-002   2.0214123841686129E-004
  0.99000000000000032        8.1334706448601843E-002   1.9204400298433727E-004
  0.99600000000000022        6.6554649113798853E-002   1.6407986796523449E-004
   1.0020000000000002        4.3405515003536364E-002   1.2045005269408083E-004
   1.0080000000000002        2.3660724855934595E-002   7.6730740281554880E-005
   1.0140000000000002        1.1942127794723869E-002   4.4368316268578193E-005
   1.0200000000000002        5.7104826326130880E-003   2.3280624270867199E-005
   1.0260000000000002        2.4317499689793828E-003   1.0430262871820445E-005
   1.0320000000000003        7.4374932480084750E-004   3.3207777282404762E-006
   1.0380000000000003        6.2096068549651412E-005   3.7467470607346669E-007
   1.0440000000000003        0.0000000000000000        0.0000000000000000     
   1.0500000000000003        0.0000000000000000        0.0000000000000000     
   1.0560000000000003        0.0000000000000000        0.0000000000000000     
   1.0620000000000003        0.0000000000000000        0.0000000000000000     
   1.0680000000000003        0.0000000000000000        0.0000000000000000     
   1.0740000000000003        0.0000000000000000        0.0000000000000000     
   1.0800000000000003        0.0000000000000000        0.0000000000000000     
   1.0860000000000003        0.0000000000000000        0.0000000000000000     
   1.0920000000000003        0.0000000000000000        0.0000000000000000     
   1.0980000000000003        0.0000000000000000        0.0000000000000000     
   1.1040000000000003        0.0000000000000000        0.0000000000000000     
   1.1100000000000003        0.0000000000000000        0.0000000000000000     
   1.1160000000000003        0.0000000000000000        0.0000000000000000     
   1.1220000000000003        0.0000000000000000        0.0000000000000000     
   1.1280000000000003        0.0000000000000000        0.0000000000000000     
   1.1340000000000003        0.0000000000000000        0.0000000000000000     
   1.1400000000000003        0.0000000000000000        0.0000000000000000     
   1.1460000000000004        0.0000000000000000        0.0000000000000000     
   1.1520000000000004        0.0000000000000000        0.0000000000000000     
   1.1580000000000004        0.0000000000000000        0.0000000000000000     
   1.1640000000000004        0.0000000000000000        0.0000000000000000     
   1.1700000000000004        0.0000000000000000        0.0000000000000000     
   1.1760000000000004        0.0000000000000000        0.0000000000000000     
   1.1820000000000004        0.0000000000000000        0.0000000000000000     
   1.1880000000000004        0.0000000000000000        0.0000000000000000     
   1.1940000000000004        0.0000000000000000        0.0000000000000000     
   1.2000000000000004        0.0000000000000000        0.0000000000000000     
   1.2060000000000004        0.0000000000000000        0.0000000000000000     
   1.2120000000000004        0.0000000000000000        0.0000000000000000     
   1.2180000000000004        0.0000000000000000        0.0000000000000000     
   1.2240000000000004        0.0000000000000000        0.0000000000000000     
   1.2300000000000004        0.0000000000000000        0.0000000000000000     
   1.2360000000000004        0.0000000000000000        0.0000000000000000     
   1.2420000000000004        0.0000000000000000        0.0000000000000000     
   1.2480000000000004        0.0000000000000000        0.0000000000000000     
   1.2540000000000004        0.0000000000000000        0.0000000000000000     
   1.2600000000000005        0.0000000000000000        0.0000000000000000     
   1.2660000000000005        0.0000000000000000        0.0000000000000000     
   1.2720000000000005        0.0000000000000000        0.0000000000000000     
   1.2780000000000005        0.0000000000000000        0.0000000000000000     
   1.2840000000000005        0.0000000000000000        0.0000000000000000     
   1.2900000000000005        0.0000000000000000        0.0000000000000000     
   1.2960000000000005        0.0000000000000000        0.0000000000000000     
   1.3020000000000005        0.0000000000000000        0.0000000000000000     
   1.3080000000000005        0.0000000000000000        0.0000000000000000     
   1.3140000000000005        0.0000000000000000        0.0000000000000000     
   1.3200000000000005        0.0000000000000000        0.0000000000000000     
   1.3260000000000005        0.0000000000000000        0.0000000000000000     
   1.3320000000000005        0.0000000000000000        0.0000000000000000     
   1.3380000000000005        0.0000000000000000        0.0000000000000000     
   1.3440000000000005        0.0000000000000000        0.0000000000000000     
   1.3500000000000005        0.0000000000000000        0.0000000000000000     
   1.3560000000000005        0.0000000000000000        0.0000000000000000     
   1.3620000000000005        0.0000000000000000        0.0000000000000000     
   1.3680000000000005        0.0000000000000000        0.0000000000000000     
   1.3740000000000006        0.0000000000000000        0.0000000000000000     
   1.3800000000000006        0.0000000000000000        0.0000000000000000     
   1.3860000000000006        0.0000000000000000        0.0000000000000000     
   1.3920000000000006        0.0000000000000000        0.0000000000000000     
   1.3980000000000006        0.0000000000000000        0.0000000000000000     
   1.4040000000000006        0.0000000000000000        0.0000000000000000     
   1.4100000000000006        0.0000000000000000        0.0000000000000000     
   1.4160000000000006        0.0000000000000000        0.0000000000000000     
   1.4220000000000006        0.0000000000000000        0.0000000000000000     
   1.4280000000000006        0.0000000000000000        0.0000000000000000     
   1.4340000000000006        0.0000000000000000        0.0000000000000000     
   1.4400000000000006        0.0000000000000000        0.0000000000000000     
   1.4460000000000006        0.0000000000000000        0.0000000000000000     
   1.4520000000000006        0.0000000000000000        0.0000000000000000     
   1.4580000000000006        0.0000000000000000        0.0000000000000000     
   1.4640000000000006        0.0000000000000000        0.0000000000000000     
   1.4700000000000006        0.0000000000000000        0.0000000000000000     
   1.4760000000000006        0.0000000000000000        0.0000000000000000     
   1.4820000000000007        0.0000000000000000        0.0000000000000000     
   1.4880000000000007        0.0000000000000000        0.0000000000000000     
   1.4940000000000007        0.0000000000000000        0.0000000000000000     
   1.5000000000000007        0.0000000000000000        0.0000000000000000     
   1.5060000000000007        0.0000000000000000        0.0000000000000000     
   1.5120000000000007        0.0000000000000000        0.0000000000000000     
   1.5180000000000007        0.0000000000000000        0.0000000000000000     
   1.5240000000000007        0.0000000000000000        0.0000000000000000     
   1.5300000000000007        0.0000000000000000        0.0000000000000000     
   1.5360000000000007        0.0000000000000000        0.0000000000000000     
   1.5420000000000007        0.0000000000000000        0.0000000000000000     
   1.5480000000000007        0.0000000000000000        0.0000000000000000     
   1.5540000000000007        0.0000000000000000        0.0000000000000000     
   1.5600000000000007        0.0000000000000000        0.0000000000000000     
   1.5660000000000007        0.0000000000000000        0.0000000000000000     
   1.5720000000000007        0.0000000000000000        0.0000000000000000     
   1.5780000000000007        0.0000000000000000        0.0000000000000000     
   1.5840000000000007        0.0000000000000000        0.0000000000000000     
   1.5900000000000007        0.0000000000000000        0.0000000000000000     
   1.5960000000000008        0.0000000000000000        0.0000000000000000     
   1.6020000000000008        0.0000000000000000        0.0000000000000000     
   1.6080000000000008        0.0000000000000000        0.0000000000000000     
   1.6140000000000008        0.0000000000000000        0.0000000000000000     
   1.6200000000000008        0.0000000000000000        0.0000000000000000     
   1.6260000000000008        0.0000000000000000        0.0000000000000000     
   1.6320000000000008        0.0000000000000000        0.0000000000000000     
   1.6380000000000008        0.0000000000000000        0.0000000000000000     
   1.6440000000000008        0.0000000000000000        0.0000000000000000     
   1.6500000000000008        0.0000000000000000        0.0000000000000000     
   1.6560000000000008        0.0000000000000000        0.0000000000000000     
   1.6620000000000008        0.0000000000000000        0.0000000000000000     
   1.6680000000000008        0.0000000000000000        0.0000000000000000     
   1.6740000000000008        0.0000000000000000        0.0000000000000000     
   1.6800000000000008        0.0000000000000000        0.0000000000000000     
   1.6860000000000008        0.0000000000000000        0.0000000000000000     
   1.6920000000000008        0.0000000000000000        0.0000000000000000     
   1.6980000000000008        0.0000000000000000        0.0000000000000000     
   1.7040000000000008        0.0000000000000000        0.0000000000000000     
   1.7100000000000009        0.0000000000000000        0.0000000000000000     
   1.7160000000000009        0.0000000000000000        0.0000000000000000     
   1.7220000000000009        0.0000000000000000        0.0000000000000000     
   1.7280000000000009        0.0000000000000000        0.0000000000000000     
   1.7340000000000009        0.0000000000000000        0.0000000000000000     
   1.7400000000000009        0.0000000000000000        0.0000000000000000     
   1.7460000000000009        0.0000000000000000        0.0000000000000000     
   1.7520000000000009        0.0000000000000000        0.0000000000000000     
   1.7580000000000009        0.0000000000000000        0.0000000000000000     
   1.7640000000000009        0.0000000000000000        0.0000000000000000     
   1.7700000000000009        0.0000000000000000        0.0000000000000000     
   1.7760000000000009        0.0000000000000000        0.0000000000000000     
   1.7820000000000009        0.0000000000000000        0.0000000000000000     
   1.7880000000000009        0.0000000000000000        0.0000000000000000     
   1.7940000000000009        0.0000000000000000        0.0000000000000000     
