   20.000000000000000        0.0000000000000000        0.0000000000000000     
   20.199999999999999        0.0000000000000000        0.0000000000000000     
   20.399999999999999        0.0000000000000000        0.0000000000000000     
   20.599999999999998        0.0000000000000000        0.0000000000000000     
   20.799999999999997        0.0000000000000000        0.0000000000000000     
   20.999999999999996        0.0000000000000000        0.0000000000000000     
   21.199999999999996        0.0000000000000000        0.0000000000000000     
   21.399999999999995        0.0000000000000000        0.0000000000000000     
   21.599999999999994        0.0000000000000000        0.0000000000000000     
   21.799999999999994        0.0000000000000000        0.0000000000000000     
   21.999999999999993        0.0000000000000000        0.0000000000000000     
   22.199999999999992        0.0000000000000000        0.0000000000000000     
   22.399999999999991        0.0000000000000000        0.0000000000000000     
   22.599999999999991        0.0000000000000000        0.0000000000000000     
   22.799999999999990        0.0000000000000000        0.0000000000000000     
   22.999999999999989        0.0000000000000000        0.0000000000000000     
   23.199999999999989        0.0000000000000000        0.0000000000000000     
   23.399999999999988        0.0000000000000000        0.0000000000000000     
   23.599999999999987        0.0000000000000000        0.0000000000000000     
   23.799999999999986        0.0000000000000000        0.0000000000000000     
   23.999999999999986        0.0000000000000000        0.0000000000000000     
   24.199999999999985        0.0000000000000000        0.0000000000000000     
   24.399999999999984        0.0000000000000000        0.0000000000000000     
   24.599999999999984        0.0000000000000000        0.0000000000000000     
   24.799999999999983        0.0000000000000000        0.0000000000000000     
   24.999999999999982       0.27184032638826100        6.0793282347900972E-003
   25.199999999999982       0.27899686132074464        6.2899398930435918E-003
   25.399999999999981       0.27342264875913402        5.1785049122171148E-003
   25.599999999999980       0.29190024452663277        6.1378296241041174E-003
   25.799999999999979       0.28592845959970653        5.5346850494842224E-003
   25.999999999999979       0.29051218928132216        5.6506523660710241E-003
   26.199999999999978       0.30232278376870986        6.0270340033283035E-003
   26.399999999999977       0.30131417038125430        5.6905873810496645E-003
   26.599999999999977       0.31442494951560962        6.3226694016789535E-003
   26.799999999999976       0.30864645377310485        6.1223587072405262E-003
   26.999999999999975       0.31733408333327512        5.8830040963855565E-003
   27.199999999999974       0.31872858485968530        6.0097816045570135E-003
   27.399999999999974       0.32883267913071806        6.0792044392325535E-003
   27.599999999999973       0.31155536487197671        5.6619621734532504E-003
   27.799999999999972       0.33983246561428138        6.4960059128909781E-003
   27.999999999999972       0.32710929974081376        5.7183117953960513E-003
   28.199999999999971       0.31417666292079344        5.1031711552144638E-003
   28.399999999999970       0.32046518330161478        5.3827894947435281E-003
   28.599999999999969       0.32323209587567225        5.6478976242168005E-003
   28.799999999999969       0.33677004749207579        5.8258188800306265E-003
   28.999999999999968       0.33691761705739781        6.2772723461336334E-003
   29.199999999999967       0.34372869986403176        6.1775222228731734E-003
   29.399999999999967       0.35408033491593838        6.6597388012639052E-003
   29.599999999999966       0.36278909493568667        6.7768290333108990E-003
   29.799999999999965       0.34747832967049536        6.1697208268119167E-003
   29.999999999999964       0.34910154492924356        6.0478656485415212E-003
   30.199999999999964       0.36280946553554039        6.4360773794939850E-003
   30.399999999999963       0.36503458654413545        6.6163690259486959E-003
   30.599999999999962       0.36063211758485975        6.1357281106196601E-003
   30.799999999999962       0.36784301804488040        6.2176861238020919E-003
   30.999999999999961       0.37294134055806105        6.6486440022110287E-003
   31.199999999999960       0.37314618940202016        6.2001807718678010E-003
   31.399999999999959       0.38099229332413548        6.7081034089044173E-003
   31.599999999999959       0.37965572915140872        6.7407342625784798E-003
   31.799999999999958       0.38175527120947961        6.9754864748737362E-003
   31.999999999999961       0.38747307817865601        6.8398618575931025E-003
   32.199999999999960       0.38557444790247991        6.2353092808413576E-003
   32.399999999999963       0.39198404285057786        7.0144043570797981E-003
   32.599999999999966       0.39971565521789693        6.6492504624809708E-003
   32.799999999999969       0.39866058563283685        6.5458868142722485E-003
   32.999999999999972       0.40535722950927522        6.9863797104614623E-003
   33.199999999999974       0.39999454466435852        6.7736895168226509E-003
   33.399999999999977       0.39936758945644196        6.5265069750618373E-003
   33.599999999999980       0.40563279399443353        6.5649238898702802E-003
   33.799999999999983       0.41550304660729048        6.7625612360471474E-003
   33.999999999999986       0.42206347608043465        6.9031714067906598E-003
   34.199999999999989       0.41884922972663047        6.9487254324087653E-003
   34.399999999999991       0.44278415410533750        7.7455082530313094E-003
   34.599999999999994       0.43774114232589723        7.4465477372887478E-003
   34.799999999999997       0.43399205775755273        6.8300823467879555E-003
   35.000000000000000       0.43720345550211276        7.1261805451531424E-003
   35.200000000000003       0.46162839242353726        7.4185287944520664E-003
   35.400000000000006       0.44146352781519232        7.0847712273860060E-003
   35.600000000000009       0.45748681259775487        7.4980477247664420E-003
   35.800000000000011       0.44349334113385114        6.7779978204579585E-003
   36.000000000000014       0.45905500030220847        7.3026207565543653E-003
   36.200000000000017       0.47670998016637167        7.4411914866530839E-003
   36.400000000000020       0.46086847040098983        7.0899576283222692E-003
   36.600000000000023       0.47995478824544979        7.8737177505206288E-003
   36.800000000000026       0.47450157048989655        7.5045720511499898E-003
   37.000000000000028       0.47527922262075750        7.4483681292028215E-003
   37.200000000000031       0.47925822385000227        6.9617837626319099E-003
   37.400000000000034       0.49060489930195966        7.7996487853747272E-003
   37.600000000000037       0.51387189032721359        8.5505306280594280E-003
   37.800000000000040       0.50566002464999471        7.7274500963599385E-003
   38.000000000000043       0.49777068292044191        7.1629235438462942E-003
   38.200000000000045       0.51352439439842335        7.7634808423374313E-003
   38.400000000000048       0.52202197190806865        7.5410305253764617E-003
   38.600000000000051       0.52555344399483905        7.8972597576916388E-003
   38.800000000000054       0.53644260503169006        8.1580139149664936E-003
   39.000000000000057       0.54567139502300366        7.9814961917329275E-003
   39.200000000000060       0.55400299942018205        8.2126427177334604E-003
   39.400000000000063       0.55442806554697621        7.9754687289596855E-003
   39.600000000000065       0.55577333133651607        7.6796630003226523E-003
   39.800000000000068       0.55906223299992897        7.6598866309002030E-003
   40.000000000000071       0.56407074105208255        7.9199655050022234E-003
   40.200000000000074       0.58376915034188825        8.4669348505277339E-003
   40.400000000000077       0.61150693832951486        8.8866402824171933E-003
   40.600000000000080       0.58715749683908647        8.1263000458199949E-003
   40.800000000000082       0.60651064572880542        8.4411728570532151E-003
   41.000000000000085       0.62070645112581091        8.4551907920465200E-003
   41.200000000000088       0.62943052447142156        8.4827630932514646E-003
   41.400000000000091       0.65061826439529302        8.6511917399504697E-003
   41.600000000000094       0.65665636930823290        8.6764039287625574E-003
   41.800000000000097       0.68086538648285011        9.2844383940964576E-003
   42.000000000000099       0.69068925161945394        9.0673147724190748E-003
   42.200000000000102       0.69592241486965944        8.5710497171808901E-003
   42.400000000000105       0.71061082121476515        9.0947099542006520E-003
   42.600000000000108       0.73448570254885570        9.2051296105605911E-003
   42.800000000000111       0.74505068043049627        9.1836236411325985E-003
   43.000000000000114       0.77049688346703205        9.4657945973282212E-003
   43.200000000000117       0.76586632482336270        8.7675435172744221E-003
   43.400000000000119       0.83148773399212894        9.9915075499395906E-003
   43.600000000000122       0.85961124926234778        9.9270347142298345E-003
   43.800000000000125       0.90203102090088938        1.0529015812152001E-002
   44.000000000000128       0.92373675225807717        1.0567566828475422E-002
   44.200000000000131       0.97665461639504270        1.1099948967796093E-002
   44.400000000000134        1.0146332238200741        1.1557630429341763E-002
   44.600000000000136        1.0707256067631221        1.1475165403328347E-002
   44.800000000000139        1.1384855557005085        1.2010029374264866E-002
   45.000000000000142        1.1759377518875960        1.2273026158676105E-002
   45.200000000000145        1.2119172763848416        1.2678651593886963E-002
   45.400000000000148        1.2236585469011043        1.3096716315831298E-002
   45.600000000000151        1.1264228933157772        1.2334544303641478E-002
   45.800000000000153       0.94837757142134915        1.0315483892205943E-002
   46.000000000000156       0.77089796528148169        9.2037391150130710E-003
   46.200000000000159       0.62923555468056158        8.1769573815219099E-003
   46.400000000000162       0.51237102429099457        6.7054167811237573E-003
   46.600000000000165       0.44024879139834222        6.1605458977913525E-003
   46.800000000000168       0.37162080100070172        5.1178973051364696E-003
   47.000000000000171       0.32763937569487633        4.7606531410383842E-003
   47.200000000000173       0.29977668631099891        4.3203140477501350E-003
   47.400000000000176       0.26692338816166489        3.4486733679511780E-003
   47.600000000000179       0.24373758951899724        3.0990524403157528E-003
   47.800000000000182       0.23020113348054030        2.8960958787272980E-003
   48.000000000000185       0.20817767568057055        2.3559679753240373E-003
   48.200000000000188       0.20145148408031599        2.3877469377994228E-003
   48.400000000000190       0.19116725188479486        2.0410640251456620E-003
   48.600000000000193       0.18336983446649585        1.8983739908298705E-003
   48.800000000000196       0.17404119900940471        1.6968251352425961E-003
   49.000000000000199       0.16717185847861019        1.4994709485958572E-003
   49.200000000000202       0.16448675946528901        1.3453925216706211E-003
   49.400000000000205       0.15758033542570238        1.1685334769279973E-003
   49.600000000000207       0.14860716337751961        9.7301301984908896E-004
   49.800000000000210       0.11818739938593030        6.7200775334113347E-004
   50.000000000000213        0.0000000000000000        0.0000000000000000     
   50.200000000000216        0.0000000000000000        0.0000000000000000     
   50.400000000000219        0.0000000000000000        0.0000000000000000     
   50.600000000000222        0.0000000000000000        0.0000000000000000     
   50.800000000000225        0.0000000000000000        0.0000000000000000     
   51.000000000000227        0.0000000000000000        0.0000000000000000     
   51.200000000000230        0.0000000000000000        0.0000000000000000     
   51.400000000000233        0.0000000000000000        0.0000000000000000     
   51.600000000000236        0.0000000000000000        0.0000000000000000     
   51.800000000000239        0.0000000000000000        0.0000000000000000     
   52.000000000000242        0.0000000000000000        0.0000000000000000     
   52.200000000000244        0.0000000000000000        0.0000000000000000     
   52.400000000000247        0.0000000000000000        0.0000000000000000     
   52.600000000000250        0.0000000000000000        0.0000000000000000     
   52.800000000000253        0.0000000000000000        0.0000000000000000     
   53.000000000000256        0.0000000000000000        0.0000000000000000     
   53.200000000000259        0.0000000000000000        0.0000000000000000     
   53.400000000000261        0.0000000000000000        0.0000000000000000     
   53.600000000000264        0.0000000000000000        0.0000000000000000     
   53.800000000000267        0.0000000000000000        0.0000000000000000     
   54.000000000000270        0.0000000000000000        0.0000000000000000     
   54.200000000000273        0.0000000000000000        0.0000000000000000     
   54.400000000000276        0.0000000000000000        0.0000000000000000     
   54.600000000000279        0.0000000000000000        0.0000000000000000     
   54.800000000000281        0.0000000000000000        0.0000000000000000     
   55.000000000000284        0.0000000000000000        0.0000000000000000     
   55.200000000000287        0.0000000000000000        0.0000000000000000     
   55.400000000000290        0.0000000000000000        0.0000000000000000     
   55.600000000000293        0.0000000000000000        0.0000000000000000     
   55.800000000000296        0.0000000000000000        0.0000000000000000     
   56.000000000000298        0.0000000000000000        0.0000000000000000     
   56.200000000000301        0.0000000000000000        0.0000000000000000     
   56.400000000000304        0.0000000000000000        0.0000000000000000     
   56.600000000000307        0.0000000000000000        0.0000000000000000     
   56.800000000000310        0.0000000000000000        0.0000000000000000     
   57.000000000000313        0.0000000000000000        0.0000000000000000     
   57.200000000000315        0.0000000000000000        0.0000000000000000     
   57.400000000000318        0.0000000000000000        0.0000000000000000     
   57.600000000000321        0.0000000000000000        0.0000000000000000     
   57.800000000000324        0.0000000000000000        0.0000000000000000     
   58.000000000000327        0.0000000000000000        0.0000000000000000     
   58.200000000000330        0.0000000000000000        0.0000000000000000     
   58.400000000000333        0.0000000000000000        0.0000000000000000     
   58.600000000000335        0.0000000000000000        0.0000000000000000     
   58.800000000000338        0.0000000000000000        0.0000000000000000     
   59.000000000000341        0.0000000000000000        0.0000000000000000     
   59.200000000000344        0.0000000000000000        0.0000000000000000     
   59.400000000000347        0.0000000000000000        0.0000000000000000     
   59.600000000000350        0.0000000000000000        0.0000000000000000     
   59.800000000000352        0.0000000000000000        0.0000000000000000     
