   25.000000000000000        7.5380415034022460E-004   3.5400229087574978E-006
   25.250000000000000        7.5868055244052797E-004   3.5223695984758313E-006
   25.500000000000000        7.6155392167770301E-004   3.5002876878521622E-006
   25.750000000000000        7.6165044469211961E-004   3.4672552621200245E-006
   26.000000000000000        7.6569360918369970E-004   3.4573621393730123E-006
   26.250000000000000        7.6379245902541328E-004   3.4253691759130680E-006
   26.500000000000000        7.7081313756994022E-004   3.4070263207861100E-006
   26.750000000000000        7.7443656508695182E-004   3.4105070033793101E-006
   27.000000000000000        7.7898464749600140E-004   3.3957439633151533E-006
   27.250000000000000        7.7494608368164851E-004   3.3675468310676357E-006
   27.500000000000000        7.7536676527132265E-004   3.3473206816696190E-006
   27.750000000000000        7.8464943623310455E-004   3.3540632008093304E-006
   28.000000000000000        7.9546707385849636E-004   3.3691115141054782E-006
   28.250000000000000        7.9827823230751310E-004   3.3585158730594172E-006
   28.500000000000000        7.9346511765932643E-004   3.3351033897577277E-006
   28.750000000000000        8.0024925979843174E-004   3.3430658203073907E-006
   29.000000000000000        8.0335414517792214E-004   3.3375561917571717E-006
   29.250000000000000        8.0990694177110337E-004   3.3436491170061239E-006
   29.500000000000000        8.1754650806462536E-004   3.3490786036180378E-006
   29.750000000000000        8.1469919503118142E-004   3.3354497594953729E-006
   30.000000000000000        8.2390417720281869E-004   3.3477927999362994E-006
   30.250000000000000        8.1927015509508823E-004   3.3312008778987855E-006
   30.500000000000000        8.2919656638274478E-004   3.3426488585034645E-006
   30.750000000000000        8.3388690089965646E-004   3.3445672877500004E-006
   31.000000000000000        8.4554790553215142E-004   3.3688898130580601E-006
   31.250000000000000        8.4835798551815655E-004   3.3705203430912186E-006
   31.500000000000000        8.4765959518194264E-004   3.3637700992005384E-006
   31.750000000000000        8.5649475937594273E-004   3.3759447614292735E-006
   32.000000000000000        8.6302881486979518E-004   3.3851698562719820E-006
   32.250000000000000        8.6652297017301798E-004   3.3880898645069957E-006
   32.500000000000000        8.7490885470949120E-004   3.3969913655302576E-006
   32.750000000000000        8.8387819017918267E-004   3.4151271693667681E-006
   33.000000000000000        8.8967697545377011E-004   3.4255999825258758E-006
   33.250000000000000        8.8838162719705746E-004   3.4193570302628661E-006
   33.500000000000000        9.0966112866754177E-004   3.4626472003646661E-006
   33.750000000000000        9.0759324939458761E-004   3.4531860993003336E-006
   34.000000000000000        9.1889098520799733E-004   3.4748629504477001E-006
   34.250000000000000        9.2859354024593525E-004   3.4940646512048883E-006
   34.500000000000000        9.3554436599792843E-004   3.5051413879008306E-006
   34.750000000000000        9.4461903835033393E-004   3.5189406266873711E-006
   35.000000000000000        9.4903013096079203E-004   3.5255572701753798E-006
   35.250000000000000        9.6476795454082404E-004   3.5529817783592956E-006
   35.500000000000000        9.6620920611795646E-004   3.5565028374346962E-006
   35.750000000000000        9.7410583597193454E-004   3.5696488163360973E-006
   36.000000000000000        9.8799539719473411E-004   3.5954027699774181E-006
   36.250000000000000        9.9494076295748640E-004   3.6070346301032516E-006
   36.500000000000000        9.9913566273602942E-004   3.6132866996564284E-006
   36.750000000000000        1.0139689441727455E-003   3.6437642717279222E-006
   37.000000000000000        1.0293372134440866E-003   3.6703186479284746E-006
   37.250000000000000        1.0450853182180733E-003   3.7008079167641704E-006
   37.500000000000000        1.0544360262210999E-003   3.7130717143969973E-006
   37.750000000000000        1.0683386026056870E-003   3.7416647138504040E-006
   38.000000000000000        1.0851854962934356E-003   3.7699317201709850E-006
   38.250000000000000        1.0860086780972206E-003   3.7730329360755089E-006
   38.500000000000000        1.1015782640069200E-003   3.8031663566295418E-006
   38.750000000000000        1.1153247130009020E-003   3.8240708602673618E-006
   39.000000000000000        1.1347987913835698E-003   3.8584976033857374E-006
   39.250000000000000        1.1527699276337744E-003   3.8877100666438305E-006
   39.500000000000000        1.1734654593533380E-003   3.9251662208787967E-006
   39.750000000000000        1.1793374231849594E-003   3.9374055435452072E-006
   40.000000000000000        1.2135859563747900E-003   3.9993955527064163E-006
   40.250000000000000        1.2334120045932647E-003   4.0290188977244369E-006
   40.500000000000000        1.2565533536618339E-003   4.0704474160352256E-006
   40.750000000000000        1.2790050759013125E-003   4.1064829210735290E-006
   41.000000000000000        1.3057518239597136E-003   4.1530904043175141E-006
   41.250000000000000        1.3341077029824272E-003   4.1953692368676966E-006
   41.500000000000000        1.3639386017954983E-003   4.2453708451923655E-006
   41.750000000000000        1.4043353700176624E-003   4.3063248567554400E-006
   42.000000000000000        1.4380587099831765E-003   4.3585195480110902E-006
   42.250000000000000        1.4785433046527912E-003   4.4220585689487337E-006
   42.500000000000000        1.5184313998854297E-003   4.4796212235478133E-006
   42.750000000000000        1.5820137704721283E-003   4.5711764943302285E-006
   43.000000000000000        1.6288837936430363E-003   4.6311939903335635E-006
   43.250000000000000        1.7023320270177222E-003   4.7300874738823614E-006
   43.500000000000000        1.7764868392396553E-003   4.8211358611882995E-006
   43.750000000000000        1.8571512887413128E-003   4.9092777127495075E-006
   44.000000000000000        1.9554321078915828E-003   5.0129195135817412E-006
   44.250000000000000        2.0443506638816314E-003   5.0838586369953569E-006
   44.500000000000000        2.1393019210556325E-003   5.1378313665794508E-006
   44.750000000000000        2.1816263287471214E-003   5.0881298281451686E-006
   45.000000000000000        2.0672283393664581E-003   4.8028065151927432E-006
   45.250000000000000        1.6932006499201402E-003   4.1358277459566124E-006
   45.500000000000000        1.1426614381486995E-003   3.1501382964842209E-006
   45.750000000000000        6.7899505208309017E-004   2.1801720201785783E-006
   46.000000000000000        3.8031386015838307E-004   1.4122672098971034E-006
   46.250000000000000        2.0809867678346679E-004   8.6729113558137299E-007
   46.500000000000000        1.0846182539727783E-004   4.9372669111332197E-007
   46.750000000000000        5.1817063381256287E-005   2.4893919945493437E-007
   47.000000000000000        1.9649291036010593E-005   9.7975675730299647E-008
   47.250000000000000        3.4903497760743246E-006   2.0059740806673057E-008
   47.500000000000000        0.0000000000000000        0.0000000000000000     
   47.750000000000000        0.0000000000000000        0.0000000000000000     
   48.000000000000000        0.0000000000000000        0.0000000000000000     
   48.250000000000000        0.0000000000000000        0.0000000000000000     
   48.500000000000000        0.0000000000000000        0.0000000000000000     
   48.750000000000000        0.0000000000000000        0.0000000000000000     
   49.000000000000000        0.0000000000000000        0.0000000000000000     
   49.250000000000000        0.0000000000000000        0.0000000000000000     
   49.500000000000000        0.0000000000000000        0.0000000000000000     
   49.750000000000000        0.0000000000000000        0.0000000000000000     
   50.000000000000000        0.0000000000000000        0.0000000000000000     
   50.250000000000000        0.0000000000000000        0.0000000000000000     
   50.500000000000000        0.0000000000000000        0.0000000000000000     
   50.750000000000000        0.0000000000000000        0.0000000000000000     
   51.000000000000000        0.0000000000000000        0.0000000000000000     
   51.250000000000000        0.0000000000000000        0.0000000000000000     
   51.500000000000000        0.0000000000000000        0.0000000000000000     
   51.750000000000000        0.0000000000000000        0.0000000000000000     
   52.000000000000000        0.0000000000000000        0.0000000000000000     
   52.250000000000000        0.0000000000000000        0.0000000000000000     
   52.500000000000000        0.0000000000000000        0.0000000000000000     
   52.750000000000000        0.0000000000000000        0.0000000000000000     
   53.000000000000000        0.0000000000000000        0.0000000000000000     
   53.250000000000000        0.0000000000000000        0.0000000000000000     
   53.500000000000000        0.0000000000000000        0.0000000000000000     
   53.750000000000000        0.0000000000000000        0.0000000000000000     
   54.000000000000000        0.0000000000000000        0.0000000000000000     
   54.250000000000000        0.0000000000000000        0.0000000000000000     
   54.500000000000000        0.0000000000000000        0.0000000000000000     
   54.750000000000000        0.0000000000000000        0.0000000000000000     
   55.000000000000000        0.0000000000000000        0.0000000000000000     
   55.250000000000000        0.0000000000000000        0.0000000000000000     
   55.500000000000000        0.0000000000000000        0.0000000000000000     
   55.750000000000000        0.0000000000000000        0.0000000000000000     
   56.000000000000000        0.0000000000000000        0.0000000000000000     
   56.250000000000000        0.0000000000000000        0.0000000000000000     
   56.500000000000000        0.0000000000000000        0.0000000000000000     
   56.750000000000000        0.0000000000000000        0.0000000000000000     
   57.000000000000000        0.0000000000000000        0.0000000000000000     
   57.250000000000000        0.0000000000000000        0.0000000000000000     
   57.500000000000000        0.0000000000000000        0.0000000000000000     
   57.750000000000000        0.0000000000000000        0.0000000000000000     
   58.000000000000000        0.0000000000000000        0.0000000000000000     
   58.250000000000000        0.0000000000000000        0.0000000000000000     
   58.500000000000000        0.0000000000000000        0.0000000000000000     
   58.750000000000000        0.0000000000000000        0.0000000000000000     
   59.000000000000000        0.0000000000000000        0.0000000000000000     
   59.250000000000000        0.0000000000000000        0.0000000000000000     
   59.500000000000000        0.0000000000000000        0.0000000000000000     
   59.750000000000000        0.0000000000000000        0.0000000000000000     
   60.000000000000000        0.0000000000000000        0.0000000000000000     
   60.250000000000000        0.0000000000000000        0.0000000000000000     
   60.500000000000000        0.0000000000000000        0.0000000000000000     
   60.750000000000000        0.0000000000000000        0.0000000000000000     
   61.000000000000000        0.0000000000000000        0.0000000000000000     
   61.250000000000000        0.0000000000000000        0.0000000000000000     
   61.500000000000000        0.0000000000000000        0.0000000000000000     
   61.750000000000000        0.0000000000000000        0.0000000000000000     
   62.000000000000000        0.0000000000000000        0.0000000000000000     
   62.250000000000000        0.0000000000000000        0.0000000000000000     
   62.500000000000000        0.0000000000000000        0.0000000000000000     
   62.750000000000000        0.0000000000000000        0.0000000000000000     
   63.000000000000000        0.0000000000000000        0.0000000000000000     
   63.250000000000000        0.0000000000000000        0.0000000000000000     
   63.500000000000000        0.0000000000000000        0.0000000000000000     
   63.750000000000000        0.0000000000000000        0.0000000000000000     
   64.000000000000000        0.0000000000000000        0.0000000000000000     
   64.250000000000000        0.0000000000000000        0.0000000000000000     
   64.500000000000000        0.0000000000000000        0.0000000000000000     
   64.750000000000000        0.0000000000000000        0.0000000000000000     
   65.000000000000000        0.0000000000000000        0.0000000000000000     
   65.250000000000000        0.0000000000000000        0.0000000000000000     
   65.500000000000000        0.0000000000000000        0.0000000000000000     
   65.750000000000000        0.0000000000000000        0.0000000000000000     
   66.000000000000000        0.0000000000000000        0.0000000000000000     
   66.250000000000000        0.0000000000000000        0.0000000000000000     
   66.500000000000000        0.0000000000000000        0.0000000000000000     
   66.750000000000000        0.0000000000000000        0.0000000000000000     
   67.000000000000000        0.0000000000000000        0.0000000000000000     
   67.250000000000000        0.0000000000000000        0.0000000000000000     
   67.500000000000000        0.0000000000000000        0.0000000000000000     
   67.750000000000000        0.0000000000000000        0.0000000000000000     
   68.000000000000000        0.0000000000000000        0.0000000000000000     
   68.250000000000000        0.0000000000000000        0.0000000000000000     
   68.500000000000000        0.0000000000000000        0.0000000000000000     
   68.750000000000000        0.0000000000000000        0.0000000000000000     
   69.000000000000000        0.0000000000000000        0.0000000000000000     
   69.250000000000000        0.0000000000000000        0.0000000000000000     
   69.500000000000000        0.0000000000000000        0.0000000000000000     
   69.750000000000000        0.0000000000000000        0.0000000000000000     
   70.000000000000000        0.0000000000000000        0.0000000000000000     
   70.250000000000000        0.0000000000000000        0.0000000000000000     
   70.500000000000000        0.0000000000000000        0.0000000000000000     
   70.750000000000000        0.0000000000000000        0.0000000000000000     
   71.000000000000000        0.0000000000000000        0.0000000000000000     
   71.250000000000000        0.0000000000000000        0.0000000000000000     
   71.500000000000000        0.0000000000000000        0.0000000000000000     
   71.750000000000000        0.0000000000000000        0.0000000000000000     
   72.000000000000000        0.0000000000000000        0.0000000000000000     
   72.250000000000000        0.0000000000000000        0.0000000000000000     
   72.500000000000000        0.0000000000000000        0.0000000000000000     
   72.750000000000000        0.0000000000000000        0.0000000000000000     
   73.000000000000000        0.0000000000000000        0.0000000000000000     
   73.250000000000000        0.0000000000000000        0.0000000000000000     
   73.500000000000000        0.0000000000000000        0.0000000000000000     
   73.750000000000000        0.0000000000000000        0.0000000000000000     
   74.000000000000000        0.0000000000000000        0.0000000000000000     
   74.250000000000000        0.0000000000000000        0.0000000000000000     
   74.500000000000000        0.0000000000000000        0.0000000000000000     
   74.750000000000000        0.0000000000000000        0.0000000000000000     
