  0.59999999999999998        0.0000000000000000        0.0000000000000000     
  0.60599999999999998        0.0000000000000000        0.0000000000000000     
  0.61199999999999999        0.0000000000000000        0.0000000000000000     
  0.61799999999999999        9.9211498851968262E-003   8.3087693213536391E-005
  0.62400000000000000        3.0586792488493841E-002   1.4525922103468940E-004
  0.63000000000000000        3.0379628607642629E-002   1.4348473164396493E-004
  0.63600000000000001        3.0602741560901991E-002   1.4298147865591428E-004
  0.64200000000000002        3.0686650688063474E-002   1.4201564774312802E-004
  0.64800000000000002        3.0820887189375149E-002   1.4128985011511305E-004
  0.65400000000000003        3.0676808552120575E-002   1.4007811268648026E-004
  0.66000000000000003        3.1018622998995101E-002   1.3945028615708829E-004
  0.66600000000000004        3.1106296900970665E-002   1.3945049023841093E-004
  0.67200000000000004        3.1335786358346371E-002   1.3904739370186091E-004
  0.67800000000000005        3.1122650154057206E-002   1.3777800277564876E-004
  0.68400000000000005        3.1086388041375399E-002   1.3681545527055876E-004
  0.69000000000000006        3.1539319659301721E-002   1.3735341264256798E-004
  0.69600000000000006        3.1926675415653069E-002   1.3780163503703392E-004
  0.70200000000000007        3.2084688315824832E-002   1.3753405643567466E-004
  0.70800000000000007        3.1906848946885245E-002   1.3670547661647151E-004
  0.71400000000000008        3.2181866986806633E-002   1.3687956801149118E-004
  0.72000000000000008        3.2283315061603472E-002   1.3670887006777028E-004
  0.72600000000000009        3.2508230432373372E-002   1.3678018511132606E-004
  0.73200000000000010        3.2664862084058104E-002   1.3684495238417937E-004
  0.73800000000000010        3.2732902921872552E-002   1.3655122054671595E-004
  0.74400000000000011        3.3013657147664056E-002   1.3694392573715747E-004
  0.75000000000000011        3.3064793858886186E-002   1.3684656772810865E-004
  0.75600000000000012        3.3151249429723022E-002   1.3651786416674739E-004
  0.76200000000000012        3.3289877541869697E-002   1.3657483437410538E-004
  0.76800000000000013        3.3811728193946407E-002   1.3751812499204232E-004
  0.77400000000000013        3.3991431464146397E-002   1.3788869790299626E-004
  0.78000000000000014        3.4028884855659566E-002   1.3766782009220791E-004
  0.78600000000000014        3.4340890410313525E-002   1.3814413028594629E-004
  0.79200000000000015        3.4357685717762626E-002   1.3793496950792770E-004
  0.79800000000000015        3.4754609722376206E-002   1.3860859307535675E-004
  0.80400000000000016        3.4891748287848676E-002   1.3870791469166140E-004
  0.81000000000000016        3.5293743413959328E-002   1.3932072666721245E-004
  0.81600000000000017        3.5691598858546753E-002   1.4011404095040395E-004
  0.82200000000000017        3.5655256338897962E-002   1.3992950618262851E-004
  0.82800000000000018        3.5708101387513048E-002   1.3996443419591031E-004
  0.83400000000000019        3.6574579867041317E-002   1.4175954699521354E-004
  0.84000000000000019        3.6507264879047249E-002   1.4136534648332403E-004
  0.84600000000000020        3.6980683653290547E-002   1.4232843846214492E-004
  0.85200000000000020        3.7216920094658462E-002   1.4275971821263713E-004
  0.85800000000000021        3.7615429345962757E-002   1.4351048584547498E-004
  0.86400000000000021        3.7944867315244567E-002   1.4399465605857418E-004
  0.87000000000000022        3.8171626489382451E-002   1.4436432529324624E-004
  0.87600000000000022        3.8591405430385500E-002   1.4503897585975314E-004
  0.88200000000000023        3.8795459722054990E-002   1.4553155803422889E-004
  0.88800000000000023        3.9129141586857777E-002   1.4605783901944385E-004
  0.89400000000000024        3.9555347415963463E-002   1.4682645011405602E-004
  0.90000000000000024        3.9845192614081718E-002   1.4739116037934010E-004
  0.90600000000000025        4.0067896823774138E-002   1.4772594234338895E-004
  0.91200000000000025        4.0561441016970200E-002   1.4873151880271239E-004
  0.91800000000000026        4.1179318532294722E-002   1.4985776703971358E-004
  0.92400000000000027        4.1652210769939940E-002   1.5074272602776413E-004
  0.93000000000000027        4.2164749545240091E-002   1.5167397711286266E-004
  0.93600000000000028        4.2637933137182824E-002   1.5251671900557857E-004
  0.94200000000000028        4.3243876277142629E-002   1.5369787519124500E-004
  0.94800000000000029        4.3503856118676930E-002   1.5401498025899670E-004
  0.95400000000000029        4.4040590010955026E-002   1.5520322291603304E-004
  0.96000000000000030        4.4373622105961179E-002   1.5575793388755176E-004
  0.96600000000000030        4.5125402478342076E-002   1.5711688091952028E-004
  0.97200000000000031        4.5570378058102927E-002   1.5775956054602574E-004
  0.97800000000000031        4.6751767671121935E-002   1.5991858664105493E-004
  0.98400000000000032        4.7219935852220923E-002   1.6077753714949003E-004
  0.99000000000000032        4.7448425043381294E-002   1.6120300674062410E-004
  0.99600000000000022        4.8891197211007792E-002   1.6389485836742625E-004
   1.0020000000000002        4.9717312653025147E-002   1.6518143018377844E-004
   1.0080000000000002        5.0495517731139576E-002   1.6655800298823921E-004
   1.0140000000000002        5.1410363495752086E-002   1.6808757534707373E-004
   1.0200000000000002        5.2357532933105994E-002   1.6974421448679057E-004
   1.0260000000000002        5.3557078506708565E-002   1.7163786746641064E-004
   1.0320000000000003        5.4703558106860957E-002   1.7356752428979765E-004
   1.0380000000000003        5.6133297710460835E-002   1.7574521754617481E-004
   1.0440000000000003        5.7730863614891784E-002   1.7833207539327394E-004
   1.0500000000000003        5.8963527794558053E-002   1.8023572761010728E-004
   1.0560000000000003        6.0794130838923016E-002   1.8302186468398225E-004
   1.0620000000000003        6.2792736299713589E-002   1.8600906205663197E-004
   1.0680000000000003        6.4725634189416126E-002   1.8850294588222495E-004
   1.0740000000000003        6.7305529705967260E-002   1.9208219781844098E-004
   1.0800000000000003        7.0287429842363316E-002   1.9598747413611411E-004
   1.0860000000000003        7.3164509163961139E-002   1.9929846220392123E-004
   1.0920000000000003        7.6696072539921611E-002   2.0321223554835554E-004
   1.0980000000000003        8.0503553022649749E-002   2.0689346903089874E-004
   1.1040000000000003        8.4020617508559853E-002   2.0936610268707290E-004
   1.1100000000000003        8.7163855273053079E-002   2.1023537796059180E-004
   1.1160000000000003        8.6854498460772298E-002   2.0507628010967393E-004
   1.1220000000000003        7.8897788743807803E-002   1.8861599494560515E-004
   1.1280000000000003        6.1096923915910942E-002   1.5696161259797926E-004
   1.1340000000000003        3.9809185520878199E-002   1.1663814805823918E-004
   1.1400000000000003        2.3485895358806245E-002   7.9949433022827749E-005
   1.1460000000000004        1.3365020178345363E-002   5.2019214857669977E-005
   1.1520000000000004        7.4112518797949424E-003   3.2046281203402887E-005
   1.1580000000000004        3.9266631285581523E-003   1.8353459323653208E-005
   1.1640000000000004        1.8843576586511520E-003   9.2505912412876802E-006
   1.1700000000000004        7.1152303076899828E-004   3.6104036105794569E-006
   1.1760000000000004        1.2131685762783157E-004   7.1625659815922465E-007
   1.1820000000000004        0.0000000000000000        0.0000000000000000     
   1.1880000000000004        0.0000000000000000        0.0000000000000000     
   1.1940000000000004        0.0000000000000000        0.0000000000000000     
   1.2000000000000004        0.0000000000000000        0.0000000000000000     
   1.2060000000000004        0.0000000000000000        0.0000000000000000     
   1.2120000000000004        0.0000000000000000        0.0000000000000000     
   1.2180000000000004        0.0000000000000000        0.0000000000000000     
   1.2240000000000004        0.0000000000000000        0.0000000000000000     
   1.2300000000000004        0.0000000000000000        0.0000000000000000     
   1.2360000000000004        0.0000000000000000        0.0000000000000000     
   1.2420000000000004        0.0000000000000000        0.0000000000000000     
   1.2480000000000004        0.0000000000000000        0.0000000000000000     
   1.2540000000000004        0.0000000000000000        0.0000000000000000     
   1.2600000000000005        0.0000000000000000        0.0000000000000000     
   1.2660000000000005        0.0000000000000000        0.0000000000000000     
   1.2720000000000005        0.0000000000000000        0.0000000000000000     
   1.2780000000000005        0.0000000000000000        0.0000000000000000     
   1.2840000000000005        0.0000000000000000        0.0000000000000000     
   1.2900000000000005        0.0000000000000000        0.0000000000000000     
   1.2960000000000005        0.0000000000000000        0.0000000000000000     
   1.3020000000000005        0.0000000000000000        0.0000000000000000     
   1.3080000000000005        0.0000000000000000        0.0000000000000000     
   1.3140000000000005        0.0000000000000000        0.0000000000000000     
   1.3200000000000005        0.0000000000000000        0.0000000000000000     
   1.3260000000000005        0.0000000000000000        0.0000000000000000     
   1.3320000000000005        0.0000000000000000        0.0000000000000000     
   1.3380000000000005        0.0000000000000000        0.0000000000000000     
   1.3440000000000005        0.0000000000000000        0.0000000000000000     
   1.3500000000000005        0.0000000000000000        0.0000000000000000     
   1.3560000000000005        0.0000000000000000        0.0000000000000000     
   1.3620000000000005        0.0000000000000000        0.0000000000000000     
   1.3680000000000005        0.0000000000000000        0.0000000000000000     
   1.3740000000000006        0.0000000000000000        0.0000000000000000     
   1.3800000000000006        0.0000000000000000        0.0000000000000000     
   1.3860000000000006        0.0000000000000000        0.0000000000000000     
   1.3920000000000006        0.0000000000000000        0.0000000000000000     
   1.3980000000000006        0.0000000000000000        0.0000000000000000     
   1.4040000000000006        0.0000000000000000        0.0000000000000000     
   1.4100000000000006        0.0000000000000000        0.0000000000000000     
   1.4160000000000006        0.0000000000000000        0.0000000000000000     
   1.4220000000000006        0.0000000000000000        0.0000000000000000     
   1.4280000000000006        0.0000000000000000        0.0000000000000000     
   1.4340000000000006        0.0000000000000000        0.0000000000000000     
   1.4400000000000006        0.0000000000000000        0.0000000000000000     
   1.4460000000000006        0.0000000000000000        0.0000000000000000     
   1.4520000000000006        0.0000000000000000        0.0000000000000000     
   1.4580000000000006        0.0000000000000000        0.0000000000000000     
   1.4640000000000006        0.0000000000000000        0.0000000000000000     
   1.4700000000000006        0.0000000000000000        0.0000000000000000     
   1.4760000000000006        0.0000000000000000        0.0000000000000000     
   1.4820000000000007        0.0000000000000000        0.0000000000000000     
   1.4880000000000007        0.0000000000000000        0.0000000000000000     
   1.4940000000000007        0.0000000000000000        0.0000000000000000     
   1.5000000000000007        0.0000000000000000        0.0000000000000000     
   1.5060000000000007        0.0000000000000000        0.0000000000000000     
   1.5120000000000007        0.0000000000000000        0.0000000000000000     
   1.5180000000000007        0.0000000000000000        0.0000000000000000     
   1.5240000000000007        0.0000000000000000        0.0000000000000000     
   1.5300000000000007        0.0000000000000000        0.0000000000000000     
   1.5360000000000007        0.0000000000000000        0.0000000000000000     
   1.5420000000000007        0.0000000000000000        0.0000000000000000     
   1.5480000000000007        0.0000000000000000        0.0000000000000000     
   1.5540000000000007        0.0000000000000000        0.0000000000000000     
   1.5600000000000007        0.0000000000000000        0.0000000000000000     
   1.5660000000000007        0.0000000000000000        0.0000000000000000     
   1.5720000000000007        0.0000000000000000        0.0000000000000000     
   1.5780000000000007        0.0000000000000000        0.0000000000000000     
   1.5840000000000007        0.0000000000000000        0.0000000000000000     
   1.5900000000000007        0.0000000000000000        0.0000000000000000     
   1.5960000000000008        0.0000000000000000        0.0000000000000000     
   1.6020000000000008        0.0000000000000000        0.0000000000000000     
   1.6080000000000008        0.0000000000000000        0.0000000000000000     
   1.6140000000000008        0.0000000000000000        0.0000000000000000     
   1.6200000000000008        0.0000000000000000        0.0000000000000000     
   1.6260000000000008        0.0000000000000000        0.0000000000000000     
   1.6320000000000008        0.0000000000000000        0.0000000000000000     
   1.6380000000000008        0.0000000000000000        0.0000000000000000     
   1.6440000000000008        0.0000000000000000        0.0000000000000000     
   1.6500000000000008        0.0000000000000000        0.0000000000000000     
   1.6560000000000008        0.0000000000000000        0.0000000000000000     
   1.6620000000000008        0.0000000000000000        0.0000000000000000     
   1.6680000000000008        0.0000000000000000        0.0000000000000000     
   1.6740000000000008        0.0000000000000000        0.0000000000000000     
   1.6800000000000008        0.0000000000000000        0.0000000000000000     
   1.6860000000000008        0.0000000000000000        0.0000000000000000     
   1.6920000000000008        0.0000000000000000        0.0000000000000000     
   1.6980000000000008        0.0000000000000000        0.0000000000000000     
   1.7040000000000008        0.0000000000000000        0.0000000000000000     
   1.7100000000000009        0.0000000000000000        0.0000000000000000     
   1.7160000000000009        0.0000000000000000        0.0000000000000000     
   1.7220000000000009        0.0000000000000000        0.0000000000000000     
   1.7280000000000009        0.0000000000000000        0.0000000000000000     
   1.7340000000000009        0.0000000000000000        0.0000000000000000     
   1.7400000000000009        0.0000000000000000        0.0000000000000000     
   1.7460000000000009        0.0000000000000000        0.0000000000000000     
   1.7520000000000009        0.0000000000000000        0.0000000000000000     
   1.7580000000000009        0.0000000000000000        0.0000000000000000     
   1.7640000000000009        0.0000000000000000        0.0000000000000000     
   1.7700000000000009        0.0000000000000000        0.0000000000000000     
   1.7760000000000009        0.0000000000000000        0.0000000000000000     
   1.7820000000000009        0.0000000000000000        0.0000000000000000     
   1.7880000000000009        0.0000000000000000        0.0000000000000000     
   1.7940000000000009        0.0000000000000000        0.0000000000000000     
