   86.000000000000000        6.8705308271713389E-004   7.3751291999289703E-006
   86.049999999999997        7.1791179557199273E-004   7.5470592537673547E-006
   86.099999999999994        7.2193788550688827E-004   7.5650609398340781E-006
   86.149999999999991        7.2799330972431631E-004   7.6083451747441975E-006
   86.199999999999989        7.5033092777056329E-004   7.7298271420915732E-006
   86.249999999999986        7.4948325165177234E-004   7.7270679975376160E-006
   86.299999999999983        7.7175842045103151E-004   7.8585731184266824E-006
   86.349999999999980        7.6351947688041942E-004   7.8085332746627424E-006
   86.399999999999977        7.9791359136305925E-004   7.9890338398543612E-006
   86.449999999999974        8.0459667035848257E-004   8.0260468575882990E-006
   86.499999999999972        8.3377468716066291E-004   8.1753710085154547E-006
   86.549999999999969        8.2723741537305624E-004   8.1497037308482915E-006
   86.599999999999966        8.3643499523149676E-004   8.1900611946026142E-006
   86.649999999999963        8.6358760468976947E-004   8.3281478128614708E-006
   86.699999999999960        8.6296959310910696E-004   8.3236454136994202E-006
   86.749999999999957        8.8160162612380697E-004   8.4245931338910534E-006
   86.799999999999955        9.0016839353208064E-004   8.5063386967227164E-006
   86.849999999999952        9.2722099514594674E-004   8.6336157543457326E-006
   86.899999999999949        9.4121484957031406E-004   8.7087483398588104E-006
   86.949999999999946        9.5131423664925757E-004   8.7540127356711022E-006
   86.999999999999943        9.5872503207539508E-004   8.7943738185304236E-006
   87.049999999999940        9.9861965099552101E-004   8.9861934523201861E-006
   87.099999999999937        1.0075298448702097E-003   9.0223989260123149E-006
   87.149999999999935        1.0297762422273159E-003   9.1257275209612228E-006
   87.199999999999932        1.0502651655660271E-003   9.2196593197813417E-006
   87.249999999999929        1.0717854677538168E-003   9.3102671741569207E-006
   87.299999999999926        1.1019107288296052E-003   9.4547220527678568E-006
   87.349999999999923        1.1290845683995590E-003   9.5600473736434974E-006
   87.399999999999920        1.1362186748419176E-003   9.5875563483291951E-006
   87.449999999999918        1.1647338590473710E-003   9.7082780508510738E-006
   87.499999999999915        1.1908712678446506E-003   9.8171318381109843E-006
   87.549999999999912        1.2184194685737333E-003   9.9259151468606039E-006
   87.599999999999909        1.2320320658991027E-003   9.9803215923069761E-006
   87.649999999999906        1.2706544342773257E-003   1.0142773678075685E-005
   87.699999999999903        1.2885142764496095E-003   1.0204925241250263E-005
   87.749999999999901        1.3188725649611538E-003   1.0331590563828227E-005
   87.799999999999898        1.3678981823591657E-003   1.0522620682791314E-005
   87.849999999999895        1.3865498361762961E-003   1.0592195377391934E-005
   87.899999999999892        1.4369975819555156E-003   1.0776642599316386E-005
   87.949999999999889        1.4486454779047092E-003   1.0825066298759846E-005
   87.999999999999886        1.4857753682188854E-003   1.0958864728282795E-005
   88.049999999999883        1.5313115356416999E-003   1.1112243861276714E-005
   88.099999999999881        1.5652422194365153E-003   1.1234062697690438E-005
   88.149999999999878        1.6039590056297042E-003   1.1363161465308488E-005
   88.199999999999875        1.6469756703399797E-003   1.1508725414784152E-005
   88.249999999999872        1.6852276481320770E-003   1.1633278845461172E-005
   88.299999999999869        1.7301709077933000E-003   1.1782473606698940E-005
   88.349999999999866        1.8054881821406199E-003   1.2037148310441399E-005
   88.399999999999864        1.8209247610689982E-003   1.2071874690594865E-005
   88.449999999999861        1.8643348411698567E-003   1.2193734840164340E-005
   88.499999999999858        1.9268306332430592E-003   1.2404382938862039E-005
   88.549999999999855        1.9799499708921114E-003   1.2547483856437296E-005
   88.599999999999852        2.0567305860237015E-003   1.2779912602648347E-005
   88.649999999999849        2.0965276130334868E-003   1.2905947526958885E-005
   88.699999999999847        2.1750033373531862E-003   1.3117208068506977E-005
   88.749999999999844        2.2288185560288346E-003   1.3265457089008937E-005
   88.799999999999841        2.2997558782808262E-003   1.3464620987118642E-005
   88.849999999999838        2.3635681018100512E-003   1.3626891578917684E-005
   88.899999999999835        2.4291837719508484E-003   1.3802250553712981E-005
   88.949999999999832        2.4924281683880202E-003   1.3957922287939637E-005
   88.999999999999829        2.5807900637656680E-003   1.4166173668159141E-005
   89.049999999999827        2.6690635360076351E-003   1.4403851750068399E-005
   89.099999999999824        2.7333252927449312E-003   1.4536033336902935E-005
   89.149999999999821        2.8485313976035808E-003   1.4826979199400526E-005
   89.199999999999818        2.9009189766089440E-003   1.4929637352392782E-005
   89.249999999999815        3.0176088575660917E-003   1.5199789586198311E-005
   89.299999999999812        3.1193957464786762E-003   1.5427094582988759E-005
   89.349999999999810        3.2315375278260321E-003   1.5663153083899966E-005
   89.399999999999807        3.3261349596991037E-003   1.5851114492526745E-005
   89.449999999999804        3.4257855560216469E-003   1.6050464316825477E-005
   89.499999999999801        3.5212179274046792E-003   1.6230875504522147E-005
   89.549999999999798        3.6770053400277834E-003   1.6537562048682495E-005
   89.599999999999795        3.7888258018820365E-003   1.6752085352806594E-005
   89.649999999999793        3.8837427578844444E-003   1.6908899889126074E-005
   89.699999999999790        4.0186555294502817E-003   1.7164411159181694E-005
   89.749999999999787        4.1361904793905096E-003   1.7346048512895652E-005
   89.799999999999784        4.2549944194871497E-003   1.7547362052481077E-005
   89.849999999999781        4.4059820758394763E-003   1.7785472184970658E-005
   89.899999999999778        4.5215497510671361E-003   1.7966450971318605E-005
   89.949999999999775        4.6678145899425654E-003   1.8186124627909675E-005
   89.999999999999773        4.8084912874222360E-003   1.8407352804597584E-005
   90.049999999999770        4.9582334928042742E-003   1.8605222944684597E-005
   90.099999999999767        5.0218578807979053E-003   1.8662369846647986E-005
   90.149999999999764        5.1759057872424498E-003   1.8873539367109017E-005
   90.199999999999761        5.2755006836358405E-003   1.8962866837571289E-005
   90.249999999999758        5.4004815613017823E-003   1.9106786257775239E-005
   90.299999999999756        5.5087914209466932E-003   1.9206842376287924E-005
   90.349999999999753        5.5995262821788155E-003   1.9274029257436404E-005
   90.399999999999750        5.6666462874475519E-003   1.9300997104145962E-005
   90.449999999999747        5.6990753174741291E-003   1.9241779184707283E-005
   90.499999999999744        5.7666465367914007E-003   1.9270197278317383E-005
   90.549999999999741        5.8025693340640651E-003   1.9222681897299229E-005
   90.599999999999739        5.7942413953485069E-003   1.9105320609778842E-005
   90.649999999999736        5.8019314035838970E-003   1.9006164598090390E-005
   90.699999999999733        5.7367980657233473E-003   1.8790609318101872E-005
   90.749999999999730        5.6933165028213335E-003   1.8607069073369206E-005
   90.799999999999727        5.6525518282653734E-003   1.8434188031953428E-005
   90.849999999999724        5.6197320248684924E-003   1.8240369812436873E-005
   90.899999999999721        5.5214781498614963E-003   1.7967565556401704E-005
   90.949999999999719        5.3784594707409535E-003   1.7614015383088874E-005
   90.999999999999716        5.2405313841075267E-003   1.7266230131132599E-005
   91.049999999999713        5.1141159805966497E-003   1.6934263450107630E-005
   91.099999999999710        4.9508718219495734E-003   1.6527971810305130E-005
   91.149999999999707        4.8206220939800365E-003   1.6191367152742756E-005
   91.199999999999704        4.6394065762539521E-003   1.5760058659023875E-005
   91.249999999999702        4.4409440409934201E-003   1.5280571889632865E-005
   91.299999999999699        4.3002293522561279E-003   1.4921897709521257E-005
   91.349999999999696        4.1253537947218265E-003   1.4484020794512288E-005
   91.399999999999693        3.9342592676467163E-003   1.4021541183456821E-005
   91.449999999999690        3.7514136025561863E-003   1.3559688467248729E-005
   91.499999999999687        3.5843972168622257E-003   1.3126942860325731E-005
   91.549999999999685        3.4009372026897007E-003   1.2666347306442330E-005
   91.599999999999682        3.2267939560543550E-003   1.2206932379826642E-005
   91.649999999999679        3.0833650680049283E-003   1.1809261736573057E-005
   91.699999999999676        2.9119542137890026E-003   1.1352722668726880E-005
   91.749999999999673        2.7834196846007611E-003   1.0977666111952606E-005
   91.799999999999670        2.6301119825814703E-003   1.0553117140616308E-005
   91.849999999999667        2.5085255016108416E-003   1.0186109358534630E-005
   91.899999999999665        2.3523344882009829E-003   9.7390528815926742E-006
   91.949999999999662        2.2335826152788210E-003   9.3792071415908176E-006
   91.999999999999659        2.1068477051482547E-003   8.9890958052198228E-006
   92.049999999999656        2.0001209903468698E-003   8.6409686739016997E-006
   92.099999999999653        1.8791015993838622E-003   8.2653967534641292E-006
   92.149999999999650        1.7872022647722223E-003   7.9474380916019039E-006
   92.199999999999648        1.6825580915448861E-003   7.6015453978759314E-006
   92.249999999999645        1.5914035453283885E-003   7.2845255393773124E-006
   92.299999999999642        1.4960605725362018E-003   6.9495410476130025E-006
   92.349999999999639        1.4236788471191648E-003   6.6760794696845511E-006
   92.399999999999636        1.3519502719297836E-003   6.4073143854682979E-006
   92.449999999999633        1.2624123582992927E-003   6.0882531536482398E-006
   92.499999999999631        1.1971094365542418E-003   5.8269665204282878E-006
   92.549999999999628        1.1354347972614969E-003   5.5777360934057613E-006
   92.599999999999625        1.0650946675561930E-003   5.3061629287275305E-006
   92.649999999999622        1.0095403322404196E-003   5.0705730899782886E-006
   92.699999999999619        9.5178170489140725E-004   4.8268935080760475E-006
   92.749999999999616        8.9780787968025294E-004   4.6010830497081336E-006
   92.799999999999613        8.5613358867953852E-004   4.4013564148837141E-006
   92.849999999999611        7.9677316749806671E-004   4.1594466501978381E-006
   92.899999999999608        7.5987741795065613E-004   3.9745688127754722E-006
   92.949999999999605        7.2004200482271368E-004   3.7852649634620853E-006
   92.999999999999602        6.7679341624952386E-004   3.5858062186515678E-006
   93.049999999999599        6.3284641824716418E-004   3.3903446844255712E-006
   93.099999999999596        6.0707613513068953E-004   3.2418640494407635E-006
   93.149999999999594        5.7088268110721250E-004   3.0644427052858491E-006
   93.199999999999591        5.3573949500113733E-004   2.8944410059053624E-006
   93.249999999999588        5.0150083548769508E-004   2.7282370291031279E-006
   93.299999999999585        4.7098557326081717E-004   2.5698001784734024E-006
   93.349999999999582        4.5231246425040625E-004   2.4472319033681932E-006
   93.399999999999579        4.2042815029969406E-004   2.2933569822923021E-006
   93.449999999999577        3.9592889148874110E-004   2.1582474689617108E-006
   93.499999999999574        3.6972096777136779E-004   2.0230569303809509E-006
   93.549999999999571        3.4662458494532879E-004   1.8950576812512103E-006
   93.599999999999568        3.2566651017150455E-004   1.7779338457741142E-006
   93.649999999999565        3.0444987289279059E-004   1.6591318360531096E-006
   93.699999999999562        2.8550293925871478E-004   1.5496254955159756E-006
   93.749999999999559        2.6632065499604006E-004   1.4423658820914167E-006
   93.799999999999557        2.4770825884411413E-004   1.3366928385505557E-006
   93.849999999999554        2.3056241502196121E-004   1.2381293765954672E-006
   93.899999999999551        2.1718159657156073E-004   1.1511940391356773E-006
   93.949999999999548        2.0016106100763010E-004   1.0561953130159490E-006
   93.999999999999545        1.8551640754883197E-004   9.7040475091360183E-007
   94.049999999999542        1.7281905459369052E-004   8.9165036126562774E-007
   94.099999999999540        1.5792029272993034E-004   8.0833084876218210E-007
   94.149999999999537        1.4614017049078935E-004   7.3613888474089660E-007
   94.199999999999534        1.3329127423454811E-004   6.6310978133839862E-007
   94.249999999999531        1.2222782809166439E-004   5.9650264148964156E-007
   94.299999999999528        1.1007282041318978E-004   5.2918728907298565E-007
   94.349999999999525        1.0006710261221988E-004   4.6992440341767750E-007
   94.399999999999523        8.8562653391620997E-005   4.0890634840594219E-007
   94.449999999999520        7.9142586811026361E-005   3.5568814843094065E-007
   94.499999999999517        7.0500028397182994E-005   3.0558660287504965E-007
   94.549999999999514        6.1571731229956967E-005   2.5764810200867153E-007
   94.599999999999511        5.2956208355193002E-005   2.1305438380520949E-007
   94.649999999999508        4.4662373022694270E-005   1.7118181080345041E-007
   94.699999999999505        3.6858304100321237E-005   1.3347421332490691E-007
   94.749999999999503        2.9309231330283590E-005   9.9050033944553509E-008
   94.799999999999500        2.2078904694051940E-005   6.8264004845715913E-008
   94.849999999999497        1.5046383460818606E-005   4.1491411792713577E-008
   94.899999999999494        8.3672292010408114E-006   1.9665918806473452E-008
   94.949999999999491        2.0708168096501707E-006   4.6201360382915683E-009
   94.999999999999488        0.0000000000000000        0.0000000000000000     
   95.049999999999486        0.0000000000000000        0.0000000000000000     
   95.099999999999483        0.0000000000000000        0.0000000000000000     
   95.149999999999480        0.0000000000000000        0.0000000000000000     
   95.199999999999477        0.0000000000000000        0.0000000000000000     
   95.249999999999474        0.0000000000000000        0.0000000000000000     
   95.299999999999471        0.0000000000000000        0.0000000000000000     
   95.349999999999469        0.0000000000000000        0.0000000000000000     
   95.399999999999466        0.0000000000000000        0.0000000000000000     
   95.449999999999463        0.0000000000000000        0.0000000000000000     
   95.499999999999460        0.0000000000000000        0.0000000000000000     
   95.549999999999457        0.0000000000000000        0.0000000000000000     
   95.599999999999454        0.0000000000000000        0.0000000000000000     
   95.649999999999451        0.0000000000000000        0.0000000000000000     
   95.699999999999449        0.0000000000000000        0.0000000000000000     
   95.749999999999446        0.0000000000000000        0.0000000000000000     
   95.799999999999443        0.0000000000000000        0.0000000000000000     
   95.849999999999440        0.0000000000000000        0.0000000000000000     
   95.899999999999437        0.0000000000000000        0.0000000000000000     
   95.949999999999434        0.0000000000000000        0.0000000000000000     
