   60.000000000000000        3.7297170040485270E-004   1.0923378192408074E-004
   60.600000000000001        3.5697240042346565E-004   5.8413895608016024E-005
   61.200000000000003        3.5794067553363988E-004   5.0816372996934903E-005
   61.800000000000004        3.2350447328249703E-004   5.2395502052579830E-005
   62.400000000000006        4.0911366372918718E-004   7.5426854558547249E-005
   63.000000000000007        5.2346137962186413E-004   1.3133304566644092E-004
   63.600000000000001        5.2099941759992140E-004   6.9597247449453931E-005
   64.200000000000003        4.6654850985488640E-004   1.0805941041849294E-004
   64.799999999999997        5.5331380473150414E-004   1.0234511028545485E-004
   65.399999999999991        5.1235564055428207E-004   7.7936267215668301E-005
   65.999999999999986        7.0095962078468074E-004   9.0657109745197518E-005
   66.599999999999980        1.0653853247975407E-003   3.8525250798401845E-004
   67.199999999999974        7.3302077669570778E-004   1.2642194161094399E-004
   67.799999999999969        1.1550964218325836E-003   2.7103709989861685E-004
   68.399999999999963        8.1056883655772306E-004   9.2512040791148221E-005
   68.999999999999957        1.2911395514808566E-003   4.7619172228484348E-004
   69.599999999999952        1.1256441302241373E-003   1.6547907412838410E-004
   70.199999999999946        1.0925774029932973E-003   1.3072675493457377E-004
   70.799999999999940        1.3416334072619790E-003   2.0105274531837973E-004
   71.399999999999935        3.9383744431655803E-003   2.2545170647344775E-003
   71.999999999999929        1.3055552654849989E-003   1.6900013174915560E-004
   72.599999999999923       0.19750143401143813       0.19548853045734008     
   73.199999999999918        1.5977110343057526E-003   1.5005021911019964E-004
   73.799999999999912        2.4026691133353017E-003   6.6116757103709873E-004
   74.399999999999906        2.4079497751211504E-003   3.1647917666792252E-004
   74.999999999999901        4.3353502166785726E-003   1.1648211531872902E-003
   75.599999999999895        3.4505036991202775E-003   4.1906606930036796E-004
   76.199999999999889        3.2935616898306028E-003   2.9559670699194390E-004
   76.799999999999883        6.1747491263323606E-003   1.9171964241016446E-003
   77.399999999999878        4.8545529305517501E-003   4.9021506737550959E-004
   77.999999999999872        5.6337101240039947E-003   4.6340068109702924E-004
   78.599999999999866        6.7660888756890429E-003   1.2351596020672591E-003
   79.199999999999861        7.6140407795761622E-003   7.6205327869389658E-004
   79.799999999999855        9.7062374246322750E-003   1.0542143424891702E-003
   80.399999999999849        1.6682059660459499E-002   3.6567293118316435E-003
   80.999999999999844        1.5881885595352731E-002   1.8287120914659012E-003
   81.599999999999838        2.1648565573017663E-002   7.5663489920969607E-003
   82.199999999999832        1.7406221161775128E-002   1.3990500941616114E-003
   82.799999999999827        2.5748543431721654E-002   2.2057666382182942E-003
   83.399999999999821        2.5052799800144729E-002   1.7531190030807716E-003
   83.999999999999815        3.8242328040951644E-002   3.6542434108596728E-003
   84.599999999999810        8.8810555982712647E-002   2.5972813786945589E-002
   85.199999999999804        8.1667589839970869E-002   1.2751717948860869E-002
   85.799999999999798        7.8425348290744698E-002   4.6223080850787178E-003
   86.399999999999793       0.24187316873456299       0.11497202053497101     
   86.999999999999787       0.18707947885542101        1.5535933203468605E-002
   87.599999999999781       0.33916530458743477        3.3033772019530706E-002
   88.199999999999775       0.45576148127366267        3.1769995312004841E-002
   88.799999999999770       0.82460082806594026        8.7790388221998680E-002
   89.399999999999764        1.8187217975444117       0.52370354260703089     
   89.999999999999758        3.3382601266864644       0.49086530077938512     
   90.599999999999753        4.6812088169304831       0.46776998080023746     
   91.199999999999747        6.2947292003444355        1.2889704278800482     
   91.799999999999741        4.6022919100133750       0.43388500809049935     
   92.399999999999736        3.4105761978273010       0.46490416564700610     
   92.999999999999730        2.8407576172043374       0.21880419623303396     
   93.599999999999724        3.3516706803571354       0.46950227149002882     
   94.199999999999719        5.7594451522599606        1.6737768338258681     
   94.799999999999713                            NaN                       NaN
   95.399999999999707        0.0000000000000000        0.0000000000000000     
   95.999999999999702        0.0000000000000000        0.0000000000000000     
   96.599999999999696        0.0000000000000000        0.0000000000000000     
   97.199999999999690        0.0000000000000000        0.0000000000000000     
   97.799999999999685        0.0000000000000000        0.0000000000000000     
   98.399999999999679        0.0000000000000000        0.0000000000000000     
   98.999999999999673        0.0000000000000000        0.0000000000000000     
   99.599999999999667        0.0000000000000000        0.0000000000000000     
   100.19999999999966        0.0000000000000000        0.0000000000000000     
   100.79999999999966        0.0000000000000000        0.0000000000000000     
   101.39999999999965        0.0000000000000000        0.0000000000000000     
   101.99999999999964        0.0000000000000000        0.0000000000000000     
   102.59999999999964        0.0000000000000000        0.0000000000000000     
   103.19999999999963        0.0000000000000000        0.0000000000000000     
   103.79999999999963        0.0000000000000000        0.0000000000000000     
   104.39999999999962        0.0000000000000000        0.0000000000000000     
   104.99999999999962        0.0000000000000000        0.0000000000000000     
   105.59999999999961        0.0000000000000000        0.0000000000000000     
   106.19999999999960        0.0000000000000000        0.0000000000000000     
   106.79999999999960        0.0000000000000000        0.0000000000000000     
   107.39999999999959        0.0000000000000000        0.0000000000000000     
   107.99999999999959        0.0000000000000000        0.0000000000000000     
   108.59999999999958        0.0000000000000000        0.0000000000000000     
   109.19999999999958        0.0000000000000000        0.0000000000000000     
   109.79999999999957        0.0000000000000000        0.0000000000000000     
   110.39999999999957        0.0000000000000000        0.0000000000000000     
   110.99999999999956        0.0000000000000000        0.0000000000000000     
   111.59999999999955        0.0000000000000000        0.0000000000000000     
   112.19999999999955        0.0000000000000000        0.0000000000000000     
   112.79999999999954        0.0000000000000000        0.0000000000000000     
   113.39999999999954        0.0000000000000000        0.0000000000000000     
   113.99999999999953        0.0000000000000000        0.0000000000000000     
   114.59999999999953        0.0000000000000000        0.0000000000000000     
   115.19999999999952        0.0000000000000000        0.0000000000000000     
   115.79999999999951        0.0000000000000000        0.0000000000000000     
   116.39999999999951        0.0000000000000000        0.0000000000000000     
   116.99999999999950        0.0000000000000000        0.0000000000000000     
   117.59999999999950        0.0000000000000000        0.0000000000000000     
   118.19999999999949        0.0000000000000000        0.0000000000000000     
   118.79999999999949        0.0000000000000000        0.0000000000000000     
   119.39999999999948        0.0000000000000000        0.0000000000000000     
   119.99999999999947        0.0000000000000000        0.0000000000000000     
   120.59999999999947        0.0000000000000000        0.0000000000000000     
   121.19999999999946        0.0000000000000000        0.0000000000000000     
   121.79999999999946        0.0000000000000000        0.0000000000000000     
   122.39999999999945        0.0000000000000000        0.0000000000000000     
   122.99999999999945        0.0000000000000000        0.0000000000000000     
   123.59999999999944        0.0000000000000000        0.0000000000000000     
   124.19999999999943        0.0000000000000000        0.0000000000000000     
   124.79999999999943        0.0000000000000000        0.0000000000000000     
   125.39999999999942        0.0000000000000000        0.0000000000000000     
   125.99999999999942        0.0000000000000000        0.0000000000000000     
   126.59999999999941        0.0000000000000000        0.0000000000000000     
   127.19999999999941        0.0000000000000000        0.0000000000000000     
   127.79999999999941        0.0000000000000000        0.0000000000000000     
   128.39999999999941        0.0000000000000000        0.0000000000000000     
   128.99999999999940        0.0000000000000000        0.0000000000000000     
   129.59999999999940        0.0000000000000000        0.0000000000000000     
   130.19999999999939        0.0000000000000000        0.0000000000000000     
   130.79999999999939        0.0000000000000000        0.0000000000000000     
   131.39999999999938        0.0000000000000000        0.0000000000000000     
   131.99999999999937        0.0000000000000000        0.0000000000000000     
   132.59999999999937        0.0000000000000000        0.0000000000000000     
   133.19999999999936        0.0000000000000000        0.0000000000000000     
   133.79999999999936        0.0000000000000000        0.0000000000000000     
   134.39999999999935        0.0000000000000000        0.0000000000000000     
   134.99999999999935        0.0000000000000000        0.0000000000000000     
   135.59999999999934        0.0000000000000000        0.0000000000000000     
   136.19999999999933        0.0000000000000000        0.0000000000000000     
   136.79999999999933        0.0000000000000000        0.0000000000000000     
   137.39999999999932        0.0000000000000000        0.0000000000000000     
   137.99999999999932        0.0000000000000000        0.0000000000000000     
   138.59999999999931        0.0000000000000000        0.0000000000000000     
   139.19999999999931        0.0000000000000000        0.0000000000000000     
   139.79999999999930        0.0000000000000000        0.0000000000000000     
   140.39999999999930        0.0000000000000000        0.0000000000000000     
   140.99999999999929        0.0000000000000000        0.0000000000000000     
   141.59999999999928        0.0000000000000000        0.0000000000000000     
   142.19999999999928        0.0000000000000000        0.0000000000000000     
   142.79999999999927        0.0000000000000000        0.0000000000000000     
   143.39999999999927        0.0000000000000000        0.0000000000000000     
   143.99999999999926        0.0000000000000000        0.0000000000000000     
   144.59999999999926        0.0000000000000000        0.0000000000000000     
   145.19999999999925        0.0000000000000000        0.0000000000000000     
   145.79999999999924        0.0000000000000000        0.0000000000000000     
   146.39999999999924        0.0000000000000000        0.0000000000000000     
   146.99999999999923        0.0000000000000000        0.0000000000000000     
   147.59999999999923        0.0000000000000000        0.0000000000000000     
   148.19999999999922        0.0000000000000000        0.0000000000000000     
   148.79999999999922        0.0000000000000000        0.0000000000000000     
   149.39999999999921        0.0000000000000000        0.0000000000000000     
   149.99999999999920        0.0000000000000000        0.0000000000000000     
   150.59999999999920        0.0000000000000000        0.0000000000000000     
   151.19999999999919        0.0000000000000000        0.0000000000000000     
   151.79999999999919        0.0000000000000000        0.0000000000000000     
   152.39999999999918        0.0000000000000000        0.0000000000000000     
   152.99999999999918        0.0000000000000000        0.0000000000000000     
   153.59999999999917        0.0000000000000000        0.0000000000000000     
   154.19999999999916        0.0000000000000000        0.0000000000000000     
   154.79999999999916        0.0000000000000000        0.0000000000000000     
   155.39999999999915        0.0000000000000000        0.0000000000000000     
   155.99999999999915        0.0000000000000000        0.0000000000000000     
   156.59999999999914        0.0000000000000000        0.0000000000000000     
   157.19999999999914        0.0000000000000000        0.0000000000000000     
   157.79999999999913        0.0000000000000000        0.0000000000000000     
   158.39999999999912        0.0000000000000000        0.0000000000000000     
   158.99999999999912        0.0000000000000000        0.0000000000000000     
   159.59999999999911        0.0000000000000000        0.0000000000000000     
   160.19999999999911        0.0000000000000000        0.0000000000000000     
   160.79999999999910        0.0000000000000000        0.0000000000000000     
   161.39999999999910        0.0000000000000000        0.0000000000000000     
   161.99999999999909        0.0000000000000000        0.0000000000000000     
   162.59999999999908        0.0000000000000000        0.0000000000000000     
   163.19999999999908        0.0000000000000000        0.0000000000000000     
   163.79999999999907        0.0000000000000000        0.0000000000000000     
   164.39999999999907        0.0000000000000000        0.0000000000000000     
   164.99999999999906        0.0000000000000000        0.0000000000000000     
   165.59999999999906        0.0000000000000000        0.0000000000000000     
   166.19999999999905        0.0000000000000000        0.0000000000000000     
   166.79999999999905        0.0000000000000000        0.0000000000000000     
   167.39999999999904        0.0000000000000000        0.0000000000000000     
   167.99999999999903        0.0000000000000000        0.0000000000000000     
   168.59999999999903        0.0000000000000000        0.0000000000000000     
   169.19999999999902        0.0000000000000000        0.0000000000000000     
   169.79999999999902        0.0000000000000000        0.0000000000000000     
   170.39999999999901        0.0000000000000000        0.0000000000000000     
   170.99999999999901        0.0000000000000000        0.0000000000000000     
   171.59999999999900        0.0000000000000000        0.0000000000000000     
   172.19999999999899        0.0000000000000000        0.0000000000000000     
   172.79999999999899        0.0000000000000000        0.0000000000000000     
   173.39999999999898        0.0000000000000000        0.0000000000000000     
   173.99999999999898        0.0000000000000000        0.0000000000000000     
   174.59999999999897        0.0000000000000000        0.0000000000000000     
   175.19999999999897        0.0000000000000000        0.0000000000000000     
   175.79999999999896        0.0000000000000000        0.0000000000000000     
   176.39999999999895        0.0000000000000000        0.0000000000000000     
   176.99999999999895        0.0000000000000000        0.0000000000000000     
   177.59999999999894        0.0000000000000000        0.0000000000000000     
   178.19999999999894        0.0000000000000000        0.0000000000000000     
   178.79999999999893        0.0000000000000000        0.0000000000000000     
   179.39999999999893        0.0000000000000000        0.0000000000000000     
