   80.000000000000000        2.0110948905470926E-004   2.9262180574328065E-006
   80.075000000000003        2.0477423828084559E-004   2.9560633056297425E-006
   80.150000000000006        2.0881906795492674E-004   2.9882613011649050E-006
   80.225000000000009        2.0711248420889720E-004   2.9815674466968492E-006
   80.300000000000011        2.0676340418632902E-004   2.9744473701900199E-006
   80.375000000000014        2.1366878094575341E-004   3.0262023078938467E-006
   80.450000000000017        2.1559812638020454E-004   3.0452377924250839E-006
   80.525000000000020        2.1129913803821237E-004   3.0134334812079144E-006
   80.600000000000023        2.2257143831016718E-004   3.0975991420414519E-006
   80.675000000000026        2.1169995185638202E-004   3.0214253820471119E-006
   80.750000000000028        2.2127704333482594E-004   3.0957013141094173E-006
   80.825000000000031        2.1804647635275841E-004   3.0716814872119459E-006
   80.900000000000034        2.2081205343480690E-004   3.0909828133912885E-006
   80.975000000000037        2.2446226592010037E-004   3.1172241795482909E-006
   81.050000000000040        2.3246730266300033E-004   3.1776626113902392E-006
   81.125000000000043        2.3507671149524859E-004   3.1971895785136160E-006
   81.200000000000045        2.3782257876800536E-004   3.2244661335741728E-006
   81.275000000000048        2.4198521816425989E-004   3.2491600726779929E-006
   81.350000000000051        2.3538695119973687E-004   3.2092078042889611E-006
   81.425000000000054        2.5151812398392962E-004   3.3231257498746904E-006
   81.500000000000057        2.4700467611627527E-004   3.2929401335363434E-006
   81.575000000000060        2.4956632326421488E-004   3.3109758861432982E-006
   81.650000000000063        2.4773847304758380E-004   3.3037009345711310E-006
   81.725000000000065        2.5475499913137989E-004   3.3528050014075568E-006
   81.800000000000068        2.5978274941587171E-004   3.3911645247624401E-006
   81.875000000000071        2.6235315945400442E-004   3.4030418943159238E-006
   81.950000000000074        2.6244341638104521E-004   3.4106138055668607E-006
   82.025000000000077        2.7339199838192195E-004   3.4891482534128407E-006
   82.100000000000080        2.6967200151630470E-004   3.4672668894523011E-006
   82.175000000000082        2.7517315740832490E-004   3.5027621518565135E-006
   82.250000000000085        2.8190715116969582E-004   3.5459258008875518E-006
   82.325000000000088        2.7453925094215743E-004   3.5027018715360478E-006
   82.400000000000091        2.8647600026320935E-004   3.5835560143068078E-006
   82.475000000000094        2.9226530195508436E-004   3.6238607808615458E-006
   82.550000000000097        2.9061422892338152E-004   3.6152499639470021E-006
   82.625000000000099        2.9379905050336139E-004   3.6410609852007053E-006
   82.700000000000102        3.0479437858014428E-004   3.7094950423194655E-006
   82.775000000000105        3.0362513769844327E-004   3.7043464232525147E-006
   82.850000000000108        3.1482255897138288E-004   3.7747606008521694E-006
   82.925000000000111        3.2240676830089346E-004   3.8256177828463068E-006
   83.000000000000114        3.1640381336989410E-004   3.7944770284570560E-006
   83.075000000000117        3.2759350786059428E-004   3.8684724192873427E-006
   83.150000000000119        3.2642347452697533E-004   3.8614069512867608E-006
   83.225000000000122        3.3864246267267426E-004   3.9369102129267969E-006
   83.300000000000125        3.3412991306099358E-004   3.9134312930197736E-006
   83.375000000000128        3.4475276857628772E-004   3.9786796287754264E-006
   83.450000000000131        3.4315538734812514E-004   3.9779536831310272E-006
   83.525000000000134        3.5038460904274009E-004   4.0232659464076626E-006
   83.600000000000136        3.5590726621780022E-004   4.0545560747278095E-006
   83.675000000000139        3.5585419599136394E-004   4.0631048793240923E-006
   83.750000000000142        3.6775881491700355E-004   4.1345745270108139E-006
   83.825000000000145        3.7060140407615017E-004   4.1564351968117472E-006
   83.900000000000148        3.8409485904379381E-004   4.2312144313165106E-006
   83.975000000000151        3.8128481033536344E-004   4.2201520722340306E-006
   84.050000000000153        3.8168294255298265E-004   4.2263189831988482E-006
   84.125000000000156        3.8832198644330943E-004   4.2720873080600278E-006
   84.200000000000159        4.0193083132361780E-004   4.3456183951326897E-006
   84.275000000000162        4.1141013661663523E-004   4.3998848056464020E-006
   84.350000000000165        4.1469473662427868E-004   4.4244272839178986E-006
   84.425000000000168        4.1617410924766159E-004   4.4366935021049929E-006
   84.500000000000171        4.2916877128788996E-004   4.5098372841961954E-006
   84.575000000000173        4.3419402630112902E-004   4.5417443903656204E-006
   84.650000000000176        4.4106322491652849E-004   4.5809736494315339E-006
   84.725000000000179        4.5171704052237259E-004   4.6385171410290083E-006
   84.800000000000182        4.6176202215635894E-004   4.6995322624960631E-006
   84.875000000000185        4.6365891822263582E-004   4.7135856990946178E-006
   84.950000000000188        4.7325271577509210E-004   4.7679884071630080E-006
   85.025000000000190        4.8239571520630595E-004   4.8127150015948681E-006
   85.100000000000193        4.8953380680010503E-004   4.8537087884188552E-006
   85.175000000000196        5.0024522156886999E-004   4.9113346166545660E-006
   85.250000000000199        5.0473816304569686E-004   4.9423777888567745E-006
   85.325000000000202        5.2903933600019200E-004   5.0687423637864937E-006
   85.400000000000205        5.3526845463270300E-004   5.0974877399018313E-006
   85.475000000000207        5.3896647699181398E-004   5.1216891255087533E-006
   85.550000000000210        5.5217448460651616E-004   5.1853210408731608E-006
   85.625000000000213        5.6359683796367163E-004   5.2490428129336945E-006
   85.700000000000216        5.7440256236766189E-004   5.3001154489774731E-006
   85.775000000000219        5.8328638906183182E-004   5.3475437594042991E-006
   85.850000000000222        6.0032621012001859E-004   5.4270608953373819E-006
   85.925000000000225        6.1634197945114634E-004   5.5052361426951416E-006
   86.000000000000227        6.2226400873673635E-004   5.5374131749337846E-006
   86.075000000000230        6.4468792837882891E-004   5.6393588794926049E-006
   86.150000000000233        6.5347673266912551E-004   5.6807375261092542E-006
   86.225000000000236        6.7588416703717171E-004   5.7815974477864451E-006
   86.300000000000239        6.9011478213489681E-004   5.8515966459783591E-006
   86.375000000000242        7.0065960247836945E-004   5.8978894245230730E-006
   86.450000000000244        7.1917434979039939E-004   5.9818630043599639E-006
   86.525000000000247        7.3487238492842130E-004   6.0515422629491214E-006
   86.600000000000250        7.5913067040049294E-004   6.1510426986140173E-006
   86.675000000000253        7.8291396402627969E-004   6.2530867501286007E-006
   86.750000000000256        7.8361692170115843E-004   6.2591089722303733E-006
   86.825000000000259        8.0692533240700318E-004   6.3475515687152682E-006
   86.900000000000261        8.3071914447156530E-004   6.4495046642536142E-006
   86.975000000000264        8.5409320881313160E-004   6.5360586553576059E-006
   87.050000000000267        8.8303814195501312E-004   6.6557029652763218E-006
   87.125000000000270        9.0502531954140739E-004   6.7371544364192457E-006
   87.200000000000273        9.2715601744527683E-004   6.8253077750046414E-006
   87.275000000000276        9.4956055107844959E-004   6.9059537738890902E-006
   87.350000000000279        9.8655117420038503E-004   7.0413362669276492E-006
   87.425000000000281        1.0141709414481610E-003   7.1397339088955385E-006
   87.500000000000284        1.0466996929862473E-003   7.2562849918245109E-006
   87.575000000000287        1.0698810806208695E-003   7.3314981745915123E-006
   87.650000000000290        1.1067299539776231E-003   7.4579447390236271E-006
   87.725000000000293        1.1471576746049338E-003   7.5920702052352989E-006
   87.800000000000296        1.1856249844301632E-003   7.7168390930345181E-006
   87.875000000000298        1.2042409008046061E-003   7.7732801695775335E-006
   87.950000000000301        1.2603383792548881E-003   7.9519606214202177E-006
   88.025000000000304        1.3191144910543028E-003   8.1339597463178329E-006
   88.100000000000307        1.3548662734902820E-003   8.2370919042324637E-006
   88.175000000000310        1.4067049532134491E-003   8.3891868777856737E-006
   88.250000000000313        1.4546602259282171E-003   8.5210463795354528E-006
   88.325000000000315        1.4953378316670549E-003   8.6357205333890956E-006
   88.400000000000318        1.5595142910999110E-003   8.8051690428781260E-006
   88.475000000000321        1.6265539203586857E-003   8.9880644621847976E-006
   88.550000000000324        1.6986563730918493E-003   9.1721617203508250E-006
   88.625000000000327        1.7418870324364668E-003   9.2765143254677615E-006
   88.700000000000330        1.8367855378651904E-003   9.5100991962292408E-006
   88.775000000000333        1.9300333119451215E-003   9.7337523064889721E-006
   88.850000000000335        1.9978403852329162E-003   9.8897477779665192E-006
   88.925000000000338        2.0672687601825954E-003   1.0042007586810340E-005
   89.000000000000341        2.1906326180387448E-003   1.0313922104692162E-005
   89.075000000000344        2.2568413817684817E-003   1.0445071226044325E-005
   89.150000000000347        2.3710698384328873E-003   1.0680589875938145E-005
   89.225000000000350        2.4806067263824431E-003   1.0900715718111456E-005
   89.300000000000352        2.5960802261375078E-003   1.1115913250021170E-005
   89.375000000000355        2.7320024954316188E-003   1.1375559988471152E-005
   89.450000000000358        2.8623760145726697E-003   1.1605191703607622E-005
   89.525000000000361        2.9875332129288101E-003   1.1816969671785048E-005
   89.600000000000364        3.1358141873491828E-003   1.2057270782719787E-005
   89.675000000000367        3.2934969902315078E-003   1.2307408407900832E-005
   89.750000000000369        3.4735227185310785E-003   1.2588983474287394E-005
   89.825000000000372        3.6055793763805329E-003   1.2767014256403041E-005
   89.900000000000375        3.7838868471807502E-003   1.3027768107638397E-005
   89.975000000000378        3.9371460424278571E-003   1.3220050412135945E-005
   90.050000000000381        4.1356708448752905E-003   1.3474421059575869E-005
   90.125000000000384        4.3178742002539933E-003   1.3695224980176568E-005
   90.200000000000387        4.5347521548512459E-003   1.3953680038525911E-005
   90.275000000000389        4.6826810440745029E-003   1.4093299537363872E-005
   90.350000000000392        4.8449406611652431E-003   1.4247163649116610E-005
   90.425000000000395        4.9904863416722015E-003   1.4356219171361127E-005
   90.500000000000398        5.1310639734411766E-003   1.4450563041711176E-005
   90.575000000000401        5.2520196565834188E-003   1.4513372147765046E-005
   90.650000000000404        5.3041354917666185E-003   1.4463964822273113E-005
   90.725000000000406        5.3759211067563716E-003   1.4439522622792623E-005
   90.800000000000409        5.3807290106299326E-003   1.4322942119842121E-005
   90.875000000000412        5.3545128488533154E-003   1.4157754135635644E-005
   90.950000000000415        5.2587626771170319E-003   1.3899961285318472E-005
   91.025000000000418        5.2055381140981684E-003   1.3682134945919734E-005
   91.100000000000421        5.0656279580311133E-003   1.3355135593618847E-005
   91.175000000000423        4.8792020324850737E-003   1.2968914982390837E-005
   91.250000000000426        4.6699356759157921E-003   1.2542884794489120E-005
   91.325000000000429        4.4696728933515768E-003   1.2120810823853096E-005
   91.400000000000432        4.2171696418230060E-003   1.1624697850511191E-005
   91.475000000000435        3.9966429677110483E-003   1.1170982232706891E-005
   91.550000000000438        3.7334644919141857E-003   1.0644698610850764E-005
   91.625000000000441        3.4731157463928830E-003   1.0123446965096327E-005
   91.700000000000443        3.2293688756545101E-003   9.6121829074121611E-006
   91.775000000000446        3.0026915304619032E-003   9.1195285429049489E-006
   91.850000000000449        2.7726460119257656E-003   8.6197477603727405E-006
   91.925000000000452        2.5601254958112054E-003   8.1432136653064592E-006
   92.000000000000455        2.3736605396508632E-003   7.6993836704665980E-006
   92.075000000000458        2.1767082117919441E-003   7.2314853710945176E-006
   92.150000000000460        2.0018578435821773E-003   6.7967477066856441E-006
   92.225000000000463        1.8349091735089462E-003   6.3754470716146810E-006
   92.300000000000466        1.6726780199884921E-003   5.9538778148201558E-006
   92.375000000000469        1.5358161584891478E-003   5.5759339089641099E-006
   92.450000000000472        1.4124048133145779E-003   5.2182971038759251E-006
   92.525000000000475        1.2956849653481236E-003   4.8799405832977668E-006
   92.600000000000477        1.1858094598076459E-003   4.5470914733622336E-006
   92.675000000000480        1.0876048991126631E-003   4.2369958732806017E-006
   92.750000000000483        9.9481586439676621E-004   3.9394846402098028E-006
   92.825000000000486        9.0719568052255071E-004   3.6486217049552173E-006
   92.900000000000489        8.3815964770532080E-004   3.3996817681525635E-006
   92.975000000000492        7.5883034146598380E-004   3.1321134801049159E-006
   93.050000000000495        6.9636895185685771E-004   2.8996749920348595E-006
   93.125000000000497        6.3983773720520138E-004   2.6821834874448391E-006
   93.200000000000500        5.8313931934992518E-004   2.4672977471299497E-006
   93.275000000000503        5.2946317710384264E-004   2.2570966855117855E-006
   93.350000000000506        4.8263551349952570E-004   2.0680115508525477E-006
   93.425000000000509        4.4305247833141054E-004   1.8977487509051569E-006
   93.500000000000512        3.9916558115106075E-004   1.7187524162481683E-006
   93.575000000000514        3.5921537095795101E-004   1.5530762941617208E-006
   93.650000000000517        3.2670144970754203E-004   1.4062228506187913E-006
   93.725000000000520        2.9284299149986254E-004   1.2620184838824654E-006
   93.800000000000523        2.6554750917905562E-004   1.1340359626155228E-006
   93.875000000000526        2.3838856651891836E-004   1.0090276987051722E-006
   93.950000000000529        2.1206149236450961E-004   8.9011706896104161E-007
   94.025000000000531        1.8944818694871838E-004   7.8331108039711789E-007
   94.100000000000534        1.6671613759883309E-004   6.7978189132226744E-007
   94.175000000000537        1.4677134182705805E-004   5.8598272227470240E-007
   94.250000000000540        1.2801158713723299E-004   4.9899133513068545E-007
   94.325000000000543        1.0961936501511832E-004   4.1618657155915310E-007
   94.400000000000546        9.2495908122726622E-005   3.4063164360090680E-007
   94.475000000000549        7.7093403509386212E-005   2.7265122757452344E-007
   94.550000000000551        6.3390142640460669E-005   2.1199170735789101E-007
   94.625000000000554        4.9634421402754467E-005   1.5610110750797457E-007
   94.700000000000557        3.7151092211543953E-005   1.0739425310995030E-007
   94.775000000000560        2.5269304470054835E-005   6.5378953473077716E-008
   94.850000000000563        1.4161993488622748E-005   3.1326354606057241E-008
   94.925000000000566        3.8338808824444040E-006   7.7653911176815722E-009
