   60.000000000000000        3.7251155627605003E-004   8.8051607513260470E-005
   60.600000000000001        2.4985002691549135E-004   3.9340121728946922E-005
   61.200000000000003        3.1856306299549880E-004   6.2953784471744080E-005
   61.800000000000004        3.4302008226958560E-004   5.3343911237636645E-005
   62.400000000000006        2.6680669653710194E-004   4.0879397667145550E-005
   63.000000000000007        3.4085564350374437E-004   5.2417682802509991E-005
   63.600000000000001        3.5249143051246712E-004   4.5020350408310291E-005
   64.200000000000003        3.8810595005142666E-004   4.8776938654411713E-005
   64.799999999999997        4.0864275673438031E-004   1.0372188094612217E-004
   65.399999999999991        5.0830863131424509E-004   1.1717382194415233E-004
   65.999999999999986        5.8806398497483693E-004   9.2446173250435728E-005
   66.599999999999980        6.4682422847638478E-004   1.0669241339179691E-004
   67.199999999999974        9.0714712114319245E-004   1.6429370207711501E-004
   67.799999999999969        7.6393844045764727E-004   9.0937126775606343E-005
   68.399999999999963        1.3420026727334101E-003   3.8955002271580022E-004
   68.999999999999957        8.9526099827731882E-004   9.5863266861656999E-005
   69.599999999999952        1.3324707829467891E-003   1.8420963610535503E-004
   70.199999999999946        1.2465448301223134E-003   1.3498222545469760E-004
   70.799999999999940        2.0120720858166942E-003   3.7781232076387422E-004
   71.399999999999935        1.5216085048675170E-003   1.2988150047450443E-004
   71.999999999999929        1.6929303016319634E-003   2.1423945719649653E-004
   72.599999999999923        2.0904631824018448E-003   3.4014819333181017E-004
   73.199999999999918        1.9812984902474089E-003   2.1908066279392781E-004
   73.799999999999912        2.2426986914607918E-003   4.1508325836767899E-004
   74.399999999999906        2.2542194971705821E-003   2.0051599864963999E-004
   74.999999999999901        2.9691513849907526E-003   3.1045084997716047E-004
   75.599999999999895        4.3970715528515040E-003   1.1287583438357820E-003
   76.199999999999889        3.4624605279414081E-003   7.7837846524999752E-004
   76.799999999999883        4.4280719968902132E-003   7.4797948417536404E-004
   77.399999999999878        4.3496819801225849E-003   5.9130973002245832E-004
   77.999999999999872        4.2101170999601185E-003   3.6789638405990491E-004
   78.599999999999866        6.5998901165710225E-003   1.0560760318798087E-003
   79.199999999999861        5.1364049831409747E-003   3.5898027644658400E-004
   79.799999999999855        5.3713258305889532E-003   7.5407793793472275E-004
   80.399999999999849        6.5401995018929222E-003   7.0759304693977906E-004
   80.999999999999844        6.4928652269648666E-003   6.1947584199265212E-004
   81.599999999999838        7.7750458560468371E-003   5.1975147130950102E-004
   82.199999999999832        9.4784911000797712E-003   1.1767586054686845E-003
   82.799999999999827        1.0740741803202223E-002   7.5676216815420011E-004
   83.399999999999821        1.1475440941179488E-002   7.7024995460558715E-004
   83.999999999999815        1.3933913527005288E-002   1.2071627527072688E-003
   84.599999999999810        1.6543405520884812E-002   1.2017935368912019E-003
   85.199999999999804        1.7839575195727944E-002   1.2519145317644535E-003
   85.799999999999798        2.2161029943942426E-002   1.5263959034443927E-003
   86.399999999999793        2.4932177083192477E-002   1.1522800550360184E-003
   86.999999999999787        3.5662156548370398E-002   2.0661526119954195E-003
   87.599999999999781        4.2495329627369988E-002   1.5815126332059200E-003
   88.199999999999775        6.1278684748678890E-002   2.4495620879478350E-003
   88.799999999999770        9.2355551140311076E-002   3.4259787443552238E-003
   89.399999999999764       0.12937003149365311        3.6347767178828714E-003
   89.999999999999758       0.18239121408310935        3.7940635153337421E-003
   90.599999999999753       0.25091097218634967        4.7632956883485612E-003
   91.199999999999747       0.23888472352471737        4.5537601616596254E-003
   91.799999999999741       0.17170764065260422        4.2777064161267251E-003
   92.399999999999736       0.10221563512823177        2.5871985309015386E-003
   92.999999999999730        7.0428174436496058E-002   2.3582981691352050E-003
   93.599999999999724        4.8585259104441482E-002   2.1148881369964035E-003
   94.199999999999719        3.3489867068380960E-002   1.7287394940932546E-003
   94.799999999999713        2.8181696406791232E-002   1.6433348583842228E-003
   95.399999999999707        1.8944468323997384E-002   1.0160488551864788E-003
   95.999999999999702        1.6073879591750495E-002   1.1092883776129797E-003
   96.599999999999696        1.4436852684268390E-002   9.8871974905055584E-004
   97.199999999999690        1.1141127646079829E-002   5.7365202954549237E-004
   97.799999999999685        9.1967428220672831E-003   4.5793283072929859E-004
   98.399999999999679        8.6904437801109281E-003   5.4817725360351900E-004
   98.999999999999673        9.3410633995772117E-003   1.1223788698018961E-003
   99.599999999999667        7.0373808901188573E-003   7.6590491795514688E-004
   100.19999999999966        6.2461051707032112E-003   6.8836236019653274E-004
   100.79999999999966        5.7762672183609073E-003   7.6354813387966144E-004
   101.39999999999965        5.6403972837625310E-003   7.9538122360373585E-004
   101.99999999999964        4.3887621539467321E-003   3.4780338379560070E-004
   102.59999999999964        4.4732507103083180E-003   5.5068692985279783E-004
   103.19999999999963        3.7465553862748215E-003   2.9667301314959324E-004
   103.79999999999963        3.1185491535513348E-003   2.6838948906628130E-004
   104.39999999999962        3.1002102166538485E-003   2.2461548119036433E-004
   104.99999999999962        3.0441113227444644E-003   3.2581286029403287E-004
   105.59999999999961        2.9494329705116147E-003   2.9361297281864661E-004
   106.19999999999960        3.0581052517587538E-003   4.8535858928149689E-004
   106.79999999999960        2.4704269884570649E-003   1.8272215058373205E-004
   107.39999999999959        1.9229241982547899E-003   1.1762258665172527E-004
   107.99999999999959        1.9639187368417459E-003   1.3546073247817122E-004
   108.59999999999958        2.7039283744154392E-003   5.6370269176958369E-004
   109.19999999999958        1.9863328821896789E-003   2.0237318849731904E-004
   109.79999999999957        1.7031499736204180E-003   1.8802021009542219E-004
   110.39999999999957        1.9106301739671510E-003   2.8136976410371439E-004
   110.99999999999956        2.1829266378725009E-003   3.3004786945138077E-004
   111.59999999999955        1.5604479051057986E-003   1.6566298915154934E-004
   112.19999999999955        2.2584024193277462E-003   4.0919021180299038E-004
   112.79999999999954        1.3403163456881043E-003   1.0886540817315330E-004
   113.39999999999954        2.1195281302598245E-003   4.4204839290589592E-004
   113.99999999999953        1.3793214107451933E-003   1.8358083394598104E-004
   114.59999999999953        1.4463753376275867E-003   1.3535220362033309E-004
   115.19999999999952        1.1190313466611919E-003   9.2095773971070019E-005
   115.79999999999951        1.1738895567487582E-003   1.3894859641615072E-004
   116.39999999999951        9.8699179044885025E-004   5.7745681551895931E-005
   116.99999999999950        1.0027590437089392E-003   8.4357076547216989E-005
   117.59999999999950        1.1288559747484298E-003   1.0337100304382109E-004
   118.19999999999949        9.9738039363329607E-004   9.6020601796078037E-005
   118.79999999999949        1.1946693495495063E-003   1.9075042012378301E-004
   119.39999999999948        1.1677422613357107E-003   1.6439353039012606E-004
   119.99999999999947        1.0664003241089128E-003   2.2243822007293669E-004
   120.59999999999947        8.7637202211937864E-004   8.7330851987614701E-005
   121.19999999999946        8.2529141409528662E-004   5.9078864400571567E-005
   121.79999999999946        8.2758855145013868E-004   6.7616641203372297E-005
   122.39999999999945        1.0552945709225308E-003   1.2313011379105603E-004
   122.99999999999945        8.5368172538077412E-004   8.1096790290459861E-005
   123.59999999999944        9.9972883765730167E-004   1.6987782572190134E-004
   124.19999999999943        8.1267547072582291E-004   7.8434390097009262E-005
   124.79999999999943        7.7866659412751543E-004   1.1815805618597195E-004
   125.39999999999942        6.8642182914823921E-004   9.5954701508659603E-005
   125.99999999999942        8.6641861437507521E-004   1.1902207170841255E-004
   126.59999999999941        8.4930305324993380E-004   9.4183774066831428E-005
   127.19999999999941        6.4263718310962658E-004   4.4427886532017664E-005
   127.79999999999941        6.6507061025754136E-004   6.1114541477810735E-005
   128.39999999999941        7.6411440704040321E-004   9.6948567845302783E-005
   128.99999999999940        6.0600428084260042E-004   3.7840827546052975E-005
   129.59999999999940        7.6824038864675324E-004   7.5982819729523632E-005
   130.19999999999939        5.8666378063015499E-004   5.0403577670510953E-005
   130.79999999999939        5.6736131337443410E-004   3.6877181863414654E-005
   131.39999999999938        6.6635859172229001E-004   1.0867345963371452E-004
   131.99999999999937        6.7145487305049240E-004   6.6815935432024609E-005
   132.59999999999937        6.3945669459862476E-004   6.3036306287617784E-005
   133.19999999999936        6.0038570249876732E-004   4.9499480766593746E-005
   133.79999999999936        5.3510445302754170E-004   4.0360669126256471E-005
   134.39999999999935        5.7124163196370652E-004   4.8675894357702294E-005
   134.99999999999935        6.0404004642482722E-004   7.8452320779748156E-005
   135.59999999999934        5.1386543790121980E-004   3.9417693327198420E-005
   136.19999999999933        5.5812341342128017E-004   4.2684420682607964E-005
   136.79999999999933        4.8894172589183796E-004   3.8706193398305012E-005
   137.39999999999932        5.5053517374048554E-004   4.8482664370687649E-005
   137.99999999999932        5.4125063115796114E-004   5.0832785995039606E-005
   138.59999999999931        6.6210385486087917E-004   9.6773476768442410E-005
   139.19999999999931        4.9725718253621561E-004   4.4471753804378762E-005
   139.79999999999930        5.6345483335481822E-004   6.3406946500633968E-005
   140.39999999999930        4.2587076973137967E-004   2.6697847202009849E-005
   140.99999999999929        4.6484052434888354E-004   3.7524729386436220E-005
   141.59999999999928        4.6873121938925471E-004   3.2963630734783632E-005
   142.19999999999928        5.1908692188772272E-004   5.9720428392503787E-005
   142.79999999999927        5.0372996378490091E-004   3.7852228987309430E-005
   143.39999999999927        4.5392092564963405E-004   3.0524995797504508E-005
   143.99999999999926        4.6876605458034872E-004   4.0928544986334874E-005
   144.59999999999926        5.2673492346049541E-004   7.3352742432711729E-005
   145.19999999999925        5.7901382668337819E-004   7.4115423705551064E-005
   145.79999999999924        4.4956734309568462E-004   4.6614522006892774E-005
   146.39999999999924        5.5480843144559470E-004   7.0801003266626405E-005
   146.99999999999923        4.7034090717716431E-004   4.5291734008622523E-005
   147.59999999999923        4.0038932163601954E-004   2.1544187542299855E-005
   148.19999999999922        4.4240456281610907E-004   2.8362011485406160E-005
   148.79999999999922        3.6914252986491294E-004   1.9067061259429331E-005
   149.39999999999921        3.7948047017507625E-004   2.4415810828512448E-005
   149.99999999999920        4.0428911527443285E-004   2.4969014950450794E-005
   150.59999999999920        3.8911017706765396E-004   2.8370584674085477E-005
   151.19999999999919        5.5096141945667305E-004   5.8409260156215827E-005
   151.79999999999919        3.6505981729939709E-004   2.2831784284593014E-005
   152.39999999999918        4.2879203787311756E-004   3.6111530148689936E-005
   152.99999999999918        4.5702546432560841E-004   4.5682643607359262E-005
   153.59999999999917        4.5179301898774549E-004   4.2468318557699324E-005
   154.19999999999916        3.4894920001417420E-004   2.0162353791447345E-005
   154.79999999999916        4.3969712851223315E-004   3.1072371643650164E-005
   155.39999999999915        4.5865187384023864E-004   4.0701044378972762E-005
   155.99999999999915        4.0912308719044861E-004   3.1030537275634924E-005
   156.59999999999914        3.8484755343626845E-004   2.6389045472453220E-005
   157.19999999999914        3.9454038023227083E-004   3.1168318220703434E-005
   157.79999999999913        4.4503910148840513E-004   3.8698352180366637E-005
   158.39999999999912        3.7453435594855859E-004   2.8075593514948602E-005
   158.99999999999912        3.6862993499556284E-004   2.2231006942966670E-005
   159.59999999999911        3.4766167655429466E-004   1.8747321455701418E-005
   160.19999999999911        3.3446674452261143E-004   1.3402975210788999E-005
   160.79999999999910        3.5822670993437551E-004   2.7181989602254346E-005
   161.39999999999910        4.1540530057766880E-004   3.6978435686352085E-005
   161.99999999999909        3.6988372722483238E-004   2.4780326360111722E-005
   162.59999999999908        3.7340581773951824E-004   2.5906477604655022E-005
   163.19999999999908        4.2106985656804435E-004   3.6602048178207286E-005
   163.79999999999907        4.1736413303699677E-004   3.5997280086357862E-005
   164.39999999999907        3.9720817456128131E-004   3.5246271036537568E-005
   164.99999999999906        3.6187724296229029E-004   2.9436605149989168E-005
   165.59999999999906        3.8355241240277231E-004   3.0025391577530832E-005
   166.19999999999905        3.3960773519267271E-004   1.6683044851386791E-005
   166.79999999999905        3.9846439614465409E-004   2.5499168454461874E-005
   167.39999999999904        3.3546735293740222E-004   1.6093480365778418E-005
   167.99999999999903        3.4626592912410931E-004   2.1508469904641529E-005
   168.59999999999903        3.7541092960519915E-004   2.1774528590593753E-005
   169.19999999999902        3.7326524438187353E-004   2.2043661598118719E-005
   169.79999999999902        3.4490802067615160E-004   1.7003670334219661E-005
   170.39999999999901        3.7333340890541793E-004   2.2861070381549428E-005
   170.99999999999901        3.3449555924365586E-004   1.7006773971725322E-005
   171.59999999999900        3.5241750782235128E-004   2.2301883003065843E-005
   172.19999999999899        3.9067706365909446E-004   2.9909151045136567E-005
   172.79999999999899        3.1656807329592481E-004   1.6802530409891846E-005
   173.39999999999898        3.5221912914434200E-004   1.9397327262209439E-005
   173.99999999999898        3.6706824969026002E-004   2.0024705450166260E-005
   174.59999999999897        3.5508689290955446E-004   2.2629850795246428E-005
   175.19999999999897        3.1096092526582570E-004   1.4124163407901421E-005
   175.79999999999896        3.3529949570786788E-004   1.4032095447515462E-005
   176.39999999999895        3.4296444669905878E-004   1.7146123839455019E-005
   176.99999999999895        3.6111561439531470E-004   1.9602018991456031E-005
   177.59999999999894        3.3295758813521939E-004   1.5930699039021473E-005
   178.19999999999894        3.5247574939801634E-004   1.7294431259040646E-005
   178.79999999999893        3.9957796417497833E-004   2.2734739542651577E-005
   179.39999999999893        3.4964404186551781E-004   2.0392905327059265E-005
