   0.0000000000000000        160.41354196800413       0.12262436121818029     
   1.0000000000000000E-002   103.47790560736945       0.18958567054166772     
   1.9999999999999997E-002   118.31346522101450       0.33980207216384978     
   2.9999999999999999E-002   123.50022905353512       0.43279572641920244     
   4.0000000000000001E-002   115.65753939159487       0.44758231566157952     
   5.0000000000000003E-002   105.47442133512158       0.45421290591959995     
   6.0000000000000005E-002   96.607661171436490       0.46552938298439295     
   7.0000000000000007E-002   83.013287815565960       0.46869370325690513     
   8.0000000000000002E-002   58.148987682636530       0.41809614149799562     
   8.9999999999999997E-002   30.578549425916002       0.29590623849199965     
   9.9999999999999992E-002   15.553567214737770       0.19967516471026056     
  0.10999999999999999        8.5523974783988610       0.13494680392092573     
  0.11999999999999998        5.4795600927715471       0.10336074089477103     
  0.12999999999999998        3.7276033883436290        7.8849376941634519E-002
  0.13999999999999999        2.7306760304515754        6.6091082812134008E-002
  0.14999999999999999        2.0695551117732935        5.1869427224482782E-002
  0.16000000000000000        1.6895589437498206        5.1067776681141597E-002
  0.17000000000000001        1.2657214917059789        4.3018886438287135E-002
  0.18000000000000002        1.0396148270881957        3.3831544113773579E-002
  0.19000000000000003       0.82787871557889403        2.6855474620433840E-002
  0.20000000000000004       0.71406254409368008        2.5375639305512888E-002
  0.21000000000000005       0.59779624776194307        2.0230893899564856E-002
  0.22000000000000006       0.51868332882955348        2.2347064680130285E-002
  0.23000000000000007       0.44002766458615067        1.8308291220792729E-002
  0.24000000000000005       0.37184390869350042        1.3789258098304637E-002
  0.25000000000000006       0.33775719532159654        1.4211429778120550E-002
  0.26000000000000006       0.30234467174927981        1.3668096061579968E-002
  0.27000000000000007       0.26459641547430762        1.6231729096874706E-002
  0.28000000000000008       0.24110429737798073        1.4936864913295853E-002
  0.29000000000000009       0.21104537343918436        1.2127570089805258E-002
  0.30000000000000010       0.16835484765011266        9.3351110039346912E-003
  0.31000000000000011       0.18967279973775164        1.2871345418635790E-002
  0.32000000000000012       0.15292386152018522        1.3175798821880408E-002
  0.33000000000000013       0.13386657920291298        8.4151987982224279E-003
  0.34000000000000014       0.14082472108977320        1.0011098290999602E-002
  0.35000000000000014       0.12648890981992550        9.9717079932699088E-003
  0.36000000000000015        8.9869602864143958E-002   4.6574329445074718E-003
  0.37000000000000016       0.10909463327196184        1.1657047061248855E-002
  0.38000000000000017        8.9822142636940105E-002   7.8867656447680640E-003
  0.39000000000000018        9.2544638528744949E-002   1.0525908687549192E-002
  0.40000000000000019       0.10127559618683475        1.3785561066144902E-002
  0.41000000000000020        8.7021709856541452E-002   1.0661698501767600E-002
  0.42000000000000021        8.9617079259196916E-002   1.1851641170347510E-002
  0.43000000000000022        7.0892851537463164E-002   1.2539412549690277E-002
  0.44000000000000022        5.8567364842496472E-002   6.4196690635184130E-003
  0.45000000000000023        5.2458997707571821E-002   6.0573042567411374E-003
  0.46000000000000024        4.8646770972582118E-002   4.5805866162349114E-003
  0.47000000000000025        5.0507243678627592E-002   4.6929253848864245E-003
  0.48000000000000026        3.9638580020415495E-002   4.3673383603996399E-003
  0.49000000000000021        5.0739825704323886E-002   6.4893307324613431E-003
  0.50000000000000022        3.4457327723879355E-002   3.4864659523107687E-003
  0.51000000000000023        3.7272422803266148E-002   4.9097978028412479E-003
  0.52000000000000024        4.1460321212363302E-002   7.6159113202711043E-003
  0.53000000000000025        3.0125092577520479E-002   3.5298349586983880E-003
  0.54000000000000026        3.2352575037678161E-002   5.1223438559469718E-003
  0.55000000000000027        2.3029854254239812E-002   2.0659131057455711E-003
  0.56000000000000028        3.7891478065209074E-002   1.1560653757154923E-002
  0.57000000000000028        2.0023758411898743E-002   2.8301644826665968E-003
  0.58000000000000029        1.9600172651451329E-002   2.4186335958440628E-003
  0.59000000000000030        2.3515385645632332E-002   4.8748162186870014E-003
  0.60000000000000031        2.1555781213711322E-002   3.2414431876459640E-003
  0.61000000000000032        1.9268661363071635E-002   2.7352410883774523E-003
  0.62000000000000033        1.0319571073837396E-002   1.6410261894591067E-003
  0.63000000000000034        1.3768960357523428E-002   2.4223782057003380E-003
  0.64000000000000035        1.1432065904448858E-002   1.8387241334772843E-003
  0.65000000000000036        9.9600880697857854E-003   1.9424926186710375E-003
  0.66000000000000036        8.4754088405300885E-003   1.3170316524878979E-003
  0.67000000000000037        7.9344347395512750E-003   1.9240341612727304E-003
  0.68000000000000038        5.0109895608133033E-003   9.8310525247284012E-004
  0.69000000000000039        6.3387243625213372E-003   1.5185982474416780E-003
  0.70000000000000040        4.6537133294464504E-003   1.2529016336501474E-003
  0.71000000000000041        3.9186776948246403E-003   9.8023446978061498E-004
  0.72000000000000042        2.7176675548053414E-003   1.0326165882815210E-003
  0.73000000000000043        1.9238963392401672E-003   8.8505826089004002E-004
  0.74000000000000044        5.6485455459621666E-004   3.8628159462469522E-004
  0.75000000000000044        0.0000000000000000        0.0000000000000000     
  0.76000000000000045        0.0000000000000000        0.0000000000000000     
  0.77000000000000046        0.0000000000000000        0.0000000000000000     
  0.78000000000000047        0.0000000000000000        0.0000000000000000     
  0.79000000000000048        0.0000000000000000        0.0000000000000000     
  0.80000000000000049        0.0000000000000000        0.0000000000000000     
  0.81000000000000050        0.0000000000000000        0.0000000000000000     
  0.82000000000000051        0.0000000000000000        0.0000000000000000     
  0.83000000000000052        0.0000000000000000        0.0000000000000000     
  0.84000000000000052        0.0000000000000000        0.0000000000000000     
  0.85000000000000053        0.0000000000000000        0.0000000000000000     
  0.86000000000000054        0.0000000000000000        0.0000000000000000     
  0.87000000000000055        0.0000000000000000        0.0000000000000000     
  0.88000000000000056        0.0000000000000000        0.0000000000000000     
  0.89000000000000057        0.0000000000000000        0.0000000000000000     
  0.90000000000000058        0.0000000000000000        0.0000000000000000     
  0.91000000000000059        0.0000000000000000        0.0000000000000000     
  0.92000000000000060        0.0000000000000000        0.0000000000000000     
  0.93000000000000060        0.0000000000000000        0.0000000000000000     
  0.94000000000000061        0.0000000000000000        0.0000000000000000     
  0.95000000000000062        0.0000000000000000        0.0000000000000000     
  0.96000000000000063        0.0000000000000000        0.0000000000000000     
  0.97000000000000064        0.0000000000000000        0.0000000000000000     
  0.98000000000000065        0.0000000000000000        0.0000000000000000     
  0.99000000000000066        0.0000000000000000        0.0000000000000000     
   1.0000000000000007        0.0000000000000000        0.0000000000000000     
   1.0100000000000007        0.0000000000000000        0.0000000000000000     
   1.0200000000000007        0.0000000000000000        0.0000000000000000     
   1.0300000000000007        0.0000000000000000        0.0000000000000000     
   1.0400000000000007        0.0000000000000000        0.0000000000000000     
   1.0500000000000007        0.0000000000000000        0.0000000000000000     
   1.0600000000000007        0.0000000000000000        0.0000000000000000     
   1.0700000000000007        0.0000000000000000        0.0000000000000000     
   1.0800000000000007        0.0000000000000000        0.0000000000000000     
   1.0900000000000007        0.0000000000000000        0.0000000000000000     
   1.1000000000000008        0.0000000000000000        0.0000000000000000     
   1.1100000000000008        0.0000000000000000        0.0000000000000000     
   1.1200000000000008        0.0000000000000000        0.0000000000000000     
   1.1300000000000008        0.0000000000000000        0.0000000000000000     
   1.1400000000000008        0.0000000000000000        0.0000000000000000     
   1.1500000000000008        0.0000000000000000        0.0000000000000000     
   1.1600000000000008        0.0000000000000000        0.0000000000000000     
   1.1700000000000008        0.0000000000000000        0.0000000000000000     
   1.1800000000000008        0.0000000000000000        0.0000000000000000     
   1.1900000000000008        0.0000000000000000        0.0000000000000000     
   1.2000000000000008        0.0000000000000000        0.0000000000000000     
   1.2100000000000009        0.0000000000000000        0.0000000000000000     
   1.2200000000000009        0.0000000000000000        0.0000000000000000     
   1.2300000000000009        0.0000000000000000        0.0000000000000000     
   1.2400000000000009        0.0000000000000000        0.0000000000000000     
   1.2500000000000009        0.0000000000000000        0.0000000000000000     
   1.2600000000000009        0.0000000000000000        0.0000000000000000     
   1.2700000000000009        0.0000000000000000        0.0000000000000000     
   1.2800000000000009        0.0000000000000000        0.0000000000000000     
   1.2900000000000009        0.0000000000000000        0.0000000000000000     
   1.3000000000000009        0.0000000000000000        0.0000000000000000     
   1.3100000000000009        0.0000000000000000        0.0000000000000000     
   1.3200000000000010        0.0000000000000000        0.0000000000000000     
   1.3300000000000010        0.0000000000000000        0.0000000000000000     
   1.3400000000000010        0.0000000000000000        0.0000000000000000     
   1.3500000000000010        0.0000000000000000        0.0000000000000000     
   1.3600000000000010        0.0000000000000000        0.0000000000000000     
   1.3700000000000010        0.0000000000000000        0.0000000000000000     
   1.3800000000000010        0.0000000000000000        0.0000000000000000     
   1.3900000000000010        0.0000000000000000        0.0000000000000000     
   1.4000000000000010        0.0000000000000000        0.0000000000000000     
   1.4100000000000010        0.0000000000000000        0.0000000000000000     
   1.4200000000000010        0.0000000000000000        0.0000000000000000     
   1.4300000000000010        0.0000000000000000        0.0000000000000000     
   1.4400000000000011        0.0000000000000000        0.0000000000000000     
   1.4500000000000011        0.0000000000000000        0.0000000000000000     
   1.4600000000000011        0.0000000000000000        0.0000000000000000     
   1.4700000000000011        0.0000000000000000        0.0000000000000000     
   1.4800000000000011        0.0000000000000000        0.0000000000000000     
   1.4900000000000011        0.0000000000000000        0.0000000000000000     
   1.5000000000000011        0.0000000000000000        0.0000000000000000     
   1.5100000000000011        0.0000000000000000        0.0000000000000000     
   1.5200000000000011        0.0000000000000000        0.0000000000000000     
   1.5300000000000011        0.0000000000000000        0.0000000000000000     
   1.5400000000000011        0.0000000000000000        0.0000000000000000     
   1.5500000000000012        0.0000000000000000        0.0000000000000000     
   1.5600000000000012        0.0000000000000000        0.0000000000000000     
   1.5700000000000012        0.0000000000000000        0.0000000000000000     
   1.5800000000000012        0.0000000000000000        0.0000000000000000     
   1.5900000000000012        0.0000000000000000        0.0000000000000000     
   1.6000000000000012        0.0000000000000000        0.0000000000000000     
   1.6100000000000012        0.0000000000000000        0.0000000000000000     
   1.6200000000000012        0.0000000000000000        0.0000000000000000     
   1.6300000000000012        0.0000000000000000        0.0000000000000000     
   1.6400000000000012        0.0000000000000000        0.0000000000000000     
   1.6500000000000012        0.0000000000000000        0.0000000000000000     
   1.6600000000000013        0.0000000000000000        0.0000000000000000     
   1.6700000000000013        0.0000000000000000        0.0000000000000000     
   1.6800000000000013        0.0000000000000000        0.0000000000000000     
   1.6900000000000013        0.0000000000000000        0.0000000000000000     
   1.7000000000000013        0.0000000000000000        0.0000000000000000     
   1.7100000000000013        0.0000000000000000        0.0000000000000000     
   1.7200000000000013        0.0000000000000000        0.0000000000000000     
   1.7300000000000013        0.0000000000000000        0.0000000000000000     
   1.7400000000000013        0.0000000000000000        0.0000000000000000     
   1.7500000000000013        0.0000000000000000        0.0000000000000000     
   1.7600000000000013        0.0000000000000000        0.0000000000000000     
   1.7700000000000014        0.0000000000000000        0.0000000000000000     
   1.7800000000000014        0.0000000000000000        0.0000000000000000     
   1.7900000000000014        0.0000000000000000        0.0000000000000000     
   1.8000000000000014        0.0000000000000000        0.0000000000000000     
   1.8100000000000014        0.0000000000000000        0.0000000000000000     
   1.8200000000000014        0.0000000000000000        0.0000000000000000     
   1.8300000000000014        0.0000000000000000        0.0000000000000000     
   1.8400000000000014        0.0000000000000000        0.0000000000000000     
   1.8500000000000014        0.0000000000000000        0.0000000000000000     
   1.8600000000000014        0.0000000000000000        0.0000000000000000     
   1.8700000000000014        0.0000000000000000        0.0000000000000000     
   1.8800000000000014        0.0000000000000000        0.0000000000000000     
   1.8900000000000015        0.0000000000000000        0.0000000000000000     
   1.9000000000000015        0.0000000000000000        0.0000000000000000     
   1.9100000000000015        0.0000000000000000        0.0000000000000000     
   1.9200000000000015        0.0000000000000000        0.0000000000000000     
   1.9300000000000015        0.0000000000000000        0.0000000000000000     
   1.9400000000000015        0.0000000000000000        0.0000000000000000     
   1.9500000000000015        0.0000000000000000        0.0000000000000000     
   1.9600000000000015        0.0000000000000000        0.0000000000000000     
   1.9700000000000015        0.0000000000000000        0.0000000000000000     
   1.9800000000000015        0.0000000000000000        0.0000000000000000     
   1.9900000000000013        0.0000000000000000        0.0000000000000000     
