   86.000000000000000       0.13613067219397407        5.4142892386935086E-003
   86.049999999999997       0.13612732356628782        5.6680649813406168E-003
   86.099999999999994       0.14095209806688000        5.4387658160701662E-003
   86.149999999999991       0.14785118117398940        5.7571060503317515E-003
   86.199999999999989       0.14473817089071861        5.8874459141514610E-003
   86.249999999999986       0.15138435994191485        5.8924521212603354E-003
   86.299999999999983       0.16326712425834278        6.9118208709832291E-003
   86.349999999999980       0.15216684045966850        6.3635961437309750E-003
   86.399999999999977       0.15739566498318744        6.2923340586655040E-003
   86.449999999999974       0.15378937072258872        5.3043824554787474E-003
   86.499999999999972       0.16920399251509868        7.1945752739114724E-003
   86.549999999999969       0.17179708632890112        7.4873330958465023E-003
   86.599999999999966       0.16889787861408445        6.3899051892408873E-003
   86.649999999999963       0.17617741113459803        6.6477983258943175E-003
   86.699999999999960       0.17168211361093874        6.5481509192077490E-003
   86.749999999999957       0.18967179679550455        8.4302689731529049E-003
   86.799999999999955       0.17835310871755938        6.4826214875326844E-003
   86.849999999999952       0.18445341370699556        6.9330274756919559E-003
   86.899999999999949       0.18658628013403072        6.9701118271690999E-003
   86.949999999999946       0.19808149715130663        7.9370932990361423E-003
   86.999999999999943       0.19508398775220881        6.6736541833233706E-003
   87.049999999999940       0.19851645476499732        7.6893952838993944E-003
   87.099999999999937       0.18959886400635020        5.8382516977035417E-003
   87.149999999999935       0.19707610394821118        6.8251238394731132E-003
   87.199999999999932       0.20770759420189822        7.2840341728273826E-003
   87.249999999999929       0.20681116371447519        7.3086366899380124E-003
   87.299999999999926       0.21816208467751835        8.6176262718680834E-003
   87.349999999999923       0.22985484241050982        8.6603715533067980E-003
   87.399999999999920       0.21986216647310242        8.0473493916320745E-003
   87.449999999999918       0.23317141188909329        8.1245334751150824E-003
   87.499999999999915       0.24176549761772709        8.0330449272250706E-003
   87.549999999999912       0.24005217072974747        8.4552790158871783E-003
   87.599999999999909       0.23935306645483878        7.9091738536119106E-003
   87.649999999999906       0.24798712793349836        8.6671573165901638E-003
   87.699999999999903       0.25196670556153761        8.5190852505669570E-003
   87.749999999999901       0.26807093358901951        9.5286180731322390E-003
   87.799999999999898       0.25906878912658227        8.0626531844079832E-003
   87.849999999999895       0.26509763150642823        7.7788814541689859E-003
   87.899999999999892       0.28345154643748149        9.8363071369407685E-003
   87.949999999999889       0.27931842750424568        9.6350218461804978E-003
   87.999999999999886       0.29409132011891981        9.7723631275747139E-003
   88.049999999999883       0.30355513100464898        1.0392512896683003E-002
   88.099999999999881       0.30405625824455496        1.0067188731429675E-002
   88.149999999999878       0.32056086649151772        1.0603547145144865E-002
   88.199999999999875       0.30776581072919890        9.7363524362601289E-003
   88.249999999999872       0.31448650689333985        9.4723840416716196E-003
   88.299999999999869       0.33248365406751135        1.0706859808627631E-002
   88.349999999999866       0.31780238170126329        9.6193519152519939E-003
   88.399999999999864       0.35690434126095044        1.0905482660634276E-002
   88.449999999999861       0.34895028594823785        1.0216101376685173E-002
   88.499999999999858       0.34831075830064789        9.6923543892911395E-003
   88.549999999999855       0.37112245436759039        1.0425687408671265E-002
   88.599999999999852       0.38123022466044754        1.1503637575802918E-002
   88.649999999999849       0.39020453102876518        1.1631433729633697E-002
   88.699999999999847       0.38427665314208725        1.0485629288331138E-002
   88.749999999999844       0.42069254202567924        1.2658360452562235E-002
   88.799999999999841       0.40222340732146056        1.0409029817114617E-002
   88.849999999999838       0.43345092315515310        1.2124143085006263E-002
   88.899999999999835       0.44134969932811252        1.1913702503283949E-002
   88.949999999999832       0.45972673792213337        1.2395577197720472E-002
   88.999999999999829       0.44841937531100501        1.1212210594416690E-002
   89.049999999999827       0.47643104445498341        1.2570398289271154E-002
   89.099999999999824       0.49985919555007458        1.2301835325376312E-002
   89.149999999999821       0.52918820834524871        1.4236283921921635E-002
   89.199999999999818       0.52737672367143418        1.3329999081723807E-002
   89.249999999999815       0.50203648006342749        1.1740986802767181E-002
   89.299999999999812       0.54850777692849895        1.3686047655957550E-002
   89.349999999999810       0.56625523492179497        1.3780657887479052E-002
   89.399999999999807       0.58763047755372844        1.3941568310612044E-002
   89.449999999999804       0.63494384320166963        1.6597554729187919E-002
   89.499999999999801       0.60242759200833573        1.3815689294043258E-002
   89.549999999999798       0.62462684571245652        1.4206244549855057E-002
   89.599999999999795       0.67210166359811718        1.5685405389615801E-002
   89.649999999999793       0.69314912912725557        1.6310380921799025E-002
   89.699999999999790       0.69803557697665619        1.4820667107510382E-002
   89.749999999999787       0.72415874774746092        1.5292507033952664E-002
   89.799999999999784       0.74115000116389385        1.5579224971881240E-002
   89.849999999999781       0.76289763185864556        1.6389023265610609E-002
   89.899999999999778       0.81334958158938331        1.7069906507390577E-002
   89.949999999999775       0.86350921328515962        1.8257314657171533E-002
   89.999999999999773       0.87647637943099443        1.8099016759214437E-002
   90.049999999999770       0.90266990614812259        1.8584315200069510E-002
   90.099999999999767       0.91653766971696360        1.7159726266884470E-002
   90.149999999999764       0.96802851033912662        1.9331806960061357E-002
   90.199999999999761       0.98076238502665014        1.8640265254515127E-002
   90.249999999999758        1.0082853635159725        1.8302718003698579E-002
   90.299999999999756        1.0789005109374148        1.9926552548800748E-002
   90.349999999999753        1.1188548220465011        2.0702586842323772E-002
   90.399999999999750        1.1774615107814339        2.1999686340371281E-002
   90.449999999999747        1.1760688197576541        2.0320654575256714E-002
   90.499999999999744        1.2528116940028149        2.2668603048539050E-002
   90.549999999999741        1.2783431844733870        2.0997581185668177E-002
   90.599999999999739        1.3488704465162351        2.3025996061515768E-002
   90.649999999999736        1.3972492324204675        2.2956443972740239E-002
   90.699999999999733        1.4103803688116350        2.2379968046790936E-002
   90.749999999999730        1.4324857091718521        2.2582698152991722E-002
   90.799999999999727        1.5113333980365806        2.3433977346836804E-002
   90.849999999999724        1.5289004565805420        2.3232236256793815E-002
   90.899999999999721        1.6644518893919831        2.5136852454312051E-002
   90.949999999999719        1.7041541585459778        2.5641278171950891E-002
   90.999999999999716        1.7372436249771324        2.6549924538326719E-002
   91.049999999999713        1.7254361971551340        2.4061118124592787E-002
   91.099999999999710        1.8069321349905514        2.5524201473527863E-002
   91.149999999999707        1.9163364879234628        2.7741677801368301E-002
   91.199999999999704        1.9267402143507755        2.8141203506736844E-002
   91.249999999999702        1.9429304965266192        2.6403581849344819E-002
   91.299999999999699        2.0187941266130141        2.7601334693528202E-002
   91.349999999999696        2.0713035554148771        2.8487433915328462E-002
   91.399999999999693        2.1802969135427932        3.0103558722806234E-002
   91.449999999999690        2.1750659280114006        3.0047374084290975E-002
   91.499999999999687        2.1598590904708734        2.8774615719810465E-002
   91.549999999999685        2.1462047388189962        2.8037455912196901E-002
   91.599999999999682        2.2145570929947840        3.0285046490261702E-002
   91.649999999999679        2.1811038713384572        2.8755263167003210E-002
   91.699999999999676        2.2181476274974443        2.9227033889975641E-002
   91.749999999999673        2.2174820023366961        2.9810482245110993E-002
   91.799999999999670        2.2090400132378365        2.9593113972121644E-002
   91.849999999999667        2.1957405367757263        2.9180906218876784E-002
   91.899999999999665        2.2173884564981878        3.0055528671707646E-002
   91.949999999999662        2.1056552576004890        2.7991416424686708E-002
   91.999999999999659        2.1017752517684158        2.8505370193714279E-002
   92.049999999999656        2.0356518598917197        2.8008320751009324E-002
   92.099999999999653        2.0224073676561636        2.7140811395610535E-002
   92.149999999999650        2.0262993667070446        2.8981722412477696E-002
   92.199999999999648        1.9501492884168081        2.8372877954731833E-002
   92.249999999999645        1.8675533071418406        2.5584279656507058E-002
   92.299999999999642        1.8233563917552957        2.6829784681971891E-002
   92.349999999999639        1.8168751887899153        2.6984058975634335E-002
   92.399999999999636        1.6985288741024791        2.4272606910414902E-002
   92.449999999999633        1.6831301204877449        2.4981624235009943E-002
   92.499999999999631        1.6317721688176559        2.4153456417326444E-002
   92.549999999999628        1.5919721855987155        2.4343207036464351E-002
   92.599999999999625        1.5393833314186935        2.3645589002136064E-002
   92.649999999999622        1.5123391372480430        2.4048471491952529E-002
   92.699999999999619        1.4358619881816381        2.2698828774570259E-002
   92.749999999999616        1.3425410005568688        2.1177584434313539E-002
   92.799999999999613        1.3535615430119208        2.2596532850382548E-002
   92.849999999999611        1.3111793467473134        2.0939628422112760E-002
   92.899999999999608        1.2647688234392069        2.1164416937558283E-002
   92.949999999999605        1.2231031752207582        2.1589879880472864E-002
   92.999999999999602        1.1894466982400083        1.9829847291329764E-002
   93.049999999999599        1.1664923404761303        2.0759292314986903E-002
   93.099999999999596        1.1295239003219009        1.9984162957063113E-002
   93.149999999999594        1.0497595842877459        1.8372843426515306E-002
   93.199999999999591        1.0448659543988308        1.9234804412710187E-002
   93.249999999999588        1.0190148306354743        1.9037547040177138E-002
   93.299999999999585       0.98106501201277607        1.8144513719293237E-002
   93.349999999999582       0.96084728608610592        1.8314182832802995E-002
   93.399999999999579       0.91666515726676157        1.7500666073719671E-002
   93.449999999999577       0.86921755818874213        1.6276350646145247E-002
   93.499999999999574       0.86905066167079248        1.6779223225857409E-002
   93.549999999999571       0.83044982967186154        1.5247295363038963E-002
   93.599999999999568       0.80819822206680525        1.6298577491052051E-002
   93.649999999999565       0.81816291911370687        1.6976185547545247E-002
   93.699999999999562       0.77648083985230465        1.5937147481262449E-002
   93.749999999999559       0.76090917400292557        1.4887033213964495E-002
   93.799999999999557       0.74729422420275815        1.5529637465536381E-002
   93.849999999999554       0.68690537586472322        1.3166132615537602E-002
   93.899999999999551       0.72290835066237591        1.5312045973559424E-002
   93.949999999999548       0.68902729632882975        1.4715504485737855E-002
   93.999999999999545       0.65301483425833018        1.3565593697671189E-002
   94.049999999999542       0.65486572040755453        1.3757692215285762E-002
   94.099999999999540       0.63305956941696029        1.3796909288379882E-002
   94.149999999999537       0.61238824921031176        1.2541586991882792E-002
   94.199999999999534       0.60407172742276249        1.3146830155240976E-002
   94.249999999999531       0.60692568112134582        1.3197709041212445E-002
   94.299999999999528       0.58222351501882141        1.2379441314901816E-002
   94.349999999999525       0.56049182349266180        1.1978872264000113E-002
   94.399999999999523       0.55509655768850208        1.2165141111313735E-002
   94.449999999999520       0.54109489163210411        1.1888395493866074E-002
   94.499999999999517       0.56172931819103589        1.3051203744687163E-002
   94.549999999999514       0.52023058790842958        1.1325040604890280E-002
   94.599999999999511       0.51716489039279701        1.0607103105061548E-002
   94.649999999999508       0.50449478147191984        1.1702416154952032E-002
   94.699999999999505       0.50070819758805440        1.1171629303818426E-002
   94.749999999999503       0.51246974208518214        1.1873234570770609E-002
   94.799999999999500       0.49439506838545677        1.1642092679150231E-002
   94.849999999999497       0.47691153092648558        1.0452524373866033E-002
   94.899999999999494       0.45444376006562659        9.8515712834931074E-003
   94.949999999999491       0.44168566765044653        9.6436995015960047E-003
   94.999999999999488       0.44596460971148488        9.9864352102606319E-003
   95.049999999999486       0.42946514792802681        9.4118896111892638E-003
   95.099999999999483       0.43268090193970699        9.8078997078542025E-003
   95.149999999999480       0.42235976945081777        9.8604732049234270E-003
   95.199999999999477       0.40559386100349326        9.3554704047639249E-003
   95.249999999999474       0.40625143751139603        9.0941684252231602E-003
   95.299999999999471       0.39387788659168499        8.3503560653551811E-003
   95.349999999999469       0.39268333426941510        8.3846640184944733E-003
   95.399999999999466       0.39840141602716717        8.8853611924678225E-003
   95.449999999999463       0.39161817390050502        8.7225841325308338E-003
   95.499999999999460       0.38672651348577736        8.5418232988811182E-003
   95.549999999999457       0.36442844560967691        7.6700058753995859E-003
   95.599999999999454       0.38597028545644546        8.9842110764775610E-003
   95.649999999999451       0.36569750749638869        7.5569763634240218E-003
   95.699999999999449       0.36416565148845020        7.7539472326356093E-003
   95.749999999999446       0.36445054822511908        7.9119812566903341E-003
   95.799999999999443       0.35102292450003825        7.5099738713126900E-003
   95.849999999999440       0.34873216033248533        7.6429125739498355E-003
   95.899999999999437       0.34623918422765265        7.4472784036260873E-003
   95.949999999999434       0.33586698813435872        7.1904998331319952E-003
