  0.59999999999999998        6.2709863839641496E-003   1.3444003209512672E-003
  0.60599999999999998        1.1492478791208117E-002   3.7418654260660514E-003
  0.61199999999999999        1.5863149106089977E-002   4.3612048680858467E-003
  0.61799999999999999        2.4449157879201580        8.8709992002078797E-002
  0.62400000000000000        8.1483878189052028       0.13525218236299033     
  0.63000000000000000        8.8428374110480341       0.15085530020180885     
  0.63600000000000001        9.2407560307528023       0.15837278811259542     
  0.64200000000000002        9.2583134381410659       0.15389267823618796     
  0.64800000000000002        9.8413735359355403       0.16384112914330254     
  0.65400000000000003        9.7739936108811012       0.15605869133057379     
  0.66000000000000003        9.9721215816646911       0.15938078230642092     
  0.66600000000000004        10.370419508603350       0.16561842058327772     
  0.67200000000000004        10.507656440297534       0.16517771058923569     
  0.67800000000000005        10.827095021279440       0.17608081769621425     
  0.68400000000000005        10.757761421546384       0.17056005966811058     
  0.69000000000000006        10.928138237339654       0.17286822015288741     
  0.69600000000000006        11.056560979969946       0.16834505164042746     
  0.70200000000000007        11.285742860369243       0.17530116905672841     
  0.70800000000000007        11.250239475144820       0.15915911113269327     
  0.71400000000000008        11.398623437055292       0.16761216203356438     
  0.72000000000000008        11.600322564026321       0.16672878498690016     
  0.72600000000000009        11.946955531024575       0.18653735030322691     
  0.73200000000000010        12.078957079757160       0.18427534260813805     
  0.73800000000000010        11.870735786412917       0.16717242861413492     
  0.74400000000000011        12.240430623196588       0.17079938968165478     
  0.75000000000000011        12.650931702876619       0.18737272915110342     
  0.75600000000000012        12.395365271129382       0.18031672555607131     
  0.76200000000000012        12.814556254465767       0.18332538352344588     
  0.76800000000000013        12.637971691436469       0.17947799562715747     
  0.77400000000000013        12.919343526738528       0.17301041535330644     
  0.78000000000000014        13.382412998739527       0.20104522442139272     
  0.78600000000000014        13.531832436543304       0.18888776588814118     
  0.79200000000000015        13.436897510669986       0.18489652624461914     
  0.79800000000000015        13.744669779956981       0.17974462652784198     
  0.80400000000000016        13.848111141989536       0.19391755751348363     
  0.81000000000000016        14.003057681381476       0.18420827056312850     
  0.81600000000000017        13.682008838466967       0.18105283779974135     
  0.82200000000000017        14.378400423838233       0.19451255834094819     
  0.82800000000000018        14.470130356579666       0.19589710993365173     
  0.83400000000000019        14.565330182771961       0.18901063262710530     
  0.84000000000000019        14.576754254854912       0.18936192868277513     
  0.84600000000000020        15.166504045900481       0.19789574917910532     
  0.85200000000000020        15.032316988586036       0.19504385439258909     
  0.85800000000000021        15.336957892251185       0.20140724488736358     
  0.86400000000000021        15.687183437669102       0.20742901594871258     
  0.87000000000000022        15.883740213480024       0.21431804205474564     
  0.87600000000000022        15.604420313910097       0.18852914328186834     
  0.88200000000000023        16.114392893324613       0.20524242189371533     
  0.88800000000000023        16.129103180285608       0.20536248472740212     
  0.89400000000000024        16.318643884834454       0.20080488405590993     
  0.90000000000000024        16.469116123407087       0.20088372335498064     
  0.90600000000000025        16.680722243358410       0.20938813763869746     
  0.91200000000000025        17.065873314069286       0.21226299316209254     
  0.91800000000000026        16.669069972476048       0.20383561640783546     
  0.92400000000000027        17.324771301041348       0.20691062030727911     
  0.93000000000000027        17.637701883577929       0.21618049679885759     
  0.93600000000000028        17.482535974068664       0.20447798864968025     
  0.94200000000000028        17.842206418589114       0.21573362619056358     
  0.94800000000000029        18.290109651348434       0.22516916721133326     
  0.95400000000000029        18.360694035633461       0.21425724182642605     
  0.96000000000000030        18.247901965261175       0.20739941959373123     
  0.96600000000000030        18.949473077494332       0.22021053285800318     
  0.97200000000000031        18.684625067053634       0.21001585179879595     
  0.97800000000000031        19.483863543987422       0.22736096683496623     
  0.98400000000000032        20.345185107199921       0.24097660289084383     
  0.99000000000000032        19.845262468104785       0.22830098183342640     
  0.99600000000000022        20.291857405028868       0.23343583331155543     
   1.0020000000000002        20.490379608891942       0.22274342035474348     
   1.0080000000000002        20.898862108546563       0.22619818052229002     
   1.0140000000000002        21.413124509204390       0.24039861060654760     
   1.0200000000000002        21.876944071891881       0.24135960603584089     
   1.0260000000000002        21.785687211911338       0.22599685123662447     
   1.0320000000000003        22.732774600505515       0.25059889676358083     
   1.0380000000000003        23.101654544125420       0.24755174196204316     
   1.0440000000000003        23.761070588913974       0.24922559281495382     
   1.0500000000000003        24.040330717490317       0.24746173618516368     
   1.0560000000000003        24.640713466825499       0.24630273548132331     
   1.0620000000000003        25.771775327167084       0.26678517769959226     
   1.0680000000000003        26.249072141707252       0.26193981527210186     
   1.0740000000000003        26.932313125197410       0.25969671120335114     
   1.0800000000000003        27.607032030609346       0.25874432399409131     
   1.0860000000000003        28.991768492284031       0.26808953006230091     
   1.0920000000000003        30.498597907594228       0.28490710049133144     
   1.0980000000000003        31.769620224753965       0.28990182204562009     
   1.1040000000000003        33.222714601426425       0.29107532274692133     
   1.1100000000000003        35.303183771950792       0.30911599405091089     
   1.1160000000000003        37.820186195302732       0.32354706219719204     
   1.1220000000000003        39.999610111856086       0.34660457975137798     
   1.1280000000000003        40.514318431652711       0.33841358997990700     
   1.1340000000000003        38.341405353080944       0.32310235334651655     
   1.1400000000000003        33.390167828870901       0.29372554430902015     
   1.1460000000000004        26.652165368983781       0.25912093661854829     
   1.1520000000000004        20.653412202413950       0.21151392636027999     
   1.1580000000000004        16.434830847007163       0.17800158737917512     
   1.1640000000000004        13.586410230808543       0.14723754744852052     
   1.1700000000000004        11.696195248396336       0.13126549241062663     
   1.1760000000000004        10.075940644508227       0.10825601649960451     
   1.1820000000000004        9.0766246858020807        9.5122958124141357E-002
   1.1880000000000004        8.1584830033338775        8.1819756861860271E-002
   1.1940000000000004        7.4249473545052016        6.9213030446716020E-002
   1.2000000000000004        7.0263910087681163        6.1880125224628810E-002
   1.2060000000000004        6.5179435120895093        5.4233913961196464E-002
   1.2120000000000004        6.0801396579609790        4.6785678565890824E-002
   1.2180000000000004        5.8824393949626179        4.1897241212588476E-002
   1.2240000000000004        5.5794903095184134        3.5488505660190676E-002
   1.2300000000000004        5.2879866511567473        2.9576507753407623E-002
   1.2360000000000004        4.8347909073113167        2.2633013083123436E-002
   1.2420000000000004        1.0113087551716711        7.4139959600882689E-003
   1.2480000000000004        0.0000000000000000        0.0000000000000000     
   1.2540000000000004        0.0000000000000000        0.0000000000000000     
   1.2600000000000005        0.0000000000000000        0.0000000000000000     
   1.2660000000000005        0.0000000000000000        0.0000000000000000     
   1.2720000000000005        0.0000000000000000        0.0000000000000000     
   1.2780000000000005        0.0000000000000000        0.0000000000000000     
   1.2840000000000005        0.0000000000000000        0.0000000000000000     
   1.2900000000000005        0.0000000000000000        0.0000000000000000     
   1.2960000000000005        0.0000000000000000        0.0000000000000000     
   1.3020000000000005        0.0000000000000000        0.0000000000000000     
   1.3080000000000005        0.0000000000000000        0.0000000000000000     
   1.3140000000000005        0.0000000000000000        0.0000000000000000     
   1.3200000000000005        0.0000000000000000        0.0000000000000000     
   1.3260000000000005        0.0000000000000000        0.0000000000000000     
   1.3320000000000005        0.0000000000000000        0.0000000000000000     
   1.3380000000000005        0.0000000000000000        0.0000000000000000     
   1.3440000000000005        0.0000000000000000        0.0000000000000000     
   1.3500000000000005        0.0000000000000000        0.0000000000000000     
   1.3560000000000005        0.0000000000000000        0.0000000000000000     
   1.3620000000000005        0.0000000000000000        0.0000000000000000     
   1.3680000000000005        0.0000000000000000        0.0000000000000000     
   1.3740000000000006        0.0000000000000000        0.0000000000000000     
   1.3800000000000006        0.0000000000000000        0.0000000000000000     
   1.3860000000000006        0.0000000000000000        0.0000000000000000     
   1.3920000000000006        0.0000000000000000        0.0000000000000000     
   1.3980000000000006        0.0000000000000000        0.0000000000000000     
   1.4040000000000006        0.0000000000000000        0.0000000000000000     
   1.4100000000000006        0.0000000000000000        0.0000000000000000     
   1.4160000000000006        0.0000000000000000        0.0000000000000000     
   1.4220000000000006        0.0000000000000000        0.0000000000000000     
   1.4280000000000006        0.0000000000000000        0.0000000000000000     
   1.4340000000000006        0.0000000000000000        0.0000000000000000     
   1.4400000000000006        0.0000000000000000        0.0000000000000000     
   1.4460000000000006        0.0000000000000000        0.0000000000000000     
   1.4520000000000006        0.0000000000000000        0.0000000000000000     
   1.4580000000000006        0.0000000000000000        0.0000000000000000     
   1.4640000000000006        0.0000000000000000        0.0000000000000000     
   1.4700000000000006        0.0000000000000000        0.0000000000000000     
   1.4760000000000006        0.0000000000000000        0.0000000000000000     
   1.4820000000000007        0.0000000000000000        0.0000000000000000     
   1.4880000000000007        0.0000000000000000        0.0000000000000000     
   1.4940000000000007        0.0000000000000000        0.0000000000000000     
   1.5000000000000007        0.0000000000000000        0.0000000000000000     
   1.5060000000000007        0.0000000000000000        0.0000000000000000     
   1.5120000000000007        0.0000000000000000        0.0000000000000000     
   1.5180000000000007        0.0000000000000000        0.0000000000000000     
   1.5240000000000007        0.0000000000000000        0.0000000000000000     
   1.5300000000000007        0.0000000000000000        0.0000000000000000     
   1.5360000000000007        0.0000000000000000        0.0000000000000000     
   1.5420000000000007        0.0000000000000000        0.0000000000000000     
   1.5480000000000007        0.0000000000000000        0.0000000000000000     
   1.5540000000000007        0.0000000000000000        0.0000000000000000     
   1.5600000000000007        0.0000000000000000        0.0000000000000000     
   1.5660000000000007        0.0000000000000000        0.0000000000000000     
   1.5720000000000007        0.0000000000000000        0.0000000000000000     
   1.5780000000000007        0.0000000000000000        0.0000000000000000     
   1.5840000000000007        0.0000000000000000        0.0000000000000000     
   1.5900000000000007        0.0000000000000000        0.0000000000000000     
   1.5960000000000008        0.0000000000000000        0.0000000000000000     
   1.6020000000000008        0.0000000000000000        0.0000000000000000     
   1.6080000000000008        0.0000000000000000        0.0000000000000000     
   1.6140000000000008        0.0000000000000000        0.0000000000000000     
   1.6200000000000008        0.0000000000000000        0.0000000000000000     
   1.6260000000000008        0.0000000000000000        0.0000000000000000     
   1.6320000000000008        0.0000000000000000        0.0000000000000000     
   1.6380000000000008        0.0000000000000000        0.0000000000000000     
   1.6440000000000008        0.0000000000000000        0.0000000000000000     
   1.6500000000000008        0.0000000000000000        0.0000000000000000     
   1.6560000000000008        0.0000000000000000        0.0000000000000000     
   1.6620000000000008        0.0000000000000000        0.0000000000000000     
   1.6680000000000008        0.0000000000000000        0.0000000000000000     
   1.6740000000000008        0.0000000000000000        0.0000000000000000     
   1.6800000000000008        0.0000000000000000        0.0000000000000000     
   1.6860000000000008        0.0000000000000000        0.0000000000000000     
   1.6920000000000008        0.0000000000000000        0.0000000000000000     
   1.6980000000000008        0.0000000000000000        0.0000000000000000     
   1.7040000000000008        0.0000000000000000        0.0000000000000000     
   1.7100000000000009        0.0000000000000000        0.0000000000000000     
   1.7160000000000009        0.0000000000000000        0.0000000000000000     
   1.7220000000000009        0.0000000000000000        0.0000000000000000     
   1.7280000000000009        0.0000000000000000        0.0000000000000000     
   1.7340000000000009        0.0000000000000000        0.0000000000000000     
   1.7400000000000009        0.0000000000000000        0.0000000000000000     
   1.7460000000000009        0.0000000000000000        0.0000000000000000     
   1.7520000000000009        0.0000000000000000        0.0000000000000000     
   1.7580000000000009        0.0000000000000000        0.0000000000000000     
   1.7640000000000009        0.0000000000000000        0.0000000000000000     
   1.7700000000000009        0.0000000000000000        0.0000000000000000     
   1.7760000000000009        0.0000000000000000        0.0000000000000000     
   1.7820000000000009        0.0000000000000000        0.0000000000000000     
   1.7880000000000009        0.0000000000000000        0.0000000000000000     
   1.7940000000000009        0.0000000000000000        0.0000000000000000     
