  -2.0000000000000000        0.0000000000000000        0.0000000000000000     
  -1.9800000000000000        0.0000000000000000        0.0000000000000000     
  -1.9600000000000000        0.0000000000000000        0.0000000000000000     
  -1.9399999999999999        0.0000000000000000        0.0000000000000000     
  -1.9199999999999999        0.0000000000000000        0.0000000000000000     
  -1.8999999999999999        0.0000000000000000        0.0000000000000000     
  -1.8799999999999999        0.0000000000000000        0.0000000000000000     
  -1.8599999999999999        0.0000000000000000        0.0000000000000000     
  -1.8399999999999999        0.0000000000000000        0.0000000000000000     
  -1.8199999999999998        0.0000000000000000        0.0000000000000000     
  -1.7999999999999998        0.0000000000000000        0.0000000000000000     
  -1.7799999999999998        0.0000000000000000        0.0000000000000000     
  -1.7599999999999998        0.0000000000000000        0.0000000000000000     
  -1.7399999999999998        0.0000000000000000        0.0000000000000000     
  -1.7199999999999998        0.0000000000000000        0.0000000000000000     
  -1.6999999999999997        0.0000000000000000        0.0000000000000000     
  -1.6799999999999997        0.0000000000000000        0.0000000000000000     
  -1.6599999999999997        0.0000000000000000        0.0000000000000000     
  -1.6399999999999997        0.0000000000000000        0.0000000000000000     
  -1.6199999999999997        0.0000000000000000        0.0000000000000000     
  -1.5999999999999996        0.0000000000000000        0.0000000000000000     
  -1.5799999999999996        0.0000000000000000        0.0000000000000000     
  -1.5599999999999996        0.0000000000000000        0.0000000000000000     
  -1.5399999999999996        0.0000000000000000        0.0000000000000000     
  -1.5199999999999996        0.0000000000000000        0.0000000000000000     
  -1.4999999999999996        0.0000000000000000        0.0000000000000000     
  -1.4799999999999995        0.0000000000000000        0.0000000000000000     
  -1.4599999999999995        0.0000000000000000        0.0000000000000000     
  -1.4399999999999995        0.0000000000000000        0.0000000000000000     
  -1.4199999999999995        0.0000000000000000        0.0000000000000000     
  -1.3999999999999995        0.0000000000000000        0.0000000000000000     
  -1.3799999999999994        0.0000000000000000        0.0000000000000000     
  -1.3599999999999994        0.0000000000000000        0.0000000000000000     
  -1.3399999999999994        0.0000000000000000        0.0000000000000000     
  -1.3199999999999994        0.0000000000000000        0.0000000000000000     
  -1.2999999999999994        0.0000000000000000        0.0000000000000000     
  -1.2799999999999994        0.0000000000000000        0.0000000000000000     
  -1.2599999999999993        1.0008357373255953E-004   3.3588509454885711E-006
  -1.2399999999999993        8.2616624007471893E-004   1.0674234137517090E-005
  -1.2199999999999993        1.7411221784450082E-003   1.5914030835320954E-005
  -1.1999999999999993        2.6472772996437581E-003   1.9899594968352553E-005
  -1.1799999999999993        3.4666695447605972E-003   2.3103851916641021E-005
  -1.1599999999999993        4.1309108685186578E-003   2.5443520057158481E-005
  -1.1399999999999992        4.5908010596350758E-003   2.6919961315934554E-005
  -1.1199999999999992        4.9192379738155012E-003   2.7933455653365840E-005
  -1.0999999999999992        5.2909496702034809E-003   2.9009747593278081E-005
  -1.0799999999999992        5.4927619204885687E-003   2.9508684271861571E-005
  -1.0599999999999992        5.6918895786785993E-003   2.9990755777642573E-005
  -1.0399999999999991        5.9498711047518502E-003   3.0664915581630446E-005
  -1.0199999999999991        6.1815075493242720E-003   3.1194395259046596E-005
 -0.99999999999999911        6.4155541741745224E-003   3.1726642409616131E-005
 -0.97999999999999909        6.5143559623737583E-003   3.1908486666473234E-005
 -0.95999999999999908        6.8068390536024353E-003   3.2638515715660892E-005
 -0.93999999999999906        6.9826006647974587E-003   3.2986343246788549E-005
 -0.91999999999999904        7.2111792861641374E-003   3.3513146935475129E-005
 -0.89999999999999902        7.3531127386707099E-003   3.3818238824996740E-005
 -0.87999999999999901        7.5906229221509311E-003   3.4336728547203961E-005
 -0.85999999999999899        7.7391680105482231E-003   3.4612188238789641E-005
 -0.83999999999999897        7.8765040822976889E-003   3.4925255820259733E-005
 -0.81999999999999895        8.0398393631158326E-003   3.5206924194394023E-005
 -0.79999999999999893        8.1969898029167643E-003   3.5547663030444374E-005
 -0.77999999999999892        8.3386422867518222E-003   3.5807944375630727E-005
 -0.75999999999999890        8.5258620394270210E-003   3.6192437227753787E-005
 -0.73999999999999888        8.6522207549679011E-003   3.6440167861758588E-005
 -0.71999999999999886        8.7589240294980355E-003   3.6613506755658815E-005
 -0.69999999999999885        8.9937073123696840E-003   3.7069571232543947E-005
 -0.67999999999999883        9.0226630382150390E-003   3.7149605249627231E-005
 -0.65999999999999881        9.1617474097249515E-003   3.7398693922951805E-005
 -0.63999999999999879        9.3141809770388734E-003   3.7690902636697550E-005
 -0.61999999999999877        9.4046599856206850E-003   3.7827020533038583E-005
 -0.59999999999999876        9.4573846297995954E-003   3.7905133698215270E-005
 -0.57999999999999874        9.5845223062948487E-003   3.8145358966269498E-005
 -0.55999999999999872        9.6117421189236690E-003   3.8171400090730631E-005
 -0.53999999999999870        9.7460677179208970E-003   3.8356158761886121E-005
 -0.51999999999999869        9.7637061739991836E-003   3.8427284349841379E-005
 -0.49999999999999867        9.9004926335404652E-003   3.8609784287748612E-005
 -0.47999999999999865        9.9494338825373285E-003   3.8704595801822708E-005
 -0.45999999999999863        1.0017492442307650E-002   3.8791338015593903E-005
 -0.43999999999999861        1.0179834683508367E-002   3.9045235317892643E-005
 -0.41999999999999860        1.0083087993188640E-002   3.8847434376578458E-005
 -0.39999999999999858        1.0153558252181012E-002   3.8899454613180273E-005
 -0.37999999999999856        1.0089973396365441E-002   3.8740012205358433E-005
 -0.35999999999999854        1.0166267027627778E-002   3.8816724774792282E-005
 -0.33999999999999853        1.0143743611300297E-002   3.8658508145148580E-005
 -0.31999999999999851        1.0193809510263711E-002   3.8783145938212413E-005
 -0.29999999999999849        1.0182048579327002E-002   3.8712928633374866E-005
 -0.27999999999999847        1.0258488520763371E-002   3.8828523604855012E-005
 -0.25999999999999845        1.0200175753614879E-002   3.8626588100210619E-005
 -0.23999999999999846        1.0210420457455644E-002   3.8644414097915210E-005
 -0.21999999999999847        1.0201978878653222E-002   3.8573337350410524E-005
 -0.19999999999999848        1.0193146577255971E-002   3.8490303238718701E-005
 -0.17999999999999849        1.0168958273227446E-002   3.8342134278825763E-005
 -0.15999999999999850        1.0179238231525325E-002   3.8304676508561001E-005
 -0.13999999999999851        1.0138098106067792E-002   3.8151244832519988E-005
 -0.11999999999999851        1.0120409517496456E-002   3.8026024618526474E-005
  -9.9999999999998507E-002   1.0120371618499461E-002   3.8007765896031049E-005
  -7.9999999999998503E-002   1.0024372999243166E-002   3.7715705823095297E-005
  -5.9999999999998499E-002   9.9563450333657894E-003   3.7550868144983905E-005
  -3.9999999999998495E-002   9.9996037688012008E-003   3.7544456545150113E-005
  -1.9999999999998495E-002   9.9740612682903771E-003   3.7504449720478521E-005
   1.5057399771478686E-015   9.9870315359410766E-003   3.7431049481781216E-005
   2.0000000000001506E-002   9.9031707910105810E-003   3.7188863431544684E-005
   4.0000000000001507E-002   9.8112207148945817E-003   3.6982663876873619E-005
   6.0000000000001510E-002   9.8531347135851904E-003   3.6975616142197082E-005
   8.0000000000001514E-002   9.7579058010938170E-003   3.6748481301433808E-005
  0.10000000000000152        9.7093995435149107E-003   3.6601471362094353E-005
  0.12000000000000151        9.7235069142777280E-003   3.6589612414180211E-005
  0.14000000000000151        9.5909935568154105E-003   3.6254184135016075E-005
  0.16000000000000150        9.6233944926170881E-003   3.6250566751504187E-005
  0.18000000000000149        9.5441605792233493E-003   3.6077408012147553E-005
  0.20000000000000148        9.5779302939098202E-003   3.6105890761768837E-005
  0.22000000000000147        9.4707873568403086E-003   3.5867354695753848E-005
  0.24000000000000146        9.4851655955636143E-003   3.5877846097827857E-005
  0.26000000000000145        9.3799665352283373E-003   3.5609974215588752E-005
  0.28000000000000147        9.3154377102056957E-003   3.5421348401401430E-005
  0.30000000000000149        9.2339532276604283E-003   3.5268096233992429E-005
  0.32000000000000151        9.1662408660807479E-003   3.5141029299178814E-005
  0.34000000000000152        9.1238120060490105E-003   3.4992523779623874E-005
  0.36000000000000154        9.0549792237254231E-003   3.4845151414437279E-005
  0.38000000000000156        8.9766160993748536E-003   3.4696128477683761E-005
  0.40000000000000158        8.9279912759050832E-003   3.4595817891942077E-005
  0.42000000000000159        8.8637933838099613E-003   3.4462001072746543E-005
  0.44000000000000161        8.8339655494423432E-003   3.4373400068105757E-005
  0.46000000000000163        8.6902504068686846E-003   3.4045994728412349E-005
  0.48000000000000165        8.6563421314993019E-003   3.3975802654995067E-005
  0.50000000000000167        8.5346690652784961E-003   3.3699345147127652E-005
  0.52000000000000168        8.4182310224309078E-003   3.3427246225585816E-005
  0.54000000000000170        8.3748870968362431E-003   3.3410406602192996E-005
  0.56000000000000172        8.2267699243741745E-003   3.3138353805648739E-005
  0.58000000000000174        8.1430410546466658E-003   3.2896476670152234E-005
  0.60000000000000175        8.0074632263003494E-003   3.2681829955256655E-005
  0.62000000000000177        7.9229866069385167E-003   3.2452455597205511E-005
  0.64000000000000179        7.7668818290082984E-003   3.2115988533503040E-005
  0.66000000000000181        7.5974557447974784E-003   3.1745191234399988E-005
  0.68000000000000183        7.4953943114266291E-003   3.1520527320694939E-005
  0.70000000000000184        7.3347944792652615E-003   3.1038017717514288E-005
  0.72000000000000186        7.1346922596955418E-003   3.0644192333299826E-005
  0.74000000000000188        7.0731744413363778E-003   3.0520056588202697E-005
  0.76000000000000190        6.9308548386900082E-003   3.0129549867557393E-005
  0.78000000000000191        6.6883497653334144E-003   2.9553474864233384E-005
  0.80000000000000193        6.5531142640216878E-003   2.9312954435664738E-005
  0.82000000000000195        6.4209913116166032E-003   2.8894317795011960E-005
  0.84000000000000197        6.2656773208040455E-003   2.8467150330785008E-005
  0.86000000000000199        6.1063513128924345E-003   2.8107167410120228E-005
  0.88000000000000200        5.8981278701900506E-003   2.7595405634223177E-005
  0.90000000000000202        5.7310492744772294E-003   2.7072203861892588E-005
  0.92000000000000204        5.5261457407437212E-003   2.6550561476470313E-005
  0.94000000000000206        5.3646995623666338E-003   2.6081114862910551E-005
  0.96000000000000207        5.1392811583318172E-003   2.5483710542810428E-005
  0.98000000000000198        4.9748658475904980E-003   2.4995861678713496E-005
   1.0000000000000020        4.7901799627510034E-003   2.4473012094088366E-005
   1.0200000000000020        4.5546804549493891E-003   2.3780902850992843E-005
   1.0400000000000020        4.3404680340406974E-003   2.3152496080568942E-005
   1.0600000000000021        4.1112578561389246E-003   2.2447606414498383E-005
   1.0800000000000021        3.8808774921250504E-003   2.1733636714937112E-005
   1.1000000000000021        3.5841472618507357E-003   2.0768365040493200E-005
   1.1200000000000021        3.2578849671451035E-003   1.9679924787601819E-005
   1.1400000000000021        2.9521952940876981E-003   1.8547428761772086E-005
   1.1600000000000021        2.4300794355338580E-003   1.6570963124175484E-005
   1.1800000000000022        1.8598685075423684E-003   1.4253500943221394E-005
   1.2000000000000022        1.2040536567372970E-003   1.1213902510151593E-005
   1.2200000000000022        5.5821973504213251E-004   7.3930347027541542E-006
   1.2400000000000022        6.0592819569632665E-005   2.1536370193102340E-006
   1.2600000000000022        0.0000000000000000        0.0000000000000000     
   1.2800000000000022        0.0000000000000000        0.0000000000000000     
   1.3000000000000023        0.0000000000000000        0.0000000000000000     
   1.3200000000000023        0.0000000000000000        0.0000000000000000     
   1.3400000000000023        0.0000000000000000        0.0000000000000000     
   1.3600000000000023        0.0000000000000000        0.0000000000000000     
   1.3800000000000023        0.0000000000000000        0.0000000000000000     
   1.4000000000000024        0.0000000000000000        0.0000000000000000     
   1.4200000000000024        0.0000000000000000        0.0000000000000000     
   1.4400000000000024        0.0000000000000000        0.0000000000000000     
   1.4600000000000024        0.0000000000000000        0.0000000000000000     
   1.4800000000000024        0.0000000000000000        0.0000000000000000     
   1.5000000000000024        0.0000000000000000        0.0000000000000000     
   1.5200000000000025        0.0000000000000000        0.0000000000000000     
   1.5400000000000025        0.0000000000000000        0.0000000000000000     
   1.5600000000000025        0.0000000000000000        0.0000000000000000     
   1.5800000000000025        0.0000000000000000        0.0000000000000000     
   1.6000000000000025        0.0000000000000000        0.0000000000000000     
   1.6200000000000025        0.0000000000000000        0.0000000000000000     
   1.6400000000000026        0.0000000000000000        0.0000000000000000     
   1.6600000000000026        0.0000000000000000        0.0000000000000000     
   1.6800000000000026        0.0000000000000000        0.0000000000000000     
   1.7000000000000026        0.0000000000000000        0.0000000000000000     
   1.7200000000000026        0.0000000000000000        0.0000000000000000     
   1.7400000000000027        0.0000000000000000        0.0000000000000000     
   1.7600000000000027        0.0000000000000000        0.0000000000000000     
   1.7800000000000027        0.0000000000000000        0.0000000000000000     
   1.8000000000000027        0.0000000000000000        0.0000000000000000     
   1.8200000000000027        0.0000000000000000        0.0000000000000000     
   1.8400000000000027        0.0000000000000000        0.0000000000000000     
   1.8600000000000028        0.0000000000000000        0.0000000000000000     
   1.8800000000000028        0.0000000000000000        0.0000000000000000     
   1.9000000000000028        0.0000000000000000        0.0000000000000000     
   1.9200000000000028        0.0000000000000000        0.0000000000000000     
   1.9400000000000028        0.0000000000000000        0.0000000000000000     
   1.9600000000000029        0.0000000000000000        0.0000000000000000     
   1.9800000000000026        0.0000000000000000        0.0000000000000000     
