   80.000000000000000        1.3478732509153416E-002   7.0435228650180535E-004
   80.099999999999994        1.5024067720847739E-002   1.0380051411103435E-003
   80.199999999999989        1.4198107433799713E-002   7.6367425774965646E-004
   80.299999999999983        1.5284093355665947E-002   1.0864997560347659E-003
   80.399999999999977        1.5588961683469106E-002   1.0282368544794736E-003
   80.499999999999972        1.9559892315230497E-002   1.4428820180805023E-003
   80.599999999999966        1.7436935736796205E-002   1.1007107515868637E-003
   80.699999999999960        1.7132845510273498E-002   9.3538031731318103E-004
   80.799999999999955        1.8184484382748983E-002   1.0511663704154592E-003
   80.899999999999949        1.7362503145617075E-002   8.2860676302031258E-004
   80.999999999999943        1.6862367825907210E-002   7.9857212457034817E-004
   81.099999999999937        1.9334626740552262E-002   1.0427685329032186E-003
   81.199999999999932        1.9815579082838878E-002   1.2549497990943523E-003
   81.299999999999926        1.7816885472863243E-002   9.1070774713133355E-004
   81.399999999999920        2.0876832889033817E-002   1.3369554577046098E-003
   81.499999999999915        2.0492758787292491E-002   1.1046001347486416E-003
   81.599999999999909        2.1860231674004388E-002   1.3790091956470715E-003
   81.699999999999903        2.0544846387732709E-002   8.4068043933423241E-004
   81.799999999999898        2.2933609014743186E-002   1.2407997208468010E-003
   81.899999999999892        2.1846097755139224E-002   1.0859648524203255E-003
   81.999999999999886        2.6059912153899457E-002   1.6664351707741565E-003
   82.099999999999881        2.4198468961058241E-002   1.3801771789218660E-003
   82.199999999999875        2.5702333782693831E-002   1.4188090808507016E-003
   82.299999999999869        2.4302203860648193E-002   1.0643878426257684E-003
   82.399999999999864        2.5830707866770452E-002   1.2019960450058600E-003
   82.499999999999858        2.7640322710594606E-002   1.2120524012053690E-003
   82.599999999999852        2.5722611369377202E-002   1.3015010338784468E-003
   82.699999999999847        3.0027575129909723E-002   1.6370185836357385E-003
   82.799999999999841        2.8390769830133149E-002   1.3451317398841312E-003
   82.899999999999835        2.9085055434909173E-002   1.2731558522715495E-003
   82.999999999999829        3.3088363237471406E-002   1.7855989117051480E-003
   83.099999999999824        3.3100332992477353E-002   1.5760296941298663E-003
   83.199999999999818        3.5537349749457318E-002   1.8699782257657616E-003
   83.299999999999812        3.8197458071205212E-002   2.1064043441403678E-003
   83.399999999999807        3.4859741723092044E-002   1.4028381190148511E-003
   83.499999999999801        3.7181673121850001E-002   1.8015658990792791E-003
   83.599999999999795        3.6684979619214318E-002   1.7799439547277213E-003
   83.699999999999790        3.7968002007779583E-002   1.6116964193030579E-003
   83.799999999999784        4.2608470030137985E-002   1.7940830407015714E-003
   83.899999999999778        4.2627513494955700E-002   1.9570702422210180E-003
   83.999999999999773        4.7036857263324100E-002   2.3118613467607656E-003
   84.099999999999767        4.5524902835666986E-002   1.9299299893706743E-003
   84.199999999999761        5.0065912493256946E-002   2.3700874400431628E-003
   84.299999999999756        4.9252618546669333E-002   2.3103384282086468E-003
   84.399999999999750        4.9642870809389186E-002   2.2474673869372556E-003
   84.499999999999744        5.5360836926563503E-002   2.4616104708530696E-003
   84.599999999999739        5.3958413563275479E-002   2.2887503849205802E-003
   84.699999999999733        5.7344600455393961E-002   2.6114203622169129E-003
   84.799999999999727        5.9882701831869910E-002   2.6003095868883451E-003
   84.899999999999721        6.1765504045052676E-002   2.5274266436711842E-003
   84.999999999999716        6.6021634546522379E-002   2.9819254526006755E-003
   85.099999999999710        6.7783901677114108E-002   2.8331912024011914E-003
   85.199999999999704        7.2016383558933778E-002   3.2293404860970938E-003
   85.299999999999699        7.2415219652695553E-002   2.8131229694741250E-003
   85.399999999999693        6.9961306730603287E-002   2.5315715610396499E-003
   85.499999999999687        7.9080146774622023E-002   3.1136420595865898E-003
   85.599999999999682        8.1193749805694021E-002   3.0528551234897073E-003
   85.699999999999676        8.4153086216499889E-002   3.0740377496046968E-003
   85.799999999999670        8.5095755194182970E-002   3.0039176614404775E-003
   85.899999999999665        9.1625936288442275E-002   3.2146678278525591E-003
   85.999999999999659        9.6954828230692958E-002   3.4826001409817733E-003
   86.099999999999653       0.10039772029784103        3.4792561932365951E-003
   86.199999999999648       0.10426886883419739        3.4346620230159596E-003
   86.299999999999642       0.10775562173103687        3.6000513852768130E-003
   86.399999999999636       0.11382489607358114        3.7439628160949247E-003
   86.499999999999631       0.11733489259826570        3.7445076692552148E-003
   86.599999999999625       0.12437380079122207        3.5038628572702690E-003
   86.699999999999619       0.13512244017226632        4.8536272918652751E-003
   86.799999999999613       0.14213028874321706        4.5311861373350890E-003
   86.899999999999608       0.14766394870278643        4.5211107888945756E-003
   86.999999999999602       0.15945718339337328        4.9445988006019004E-003
   87.099999999999596       0.15783694309035212        4.4944871355602073E-003
   87.199999999999591       0.17640843535953765        5.5174967768028670E-003
   87.299999999999585       0.18232037873365134        4.9700082857901959E-003
   87.399999999999579       0.18932726502641864        4.7308467468412472E-003
   87.499999999999574       0.20530326951614541        5.8809187636513459E-003
   87.599999999999568       0.22426314478094972        6.4878279259713645E-003
   87.699999999999562       0.23497505652504422        6.5430396356138858E-003
   87.799999999999557       0.24610095880934443        6.3826558382663167E-003
   87.899999999999551       0.26168349373789618        6.8237468149348083E-003
   87.999999999999545       0.27698770604453266        7.1737874461466570E-003
   88.099999999999540       0.29818815780342123        7.3943388972713677E-003
   88.199999999999534       0.31550117526222188        7.9027688065563557E-003
   88.299999999999528       0.34279848170942878        7.7713771893109925E-003
   88.399999999999523       0.35741570042073106        7.9367196097162671E-003
   88.499999999999517       0.38519765002482081        8.0164275320436830E-003
   88.599999999999511       0.41194843435183903        8.5419591518173625E-003
   88.699999999999505       0.45332074775785264        9.2536108448506814E-003
   88.799999999999500       0.49285694040678962        9.6952605863328926E-003
   88.899999999999494       0.51428755802716675        9.5562106947295784E-003
   88.999999999999488       0.56594417723464641        1.0199751909986319E-002
   89.099999999999483       0.61506296615458456        1.1162512090810182E-002
   89.199999999999477       0.67479346618281544        1.1691664551173356E-002
   89.299999999999471       0.73249346484851408        1.1849888102315801E-002
   89.399999999999466       0.78791719787157100        1.2687467367041350E-002
   89.499999999999460       0.86219765973842599        1.3376272929363990E-002
   89.599999999999454       0.93856159309473519        1.3993063273510025E-002
   89.699999999999449        1.0219354648202355        1.4349032187692491E-002
   89.799999999999443        1.1461249270916174        1.5882764496821695E-002
   89.899999999999437        1.2206349669969938        1.5136120172276840E-002
   89.999999999999432        1.3656449145367555        1.7575217541651682E-002
   90.099999999999426        1.4749142379786842        1.8216006916964306E-002
   90.199999999999420        1.5823354282413633        1.7630771522501587E-002
   90.299999999999415        1.7510616708130633        1.9471118825409275E-002
   90.399999999999409        1.8875648491775192        2.0400048808437807E-002
   90.499999999999403        2.0640533077830030        2.1718605415282154E-002
   90.599999999999397        2.1600508924655495        2.1784408126974995E-002
   90.699999999999392        2.3396535509383849        2.3051562570579363E-002
   90.799999999999386        2.5012868988675625        2.4550957491131054E-002
   90.899999999999380        2.5491003222346009        2.4294137024633226E-002
   90.999999999999375        2.6153187908697149        2.4382466676203161E-002
   91.099999999999369        2.6707940142885800        2.4745241016335576E-002
   91.199999999999363        2.6776199851665461        2.4903667872053194E-002
   91.299999999999358        2.6737892814446864        2.4505350726384174E-002
   91.399999999999352        2.5956674225351595        2.4221192403884508E-002
   91.499999999999346        2.5508903996181682        2.3893037865671870E-002
   91.599999999999341        2.4314215341029626        2.3213496920707580E-002
   91.699999999999335        2.3504253532775210        2.3171776981253105E-002
   91.799999999999329        2.1900878920866456        2.1015929806977550E-002
   91.899999999999324        2.0582060210610469        2.0676738092817851E-002
   91.999999999999318        1.9361224694327932        2.0137836485884686E-002
   92.099999999999312        1.8035991167766601        1.9586851427603715E-002
   92.199999999999307        1.7326631041480238        1.9740246082878467E-002
   92.299999999999301        1.5697889608419631        1.7360330618785773E-002
   92.399999999999295        1.4689026051938874        1.7464910843130187E-002
   92.499999999999289        1.3945883163483992        1.7066228115695858E-002
   92.599999999999284        1.2755288539858622        1.5846483570980226E-002
   92.699999999999278        1.1962208383912867        1.5211007513449162E-002
   92.799999999999272        1.1325120688737942        1.4892757368592843E-002
   92.899999999999267        1.0717158265006739        1.5060605959206550E-002
   92.999999999999261        1.0162684759411340        1.4179327449443668E-002
   93.099999999999255       0.95447433271637938        1.3444198934660275E-002
   93.199999999999250       0.90214157852250942        1.2963802963123215E-002
   93.299999999999244       0.86417871728748474        1.2630614182676563E-002
   93.399999999999238       0.81465517867141712        1.2208287391669712E-002
   93.499999999999233       0.73950106236245028        1.1061419865207252E-002
   93.599999999999227       0.72767866161220340        1.1401608835804957E-002
   93.699999999999221       0.68133166598129846        1.0032346385628233E-002
   93.799999999999216       0.64364658595490154        9.9489762830824360E-003
   93.899999999999210       0.62527339175581831        1.0012233639626670E-002
   93.999999999999204       0.58974855608080134        9.3108761638660189E-003
   94.099999999999199       0.55544912021165271        8.4627048621138436E-003
   94.199999999999193       0.54081417716000268        8.7846139929709383E-003
   94.299999999999187       0.54092322071449606        8.9786407879324601E-003
   94.399999999999181       0.50580724258841991        8.3920943614591570E-003
   94.499999999999176       0.48562764766144229        7.6485801106011241E-003
   94.599999999999170       0.47786330893139539        8.2111586616343737E-003
   94.699999999999164       0.46532804283390927        7.8833810812728687E-003
   94.799999999999159       0.46227538372552318        7.8179049129622757E-003
   94.899999999999153       0.43319524308772489        7.0495578744767667E-003
   94.999999999999147       0.41263045450171520        6.8748265384873056E-003
   95.099999999999142       0.40250719611352598        6.2608248956788600E-003
   95.199999999999136       0.38051612538571994        6.3325396742988024E-003
   95.299999999999130       0.38562575103631458        6.2646845320749418E-003
   95.399999999999125       0.38026875719466063        6.1448892833088830E-003
   95.499999999999119       0.37224987042303348        6.1688553841247953E-003
   95.599999999999113       0.36380675594899886        6.1469549154414818E-003
   95.699999999999108       0.35641323361383759        5.6997103997469111E-003
   95.799999999999102       0.35072788480618977        5.6665009062903749E-003
   95.899999999999096       0.33637999016426617        5.1414617196814888E-003
   95.999999999999091       0.33135917257034508        5.3593932186546591E-003
   96.099999999999085       0.32728342952062228        5.0640407426056494E-003
   96.199999999999079       0.33169864123426135        5.1697121181085619E-003
   96.299999999999073       0.31952599317273933        4.8994966029478424E-003
   96.399999999999068       0.32374115995361014        5.1947853663924142E-003
   96.499999999999062       0.31251178080321990        4.8233862134131073E-003
   96.599999999999056       0.30746366382409995        4.6437539840671147E-003
   96.699999999999051       0.29790600958332336        4.2080082676864252E-003
   96.799999999999045       0.30464148773701638        4.3747148152817649E-003
   96.899999999999039       0.30285408036796496        4.2224007253965443E-003
   96.999999999999034       0.29822140765256139        4.0261908089763137E-003
   97.099999999999028       0.29758027201914439        4.0363480377643068E-003
   97.199999999999022       0.30148725428414791        4.1002522071606354E-003
   97.299999999999017       0.29535624892527446        3.9470364785623513E-003
   97.399999999999011       0.28708069314765233        3.5259581599004406E-003
   97.499999999999005       0.29622991756298195        3.7130596730541709E-003
   97.599999999999000       0.30116515650732689        3.7518231812221563E-003
   97.699999999998994       0.30323545257092377        3.5466755387146484E-003
   97.799999999998988       0.30296630923123175        3.5128613104487218E-003
   97.899999999998983       0.30515551844733946        3.4356272095517571E-003
   97.999999999998977       0.30717108472925936        3.3239047144532595E-003
   98.099999999998971       0.31139753721148605        3.3105060182105641E-003
   98.199999999998965       0.31679734876312698        3.1970643628187346E-003
   98.299999999998960       0.31897398588980297        3.0895324405428295E-003
   98.399999999998954       0.33015776348958281        3.0967094112693979E-003
   98.499999999998948       0.33545387380159786        3.0159920401646519E-003
   98.599999999998943       0.34630740578317093        3.0005075226404304E-003
   98.699999999998937       0.35498923271457178        2.9339965677995764E-003
   98.799999999998931       0.36786676396430384        2.8291037648715020E-003
   98.899999999998926       0.38859337473478017        2.8337925754363517E-003
   98.999999999998920       0.40934136030393431        2.8440914743450302E-003
   99.099999999998914       0.42790312021811677        2.7699755575869120E-003
   99.199999999998909       0.45689112210615285        2.6985028663865152E-003
   99.299999999998903       0.49303281810642219        2.6743296016546341E-003
   99.399999999998897       0.54932098446446209        2.6980393479160980E-003
   99.499999999998892       0.61621185580886251        2.6389329999127846E-003
   99.599999999998886       0.71191786983241823        2.6264229478492199E-003
   99.699999999998880       0.87727178519324611        2.6433176579648116E-003
   99.799999999998875        1.1826253809931473        2.6315113142457523E-003
   99.899999999998869        1.6876196991072523        2.3020361697938447E-003
