  0.59999999999999998        1.7183835309426361        1.6048294448496203E-002
  0.60599999999999998        1.7337765340723590        1.6107438780300184E-002
  0.61199999999999999        1.7718062945943052        1.6225932698056063E-002
  0.61799999999999999        1.7873390116143473        1.6294639909567896E-002
  0.62400000000000000        1.7754992423145055        1.5872640532859705E-002
  0.63000000000000000        1.7819527760800762        1.6046904889718168E-002
  0.63600000000000001        1.8510900118990445        1.6510284665553980E-002
  0.64200000000000002        1.8507932160485039        1.6443308450052038E-002
  0.64800000000000002        1.9024568234004324        1.6987128778262885E-002
  0.65400000000000003        1.8521363606154524        1.6383374237755564E-002
  0.66000000000000003        1.8801674748953709        1.6653181343115005E-002
  0.66600000000000004        1.9319095692627681        1.6699594703331586E-002
  0.67200000000000004        1.9333427989470242        1.6669932988316954E-002
  0.67800000000000005        1.9700471361881049        1.7049272172063704E-002
  0.68400000000000005        1.9818448108572813        1.7068846234129659E-002
  0.69000000000000006        2.0120993568477146        1.7057932831360992E-002
  0.69600000000000006        2.0271886359918398        1.7124729051795535E-002
  0.70200000000000007        2.0518094732136443        1.7443405366104576E-002
  0.70800000000000007        2.0737490933651506        1.7652742477327819E-002
  0.71400000000000008        2.0894278710370160        1.7637446832803577E-002
  0.72000000000000008        2.1213261682775784        1.7770089006726712E-002
  0.72600000000000009        2.1549922366443623        1.7804131876098118E-002
  0.73200000000000010        2.1792595067865834        1.7983375896063789E-002
  0.73800000000000010        2.1831011668873517        1.7843462343595216E-002
  0.74400000000000011        2.1920682188930884        1.7656163412221270E-002
  0.75000000000000011        2.2611298473697747        1.8466872706349738E-002
  0.75600000000000012        2.2788655620855334        1.8247859427803936E-002
  0.76200000000000012        2.3136684890184429        1.8394532059698484E-002
  0.76800000000000013        2.3187091388136900        1.8595181904903408E-002
  0.77400000000000013        2.3565890176686106        1.8346125624575989E-002
  0.78000000000000014        2.3815781458381777        1.8430779399207467E-002
  0.78600000000000014        2.3979861091064847        1.8690363030358762E-002
  0.79200000000000015        2.4047068333382473        1.8799687047390524E-002
  0.79800000000000015        2.5130762535673266        1.9411766654777458E-002
  0.80400000000000016        2.4951569143591721        1.9120129415190076E-002
  0.81000000000000016        2.5678494798395226        1.9554341499392898E-002
  0.81600000000000017        2.5902565994571969        1.9422637635920868E-002
  0.82200000000000017        2.6541958670672017        1.9904917940865623E-002
  0.82800000000000018        2.6479523725908600        1.9391673578655719E-002
  0.83400000000000019        2.7139617899987365        1.9985916297144940E-002
  0.84000000000000019        2.7444228164400419        2.0287445050473630E-002
  0.84600000000000020        2.8137510111874637        2.0640339857785305E-002
  0.85200000000000020        2.8299147990116857        2.0162450551539677E-002
  0.85800000000000021        2.8737177820033799        2.0386318069799694E-002
  0.86400000000000021        2.9500817648013560        2.0829493227797230E-002
  0.87000000000000022        3.0307433206077494        2.1390247354199865E-002
  0.87600000000000022        3.0903036242081434        2.1352541467822683E-002
  0.88200000000000023        3.1564573273759287        2.1666299481430909E-002
  0.88800000000000023        3.2177023997811123        2.1678294336801227E-002
  0.89400000000000024        3.3175627440176920        2.2511549820537637E-002
  0.90000000000000024        3.3670419885262781        2.2364967429966132E-002
  0.90600000000000025        3.4785407493634164        2.3036364543643439E-002
  0.91200000000000025        3.5674165467313781        2.3135295533714566E-002
  0.91800000000000026        3.6628399815493213        2.3350659527867884E-002
  0.92400000000000027        3.7797203808242053        2.3448911007522857E-002
  0.93000000000000027        3.9254497984930921        2.4322051152935190E-002
  0.93600000000000028        4.0719793491418974        2.4656264114954338E-002
  0.94200000000000028        4.3197106204231526        2.5536010052487595E-002
  0.94800000000000029        4.4754795623422075        2.6065998073753701E-002
  0.95400000000000029        4.7155922639492225        2.6419745313373412E-002
  0.96000000000000030        5.0536358052154293        2.7814866493032941E-002
  0.96600000000000030        5.2808861729020551        2.8033759779517851E-002
  0.97200000000000031        5.7352935890429455        2.9299343282315642E-002
  0.97800000000000031        6.1426272191950879        3.0603071824120434E-002
  0.98400000000000032        6.5953292791447167        3.1505991886303181E-002
  0.99000000000000032        6.7313269406875875        3.1695777195696495E-002
  0.99600000000000022        6.1531906931788605        2.9924885092690014E-002
   1.0020000000000002        4.7830954646297954        2.6506075167234411E-002
   1.0080000000000002        3.2989502545356659        2.1341893140697104E-002
   1.0140000000000002        2.3304295257452075        1.7722858702996565E-002
   1.0200000000000002        1.6946954959101230        1.4685613471227562E-002
   1.0260000000000002        1.2637203242960193        1.2142847039302329E-002
   1.0320000000000003        1.0016503890989563        1.0255058899536795E-002
   1.0380000000000003       0.81826233844834395        8.9567580422456154E-003
   1.0440000000000003       0.69212335644256295        8.0755374523594683E-003
   1.0500000000000003       0.59112881400746220        7.1723981270212702E-003
   1.0560000000000003       0.50989962870038419        6.3979015406638697E-003
   1.0620000000000003       0.45461144984781360        5.9589754860750908E-003
   1.0680000000000003       0.38595667859898519        4.7636884065143355E-003
   1.0740000000000003       0.36498808154109980        4.9280897526476613E-003
   1.0800000000000003       0.32679716995554725        4.3591834048366720E-003
   1.0860000000000003       0.29705608586731524        4.0253472224536938E-003
   1.0920000000000003       0.27642366058408668        3.7580712041626711E-003
   1.0980000000000003       0.24778652277457422        3.3071205790931057E-003
   1.1040000000000003       0.23904626682824184        3.2080104299603844E-003
   1.1100000000000003       0.22440217826896097        3.0426054147500809E-003
   1.1160000000000003       0.21199049587780311        2.9179028990835004E-003
   1.1220000000000003       0.19196598775692511        2.5119709314012015E-003
   1.1280000000000003       0.18584944079138491        2.5047470089993025E-003
   1.1340000000000003       0.17550205145819558        2.3653718022850862E-003
   1.1400000000000003       0.16434354173419541        2.0989888497537383E-003
   1.1460000000000004       0.15767498366449037        2.0595805512297581E-003
   1.1520000000000004       0.15145965781541676        1.9572775554002990E-003
   1.1580000000000004       0.14206068175246719        1.7873323984120718E-003
   1.1640000000000004       0.13884684807820377        1.8034132473588353E-003
   1.1700000000000004       0.13034423517148314        1.6470085665525401E-003
   1.1760000000000004       0.12591833388803789        1.5287285390129079E-003
   1.1820000000000004       0.12280952879685808        1.5198025952654736E-003
   1.1880000000000004       0.11400798930662732        1.3613598863610103E-003
   1.1940000000000004       0.11339156960928376        1.3405592116003935E-003
   1.2000000000000004       0.10842163391626414        1.3093434280764659E-003
   1.2060000000000004       0.10603161492927923        1.2327299472756860E-003
   1.2120000000000004       0.10013804904877677        1.1885170767097324E-003
   1.2180000000000004        9.7164131213116761E-002   1.1111541052095735E-003
   1.2240000000000004        9.6508176615150459E-002   1.0880022490999050E-003
   1.2300000000000004        9.2702429641691425E-002   1.0548405740959945E-003
   1.2360000000000004        9.3083266496527844E-002   1.0427337749865147E-003
   1.2420000000000004        8.6587787322968471E-002   9.5135545905758153E-004
   1.2480000000000004        8.5718416515951773E-002   9.3906634349757078E-004
   1.2540000000000004        8.2969117225880351E-002   9.1428942634680041E-004
   1.2600000000000005        8.0550484822249496E-002   8.7496409886030503E-004
   1.2660000000000005        7.8890088898413813E-002   8.4841374568199208E-004
   1.2720000000000005        7.6628336551826645E-002   8.0915282695074849E-004
   1.2780000000000005        7.5282069917668254E-002   7.7399665344252458E-004
   1.2840000000000005        7.3127557731921353E-002   7.5256862598407773E-004
   1.2900000000000005        7.2011620227765735E-002   7.5403242751197024E-004
   1.2960000000000005        6.9822535905278163E-002   7.0279673112072418E-004
   1.3020000000000005        6.8776051934881705E-002   7.0269947019103193E-004
   1.3080000000000005        6.8093758870325774E-002   6.7857477283270672E-004
   1.3140000000000005        6.5457822591283521E-002   6.5020324865739895E-004
   1.3200000000000005        6.4544023966786032E-002   6.2960012801813962E-004
   1.3260000000000005        6.2969003777510746E-002   6.1442233518237371E-004
   1.3320000000000005        6.1632574264594828E-002   5.9600487802316808E-004
   1.3380000000000005        5.9910071622736948E-002   5.6553414294207899E-004
   1.3440000000000005        6.0156572864339265E-002   5.6878147714024255E-004
   1.3500000000000005        5.8016784492381131E-002   5.4189806020560132E-004
   1.3560000000000005        5.7068341957653056E-002   5.2371476512457513E-004
   1.3620000000000005        5.6338426255328804E-002   5.1927443604436166E-004
   1.3680000000000005        5.6262384190917912E-002   5.1088155404468494E-004
   1.3740000000000006        5.4032972161412902E-002   4.8343723511304966E-004
   1.3800000000000006        5.3674528544346137E-002   4.8213809997534702E-004
   1.3860000000000006        5.2849600707894157E-002   4.6563974172542837E-004
   1.3920000000000006        5.1576595776816378E-002   4.6015987596812645E-004
   1.3980000000000006        5.0637129083894998E-002   4.4287513217659401E-004
   1.4040000000000006        5.0000200578160355E-002   4.3591360224775943E-004
   1.4100000000000006        4.9434603186016043E-002   4.2786219566143643E-004
   1.4160000000000006        4.8013101202233656E-002   4.0857746842020418E-004
   1.4220000000000006        4.8525978965887659E-002   4.1072210943104330E-004
   1.4280000000000006        4.7081751869960796E-002   3.9675950432642248E-004
   1.4340000000000006        4.6490809480092585E-002   3.8369009185377888E-004
   1.4400000000000006        4.5736736139856085E-002   3.7935685290817612E-004
   1.4460000000000006        4.3716303191048141E-002   3.6215398792988350E-004
   1.4520000000000006        4.2977715678098515E-002   3.5084730801251799E-004
   1.4580000000000006        4.3719474067669184E-002   3.5587593589464603E-004
   1.4640000000000006        4.2627549014266269E-002   3.4162007320895328E-004
   1.4700000000000006        4.2179881936729079E-002   3.3286845408273311E-004
   1.4760000000000006        4.1243137949820478E-002   3.2668218710600524E-004
   1.4820000000000007        3.9886923721065483E-002   3.1394335195394587E-004
   1.4880000000000007        4.0097206661255692E-002   3.1208325313624168E-004
   1.4940000000000007        3.9796233658211964E-002   3.0612896362893220E-004
   1.5000000000000007        3.9042324179979368E-002   2.9992604600804373E-004
   1.5060000000000007        3.8291494362469890E-002   2.9345116890042817E-004
   1.5120000000000007        3.8034496216164219E-002   2.8727884969056039E-004
   1.5180000000000007        3.6720155795851826E-002   2.7614330563860065E-004
   1.5240000000000007        3.6597122501644881E-002   2.7388907779065188E-004
   1.5300000000000007        3.5778079036766157E-002   2.6736481923234420E-004
   1.5360000000000007        3.5461943654338531E-002   2.6121477452248462E-004
   1.5420000000000007        3.4836143888077577E-002   2.5438064999875189E-004
   1.5480000000000007        3.4209391257108993E-002   2.4915193916102014E-004
   1.5540000000000007        3.3492340713945787E-002   2.4184481090561426E-004
   1.5600000000000007        3.3057638360186971E-002   2.3679442241039577E-004
   1.5660000000000007        3.2551301992639670E-002   2.3210653793699420E-004
   1.5720000000000007        3.2133449287035952E-002   2.2651185841656498E-004
   1.5780000000000007        3.1376992792528868E-002   2.2017150920932446E-004
   1.5840000000000007        3.0655243769258111E-002   2.1419909150464456E-004
   1.5900000000000007        3.0235941526185604E-002   2.0985814645712122E-004
   1.5960000000000008        2.9351629536683188E-002   2.0244064817020503E-004
   1.6020000000000008        2.9120900382004565E-002   1.9902330659820716E-004
   1.6080000000000008        2.8508848487052988E-002   1.9328567688090253E-004
   1.6140000000000008        2.7725920780472858E-002   1.8725892617416507E-004
   1.6200000000000008        2.7184253640810414E-002   1.8242437120094687E-004
   1.6260000000000008        2.6452067369344117E-002   1.7589377251743879E-004
   1.6320000000000008        2.5715626186608203E-002   1.6993965716037226E-004
   1.6380000000000008        2.4996139704815037E-002   1.6456462974781725E-004
   1.6440000000000008        2.4388805090140426E-002   1.5977940553947741E-004
   1.6500000000000008        2.3760024173659005E-002   1.5433286935468028E-004
   1.6560000000000008        2.2891890654061851E-002   1.4729901079113680E-004
   1.6620000000000008        2.1951006826615830E-002   1.4153338793623555E-004
   1.6680000000000008        2.1165195821851460E-002   1.3537796531894530E-004
   1.6740000000000008        2.0122581791891594E-002   1.2841497726519309E-004
   1.6800000000000008        1.9139607159764711E-002   1.2165357912653603E-004
   1.6860000000000008        1.7842872092075680E-002   1.1372218984049632E-004
   1.6920000000000008        1.6560150694578214E-002   1.0549389262978704E-004
   1.6980000000000008        1.5283365430043128E-002   9.7066342047250219E-005
   1.7040000000000008        1.3518061969331077E-002   8.6592819894641898E-005
   1.7100000000000009        1.1711610066677449E-002   7.5756903072632406E-005
   1.7160000000000009        9.5426359101102171E-003   6.3046788285556777E-005
   1.7220000000000009        6.7330959840341438E-003   4.6938938235590189E-005
   1.7280000000000009        3.4862509273330083E-003   2.7407066381573500E-005
   1.7340000000000009        4.5835592127050891E-004   6.5539770380750405E-006
   1.7400000000000009        0.0000000000000000        0.0000000000000000     
   1.7460000000000009        0.0000000000000000        0.0000000000000000     
   1.7520000000000009        0.0000000000000000        0.0000000000000000     
   1.7580000000000009        0.0000000000000000        0.0000000000000000     
   1.7640000000000009        0.0000000000000000        0.0000000000000000     
   1.7700000000000009        0.0000000000000000        0.0000000000000000     
   1.7760000000000009        0.0000000000000000        0.0000000000000000     
   1.7820000000000009        0.0000000000000000        0.0000000000000000     
   1.7880000000000009        0.0000000000000000        0.0000000000000000     
   1.7940000000000009        0.0000000000000000        0.0000000000000000     
