   80.000000000000000        4.6561724709951513E-002   2.6501144234017254E-003
   80.099999999999994        4.6164830999229786E-002   2.4196888701113395E-003
   80.199999999999989        4.4004483673513277E-002   2.4663880987929572E-003
   80.299999999999983        5.0283388799378187E-002   3.2226694613984239E-003
   80.399999999999977        4.4113307786613813E-002   2.1565099703069104E-003
   80.499999999999972        4.4702117441835457E-002   1.7891390117775177E-003
   80.599999999999966        5.2612917988383912E-002   3.6178528694590234E-003
   80.699999999999960        4.8247640289818074E-002   2.3634973941178685E-003
   80.799999999999955        4.8042949012030954E-002   2.5622617428911086E-003
   80.899999999999949        5.0512254493842217E-002   2.3710715486437079E-003
   80.999999999999943        4.8750671495569858E-002   2.3380795505208991E-003
   81.099999999999937        4.9192943210341705E-002   2.3491257255436868E-003
   81.199999999999932        5.6726040565544172E-002   3.3284518404464412E-003
   81.299999999999926        5.4995033143295735E-002   2.7214603436904535E-003
   81.399999999999920        5.4592336040324360E-002   2.5712848396199639E-003
   81.499999999999915        5.6905934975697764E-002   2.7191959072747195E-003
   81.599999999999909        5.6101116088781447E-002   2.6826889464869638E-003
   81.699999999999903        5.7261040334442966E-002   2.6310462506848285E-003
   81.799999999999898        5.5854487868306157E-002   2.0856910763546975E-003
   81.899999999999892        6.3963794535728591E-002   3.1653400808712116E-003
   81.999999999999886        6.3472765639979001E-002   2.8101506102389011E-003
   82.099999999999881        7.0467762583004065E-002   3.6708494623795456E-003
   82.199999999999875        6.4694108267638842E-002   2.9270687123581201E-003
   82.299999999999869        7.0087225531527728E-002   3.4433060398069088E-003
   82.399999999999864        6.0942016580976463E-002   2.4221297241337537E-003
   82.499999999999858        6.9016842115560417E-002   2.9372223768893073E-003
   82.599999999999852        7.0634645246302266E-002   3.4381940256759708E-003
   82.699999999999847        7.3699486385771090E-002   3.4644715790010214E-003
   82.799999999999841        7.4260589621183135E-002   3.1017185319938919E-003
   82.899999999999835        7.3219931221318729E-002   2.8233095323741469E-003
   82.999999999999829        7.1939799309360147E-002   2.7835144937346907E-003
   83.099999999999824        7.7602554543384938E-002   2.9197657880849518E-003
   83.199999999999818        7.7253352583055102E-002   3.3505384491855079E-003
   83.299999999999812        7.8284638650294322E-002   3.2326464289667675E-003
   83.399999999999807        7.9391186103946090E-002   3.4898293996155909E-003
   83.499999999999801        8.3947525047764454E-002   3.3795659211624494E-003
   83.599999999999795        9.1110009394275021E-002   3.5553242346059648E-003
   83.699999999999790        8.3407390171480897E-002   3.0251513553457717E-003
   83.799999999999784        8.4840297005535831E-002   2.8137620818416325E-003
   83.899999999999778        9.5143884591918915E-002   3.6434090156660290E-003
   83.999999999999773        9.9223497598452393E-002   4.1225396661920917E-003
   84.099999999999767        9.5597435381477788E-002   3.5270106852837062E-003
   84.199999999999761        9.7746671082010822E-002   3.2642860254962231E-003
   84.299999999999756        9.8486031675688410E-002   3.3833416917611841E-003
   84.399999999999750       0.10055018401763874        3.5519232030375709E-003
   84.499999999999744       0.10641106740255457        3.4370187642357242E-003
   84.599999999999739        9.9409767307757982E-002   3.4172511794759658E-003
   84.699999999999733       0.10715654134655812        3.5823841743772198E-003
   84.799999999999727       0.11749600100273619        4.3684889142829742E-003
   84.899999999999721       0.11823676738616717        4.0953819140607207E-003
   84.999999999999716       0.11167415133177959        3.4697255035232291E-003
   85.099999999999710       0.11962984229058221        4.0638431391315814E-003
   85.199999999999704       0.12320129530048972        4.2865591242094133E-003
   85.299999999999699       0.13136423866180802        4.4086745153372299E-003
   85.399999999999693       0.13570210567300064        4.5290739291234368E-003
   85.499999999999687       0.13776802236499455        4.1052127529304762E-003
   85.599999999999682       0.13968517299873273        4.3244664022650285E-003
   85.699999999999676       0.13619453256776101        4.0166787435961674E-003
   85.799999999999670       0.14249952614969427        4.2601095171864454E-003
   85.899999999999665       0.15215042912814356        4.1124359827930416E-003
   85.999999999999659       0.15471933908816762        4.5632831518339261E-003
   86.099999999999653       0.15669033381836173        4.5793907779727730E-003
   86.199999999999648       0.16549162587717839        4.6407413452079719E-003
   86.299999999999642       0.17327230185184428        5.1647288266818067E-003
   86.399999999999636       0.17395101177888120        4.6075124316052197E-003
   86.499999999999631       0.18664338036939163        5.4516866149342414E-003
   86.599999999999625       0.18448474888405172        4.6966079711751683E-003
   86.699999999999619       0.20754133137818939        5.8943864681741528E-003
   86.799999999999613       0.19599232152501403        4.8835759543428897E-003
   86.899999999999608       0.20131478852823811        4.9124797722962105E-003
   86.999999999999602       0.20997911796767016        5.1960512669531611E-003
   87.099999999999596       0.23023117741802304        6.4096486980581230E-003
   87.199999999999591       0.23710599520070577        5.9748724521890397E-003
   87.299999999999585       0.23572053769429949        5.3411453075897421E-003
   87.399999999999579       0.25573723047517027        6.3663349461985140E-003
   87.499999999999574       0.27103089494088584        6.6132340487915758E-003
   87.599999999999568       0.27930703674858914        6.6773394752161069E-003
   87.699999999999562       0.29070499903330999        7.0592172115453823E-003
   87.799999999999557       0.30352751051513882        6.9571002229466168E-003
   87.899999999999551       0.31354130487800924        7.2047056781980642E-003
   87.999999999999545       0.33152101575182369        7.4513042292818753E-003
   88.099999999999540       0.34386378659907724        7.8139732629053122E-003
   88.199999999999534       0.35509640685318666        7.3435628360299559E-003
   88.299999999999528       0.38140384266246219        8.1200802753286713E-003
   88.399999999999523       0.39068371143230846        7.9565957911921139E-003
   88.499999999999517       0.41695833197143611        8.5019202295678747E-003
   88.599999999999511       0.43692734581365850        8.2638817135974943E-003
   88.699999999999505       0.45151426668934663        8.1215447158405757E-003
   88.799999999999500       0.49011390845472935        8.7653604621780075E-003
   88.899999999999494       0.52921923903648815        9.9113124563297138E-003
   88.999999999999488       0.53283005329340161        9.5510326223508125E-003
   89.099999999999483       0.58589972153268866        1.0216188417150076E-002
   89.199999999999477       0.63251969676090436        1.1216991957346616E-002
   89.299999999999471       0.65666301014463968        1.0849561050410135E-002
   89.399999999999466       0.71142499686580141        1.1750672555986007E-002
   89.499999999999460       0.74539198142499863        1.1443301896894015E-002
   89.599999999999454       0.80658055313763000        1.2408721577890970E-002
   89.699999999999449       0.86564404388260441        1.2666034456437287E-002
   89.799999999999443       0.91686800642793409        1.2846611885251883E-002
   89.899999999999437       0.98021209971530621        1.3505045656895441E-002
   89.999999999999432        1.0690842522665056        1.4454542037487026E-002
   90.099999999999426        1.1518218117047689        1.5260208369715750E-002
   90.199999999999420        1.2266912293720154        1.5590228922715072E-002
   90.299999999999415        1.3283175437778028        1.5900859705714209E-002
   90.399999999999409        1.4208556419234717        1.6469467734926448E-002
   90.499999999999403        1.4886417360778272        1.6557981709557357E-002
   90.599999999999397        1.6020618983631016        1.7334933249181672E-002
   90.699999999999392        1.7492874983662772        1.9061755855135917E-002
   90.799999999999386        1.7814328189230586        1.8010748728267335E-002
   90.899999999999380        1.9419508617565449        2.0282295625274654E-002
   90.999999999999375        2.0055689257708611        1.9804542438385492E-002
   91.099999999999369        2.1316362780551126        2.0786341383651777E-002
   91.199999999999363        2.1758977408011280        2.1150074602078989E-002
   91.299999999999358        2.2113621179670329        2.1349957213410622E-002
   91.399999999999352        2.2122978151818078        2.0917808047607934E-002
   91.499999999999346        2.2395188637977146        2.1696379437452340E-002
   91.599999999999341        2.2127073608643877        2.1117342245277212E-002
   91.699999999999335        2.1110079727555418        2.0321187818028559E-002
   91.799999999999329        2.0636879776575303        2.0452929694627416E-002
   91.899999999999324        1.9921279692583844        2.0220053543549769E-002
   91.999999999999318        1.8648583918788648        1.9054711019292708E-002
   92.099999999999312        1.7732984510888929        1.8742470019919109E-002
   92.199999999999307        1.6700118317765120        1.7908502561940404E-002
   92.299999999999301        1.5610739120245156        1.6973096784164168E-002
   92.399999999999295        1.4899363648279669        1.7163554085385387E-002
   92.499999999999289        1.3594643371639115        1.5881451840851168E-002
   92.599999999999284        1.3004669434461333        1.5398727235000801E-002
   92.699999999999278        1.1987192236473632        1.4873219329713774E-002
   92.799999999999272        1.1605353594149725        1.4957853163603414E-002
   92.899999999999267        1.0512635283875447        1.3513729078908269E-002
   92.999999999999261        1.0039108651982576        1.3452687015355499E-002
   93.099999999999255       0.92610408529649380        1.2236531835602157E-002
   93.199999999999250       0.88698854606965327        1.2604838816530736E-002
   93.299999999999244       0.82179511878762845        1.1325083903576335E-002
   93.399999999999238       0.78749618006656708        1.1747999389892606E-002
   93.499999999999233       0.74505938809036076        1.0596019292735657E-002
   93.599999999999227       0.71644554352793732        1.0571421685690179E-002
   93.699999999999221       0.67211129440217732        1.0107120177593121E-002
   93.799999999999216       0.65215018618861087        1.0160665181012052E-002
   93.899999999999210       0.61998677110332090        9.9240678250418473E-003
   93.999999999999204       0.59395759560605677        9.3682970779675346E-003
   94.099999999999199       0.55979857131928956        8.8489831769719175E-003
   94.199999999999193       0.53880408815583347        8.7246877634957944E-003
   94.299999999999187       0.51354992204023153        8.1080646917947585E-003
   94.399999999999181       0.49112655236761821        7.8593401768129248E-003
   94.499999999999176       0.49063270902907602        8.0425802013538057E-003
   94.599999999999170       0.47646529929175585        7.8436082150849951E-003
   94.699999999999164       0.44289254540097162        7.0928652509993041E-003
   94.799999999999159       0.43980687154194736        7.2886998490894490E-003
   94.899999999999153       0.42192345189607855        7.0008603626977679E-003
   94.999999999999147       0.40059955688592347        6.6718886318614173E-003
   95.099999999999142       0.38853325085076806        6.1146245886748588E-003
   95.199999999999136       0.37851595512723235        6.3551286022606613E-003
   95.299999999999130       0.36456821307530424        5.7531018417125348E-003
   95.399999999999125       0.36421770736456499        5.6433757269751597E-003
   95.499999999999119       0.34996603083018152        5.3960680921447748E-003
   95.599999999999113       0.34940112113821103        5.6903227182048622E-003
   95.699999999999108       0.33407085934551162        5.1560653556076783E-003
   95.799999999999102       0.33514135732828654        5.3135190964041529E-003
   95.899999999999096       0.32537022395631260        5.0100200704416096E-003
   95.999999999999091       0.31817832589638745        4.9826821792428120E-003
   96.099999999999085       0.30995390342575802        4.6801119320630195E-003
   96.199999999999079       0.30521274107950214        4.5495561598372040E-003
   96.299999999999073       0.29551158279884659        4.3217236687994928E-003
   96.399999999999068       0.29430104874370633        4.2566021630703757E-003
   96.499999999999062       0.29102167437094040        4.2914049865926431E-003
   96.599999999999056       0.29227917745211401        4.2372795405931059E-003
   96.699999999999051       0.29598768932870217        4.2067115849289526E-003
   96.799999999999045       0.28863088865051018        4.0685304093027071E-003
   96.899999999999039       0.29183427281591534        4.0040927351728669E-003
   96.999999999999034       0.27574844598983261        3.5922860495236214E-003
   97.099999999999028       0.27657926306959330        3.5612672146536789E-003
   97.199999999999022       0.27930486067469418        3.5107379501188342E-003
   97.299999999999017       0.28096824425696576        3.5209080386333935E-003
   97.399999999999011       0.28008034485903938        3.4543844238265216E-003
   97.499999999999005       0.28230269127614743        3.3782614638500257E-003
   97.599999999999000       0.28034351719983697        3.3041710974430673E-003
   97.699999999998994       0.28473759666035081        3.3336182410657542E-003
   97.799999999998988       0.28713763211026933        3.1161732990085014E-003
   97.899999999998983       0.28356924343913276        3.0440582476949406E-003
   97.999999999998977       0.29350565111828431        3.0986026601468345E-003
   98.099999999998971       0.29276112716772063        2.9524331649838282E-003
   98.199999999998965       0.29650512146788804        2.9420045885744078E-003
   98.299999999998960       0.29860247301575066        2.8184647679687820E-003
   98.399999999998954       0.30901770604513268        2.8350096999593655E-003
   98.499999999998948       0.31310175023248143        2.7225100875969467E-003
   98.599999999998943       0.32270185953265929        2.7353663069514854E-003
   98.699999999998937       0.32902880860449002        2.6548978154905742E-003
   98.799999999998931       0.33852855867693005        2.5452445018311889E-003
   98.899999999998926       0.35318210916158976        2.5175990075143209E-003
   98.999999999998920       0.36864889623056901        2.4853362816648350E-003
   99.099999999998914       0.38440410572611217        2.4450277169958353E-003
   99.199999999998909       0.40537218164955696        2.3950327862405940E-003
   99.299999999998903       0.43634576332311659        2.3626494323040399E-003
   99.399999999998897       0.47215498520993243        2.3286347378093136E-003
   99.499999999998892       0.52387732952254085        2.2993472227040642E-003
   99.599999999998886       0.59364185950355808        2.2718543090161397E-003
   99.699999999998880       0.69713043975656841        2.2211473433137769E-003
   99.799999999998875       0.88013680063142485        2.1786030351672475E-003
   99.899999999998869        1.1075147546081681        1.8343005223042704E-003
