   0.0000000000000000        2.4352298478868377E-002   2.3942190545001237E-005
  0.25000000000000000        2.6853278923250753E-003   8.3592004106694143E-006
  0.50000000000000000        1.5863464715832165E-003   6.2726975361371207E-006
  0.75000000000000000        1.1156331333334558E-003   5.1156360882493718E-006
   1.0000000000000000        8.5812535506593602E-004   4.4335078555675292E-006
   1.2500000000000000        6.9371580945205955E-004   3.9964336524423088E-006
   1.5000000000000000        5.8231658019510316E-004   3.5624366507458753E-006
   1.7500000000000000        5.0483497820535787E-004   3.3962466744935554E-006
   2.0000000000000000        4.3908653981818146E-004   3.1750213817343022E-006
   2.2500000000000000        3.8089742835267819E-004   2.9555195106938743E-006
   2.5000000000000000        3.4211944385182226E-004   2.7346388582251030E-006
   2.7500000000000000        3.0947077712137404E-004   2.6608162702757054E-006
   3.0000000000000000        2.8141215974074324E-004   2.5503691254649176E-006
   3.2500000000000000        2.5437114237289259E-004   2.4766745941126438E-006
   3.5000000000000000        2.3446240008998754E-004   2.3897933527794973E-006
   3.7500000000000000        2.1804243366265700E-004   2.2771422014557730E-006
   4.0000000000000000        2.0367161669490117E-004   2.3144602492965773E-006
   4.2500000000000000        1.8346357514667923E-004   2.0528300854024582E-006
   4.5000000000000000        1.7084150803541167E-004   2.0130323498188695E-006
   4.7500000000000000        1.6260689396509375E-004   2.0571448938712673E-006
   5.0000000000000000        1.5004196171050698E-004   1.8942414318157169E-006
   5.2500000000000000        1.4484819285185015E-004   1.9183026541141873E-006
   5.5000000000000000        1.3261606450287093E-004   1.8030381323465974E-006
   5.7500000000000000        1.2720130860317957E-004   1.7782007635400473E-006
   6.0000000000000000        1.1948461824126268E-004   1.6812572202983872E-006
   6.2500000000000000        1.1202427255014460E-004   1.6781003297443832E-006
   6.5000000000000000        1.0689572155971180E-004   1.6137166968598389E-006
   6.7500000000000000        9.9694840711500943E-005   1.5790614067590925E-006
   7.0000000000000000        9.3590412421503175E-005   1.5153938931360853E-006
   7.2500000000000000        9.2589526880765936E-005   1.5248449866321800E-006
   7.5000000000000000        8.6738062096036357E-005   1.5157740510487166E-006
   7.7500000000000000        8.0468337017988457E-005   1.4110904058548254E-006
   8.0000000000000000        7.6743306280316396E-005   1.4272196988108625E-006
   8.2500000000000000        7.4916890846840657E-005   1.4144968871875517E-006
   8.5000000000000000        6.8358760902183788E-005   1.2979338709862976E-006
   8.7500000000000000        6.6724978980722152E-005   1.2788174092078571E-006
   9.0000000000000000        6.5007737954413271E-005   1.4374733685162180E-006
   9.2500000000000000        6.1317454345639774E-005   1.2980052406730363E-006
   9.5000000000000000        5.6914202057745811E-005   1.2235309234120301E-006
   9.7500000000000000        5.5442263440996775E-005   1.2016178182699438E-006
   10.000000000000000        5.0339558304745372E-005   1.1862065519462590E-006
   10.250000000000000        4.7784367117395527E-005   1.1028494261973089E-006
   10.500000000000000        4.7320307979238548E-005   1.1581357621054627E-006
   10.750000000000000        4.5340042244610441E-005   1.2663627896168306E-006
   11.000000000000000        4.3051240258435629E-005   1.2921111461035814E-006
   11.250000000000000        4.2118403244209534E-005   1.0910988833219544E-006
   11.500000000000000        4.0517775256492220E-005   1.0338047760445661E-006
   11.750000000000000        3.8815067843744085E-005   1.1365863675493494E-006
   12.000000000000000        3.9101275755842257E-005   1.3253843249488719E-006
   12.250000000000000        3.4161038385009432E-005   9.2514752171857866E-007
   12.500000000000000        3.4190923380104017E-005   9.5133287342587909E-007
   12.750000000000000        3.0046422579755405E-005   8.5376145904709836E-007
   13.000000000000000        3.0059339487147491E-005   8.7458132054918827E-007
   13.250000000000000        2.7799112222426812E-005   8.5703682442313062E-007
   13.500000000000000        2.5901199877024194E-005   8.1654736747693907E-007
   13.750000000000000        2.5925148987310421E-005   8.5801669119747945E-007
   14.000000000000000        2.7000411434930083E-005   9.0726723946203671E-007
   14.250000000000000        2.3232052077172175E-005   9.3258666330298070E-007
   14.500000000000000        2.2846659877399831E-005   1.6060344153336592E-006
   14.750000000000000        2.2242076585891876E-005   7.9633374905624768E-007
   15.000000000000000        2.0995507756465357E-005   7.6070335163484120E-007
   15.250000000000000        2.1935725737695657E-005   1.8590041501823668E-006
   15.500000000000000        1.7951631100191937E-005   7.1659631158041684E-007
   15.750000000000000        1.6883990752386010E-005   6.8251687397369109E-007
   16.000000000000000        1.5961448012550596E-005   6.8296990070054605E-007
   16.250000000000000        1.4779461878142971E-005   6.0802460422647484E-007
   16.500000000000000        1.5005858380353011E-005   6.8261893742058861E-007
   16.750000000000000        1.2936747006048216E-005   5.6762238036743257E-007
   17.000000000000000        1.2036094968644964E-005   5.7523876600595806E-007
   17.250000000000000        1.1733160221453888E-005   5.6710578922127695E-007
   17.500000000000000        1.1744317744554126E-005   6.4930469792701368E-007
   17.750000000000000        9.9192551413780645E-006   4.7189301948249074E-007
   18.000000000000000        9.4442486094763296E-006   5.5874953506269352E-007
   18.250000000000000        8.1983225323063150E-006   4.7218819641614259E-007
   18.500000000000000        7.3870796053019075E-006   4.2387429036233803E-007
   18.750000000000000        7.1715223267335557E-006   4.5360941551490216E-007
   19.000000000000000        5.6521452213828116E-006   3.8400399687643858E-007
   19.250000000000000        5.5374266918945863E-006   3.8524470188030788E-007
   19.500000000000000        4.4931449031811297E-006   3.0526546003151442E-007
   19.750000000000000        3.9565943477112928E-006   3.1896026208457686E-007
   20.000000000000000        3.2222353654106845E-006   2.6792714407042778E-007
   20.250000000000000        2.3727547597230030E-006   2.5101388235672345E-007
   20.500000000000000        2.2921411763602701E-006   2.1423246584478805E-007
   20.750000000000000        1.3462432301848461E-006   1.5973526294253651E-007
   21.000000000000000        1.1326997873344141E-006   1.3431167381858696E-007
   21.250000000000000        1.0210078138358298E-006   1.3477846138890218E-007
   21.500000000000000        1.0130012340323652E-006   1.4812014400591054E-007
   21.750000000000000        1.3253889681565042E-006   3.5646718584737040E-007
   22.000000000000000        8.9448325400034993E-007   1.3929752175770169E-007
   22.250000000000000        6.8674527973086350E-007   1.0207459082586156E-007
   22.500000000000000        7.1687463177422650E-007   1.1149723684829069E-007
   22.750000000000000        6.6821307411671649E-007   1.1438706018099920E-007
   23.000000000000000        1.3809597960973015E-006   7.3557342057731757E-007
   23.250000000000000        5.3005259378537932E-007   1.0901801443048067E-007
   23.500000000000000        3.8419542627818176E-007   7.3363032405141791E-008
   23.750000000000000        3.3004548253169194E-007   6.8468231182604718E-008
   24.000000000000000        4.3710407458698613E-007   9.0143391327564784E-008
   24.250000000000000        3.6630716633595962E-007   8.3748213330014990E-008
   24.500000000000000        4.6110153925815726E-007   1.0596794369930064E-007
   24.750000000000000        4.9246860857100777E-007   9.5401563159088126E-008
   25.000000000000000        2.0160619790685731E-007   5.6253223111803296E-008
   25.250000000000000        2.8497427811589253E-007   9.8243970935733006E-008
   25.500000000000000        2.8155365581468354E-007   6.6968593820145278E-008
   25.750000000000000        1.8871220136855340E-007   4.9757654067777456E-008
   26.000000000000000        2.8722527344026440E-007   7.5666140035589349E-008
   26.250000000000000        1.9435834114416844E-007   6.9592263106792756E-008
   26.500000000000000        2.2232035330975315E-007   5.9862458008338686E-008
   26.750000000000000        4.9847362914265107E-007   2.8626196207480899E-007
   27.000000000000000        1.7216238634963011E-007   5.2968861999930138E-008
   27.250000000000000        1.1713900975201159E-007   5.3403505352568184E-008
   27.500000000000000        5.6454015433675984E-008   2.7157033341992828E-008
   27.750000000000000        1.5535079511311336E-007   5.2860043909082017E-008
   28.000000000000000        1.9293428744507207E-007   5.5876529473577884E-008
   28.250000000000000        1.1670046629829585E-007   4.4456830610573646E-008
   28.500000000000000        5.0359309771036829E-007   4.2992689836673965E-007
   28.750000000000000        7.8770356279866202E-008   4.0141461448163597E-008
   29.000000000000000        1.3799974092048690E-007   4.7135936433716364E-008
   29.250000000000000        8.0606432657889080E-008   3.4685159076211032E-008
   29.500000000000000        2.1379701613713762E-008   1.5281751252796865E-008
   29.750000000000000        5.6168230202172925E-008   3.3043360668952399E-008
   30.000000000000000        6.0581878377693368E-008   3.0543915837436919E-008
   30.250000000000000        4.5240127830386670E-008   3.0519073708037637E-008
   30.500000000000000        6.3634867030653640E-008   3.1001336117220931E-008
   30.750000000000000        7.3115355828377080E-008   4.2849201611431259E-008
   31.000000000000000        8.6869718985989462E-008   4.3028981647978760E-008
   31.250000000000000        4.3513160532604260E-011   3.4807972643229318E-011
   31.500000000000000        2.1992761883379548E-008   1.7833998948202707E-008
   31.750000000000000        5.6831803014291372E-009   5.5740544784115646E-009
   32.000000000000000        2.3246181159015877E-009   2.2541397241253704E-009
   32.250000000000000        1.5305437352276795E-008   1.5277928141269098E-008
   32.500000000000000        5.1868070734225708E-010   3.9350157731443323E-010
   32.750000000000000        1.0698759060064205E-011   9.3201807069486717E-012
   33.000000000000000        1.1170162772887076E-009   1.1170162378833184E-009
   33.250000000000000        1.5341535913750892E-010   1.5341535372541953E-010
   33.500000000000000       -3.5360759088795512E-011   3.6465107900121164E-011
   33.750000000000000        4.1677574897461348E-012   4.1677573427186381E-012
   34.000000000000000        0.0000000000000000        0.0000000000000000     
   34.250000000000000        0.0000000000000000        0.0000000000000000     
   34.500000000000000        0.0000000000000000        0.0000000000000000     
   34.750000000000000        0.0000000000000000        0.0000000000000000     
   35.000000000000000        0.0000000000000000        0.0000000000000000     
   35.250000000000000        0.0000000000000000        0.0000000000000000     
   35.500000000000000        0.0000000000000000        0.0000000000000000     
   35.750000000000000        0.0000000000000000        0.0000000000000000     
   36.000000000000000        0.0000000000000000        0.0000000000000000     
   36.250000000000000        0.0000000000000000        0.0000000000000000     
   36.500000000000000        0.0000000000000000        0.0000000000000000     
   36.750000000000000        0.0000000000000000        0.0000000000000000     
   37.000000000000000        0.0000000000000000        0.0000000000000000     
   37.250000000000000        0.0000000000000000        0.0000000000000000     
   37.500000000000000        0.0000000000000000        0.0000000000000000     
   37.750000000000000        0.0000000000000000        0.0000000000000000     
   38.000000000000000        0.0000000000000000        0.0000000000000000     
   38.250000000000000        0.0000000000000000        0.0000000000000000     
   38.500000000000000        0.0000000000000000        0.0000000000000000     
   38.750000000000000        0.0000000000000000        0.0000000000000000     
   39.000000000000000        0.0000000000000000        0.0000000000000000     
   39.250000000000000        0.0000000000000000        0.0000000000000000     
   39.500000000000000        0.0000000000000000        0.0000000000000000     
   39.750000000000000        0.0000000000000000        0.0000000000000000     
   40.000000000000000        0.0000000000000000        0.0000000000000000     
   40.250000000000000        0.0000000000000000        0.0000000000000000     
   40.500000000000000        0.0000000000000000        0.0000000000000000     
   40.750000000000000        0.0000000000000000        0.0000000000000000     
   41.000000000000000        0.0000000000000000        0.0000000000000000     
   41.250000000000000        0.0000000000000000        0.0000000000000000     
   41.500000000000000        0.0000000000000000        0.0000000000000000     
   41.750000000000000        0.0000000000000000        0.0000000000000000     
   42.000000000000000        0.0000000000000000        0.0000000000000000     
   42.250000000000000        0.0000000000000000        0.0000000000000000     
   42.500000000000000        0.0000000000000000        0.0000000000000000     
   42.750000000000000        0.0000000000000000        0.0000000000000000     
   43.000000000000000        0.0000000000000000        0.0000000000000000     
   43.250000000000000        0.0000000000000000        0.0000000000000000     
   43.500000000000000        0.0000000000000000        0.0000000000000000     
   43.750000000000000        0.0000000000000000        0.0000000000000000     
   44.000000000000000        0.0000000000000000        0.0000000000000000     
   44.250000000000000        0.0000000000000000        0.0000000000000000     
   44.500000000000000        0.0000000000000000        0.0000000000000000     
   44.750000000000000        0.0000000000000000        0.0000000000000000     
   45.000000000000000        0.0000000000000000        0.0000000000000000     
   45.250000000000000        0.0000000000000000        0.0000000000000000     
   45.500000000000000        0.0000000000000000        0.0000000000000000     
   45.750000000000000        0.0000000000000000        0.0000000000000000     
   46.000000000000000        0.0000000000000000        0.0000000000000000     
   46.250000000000000        0.0000000000000000        0.0000000000000000     
   46.500000000000000        0.0000000000000000        0.0000000000000000     
   46.750000000000000        0.0000000000000000        0.0000000000000000     
   47.000000000000000        0.0000000000000000        0.0000000000000000     
   47.250000000000000        0.0000000000000000        0.0000000000000000     
   47.500000000000000        0.0000000000000000        0.0000000000000000     
   47.750000000000000        0.0000000000000000        0.0000000000000000     
   48.000000000000000        0.0000000000000000        0.0000000000000000     
   48.250000000000000        0.0000000000000000        0.0000000000000000     
   48.500000000000000        0.0000000000000000        0.0000000000000000     
   48.750000000000000        0.0000000000000000        0.0000000000000000     
   49.000000000000000        0.0000000000000000        0.0000000000000000     
   49.250000000000000        0.0000000000000000        0.0000000000000000     
   49.500000000000000        0.0000000000000000        0.0000000000000000     
   49.750000000000000        0.0000000000000000        0.0000000000000000     
