 -0.50000000000000000       0.42771708561485666        1.0949244689306407E-002
 -0.49500000000000000       0.44145514039328237        2.1875045441013149E-002
 -0.48999999999999999       0.42282868798192441        1.1481552096031064E-002
 -0.48499999999999999       0.40206091782211989        6.6641176332470475E-003
 -0.47999999999999998       0.40742097970073970        9.2406209497961963E-003
 -0.47499999999999998       0.39155812463061263        6.0337192102323852E-003
 -0.46999999999999997       0.39475212218961564        6.5855678121058032E-003
 -0.46499999999999997       0.39390577431580664        7.5828695928566300E-003
 -0.45999999999999996       0.37819927497137745        6.0193574158313029E-003
 -0.45499999999999996       0.39320412129884236        6.9769684477573026E-003
 -0.44999999999999996       0.37654207465789830        5.4495629244797009E-003
 -0.44499999999999995       0.37580693625861716        1.0412089989047068E-002
 -0.43999999999999995       0.36261822934299737        4.9552862240707565E-003
 -0.43499999999999994       0.37485948414705567        7.2883413129176027E-003
 -0.42999999999999994       0.38411109332659188        1.4231165712587807E-002
 -0.42499999999999993       0.40474096031536566        2.2089673472417432E-002
 -0.41999999999999993       0.35449461948186534        4.7259739327193701E-003
 -0.41499999999999992       0.36738660251480920        8.4671719402152987E-003
 -0.40999999999999992       0.34709496358687653        4.9078175816082009E-003
 -0.40499999999999992       0.33869986460875046        4.4514485542149103E-003
 -0.39999999999999991       0.35302575858809915        6.6632907329558823E-003
 -0.39499999999999991       0.35122725038503699        7.0803267672598013E-003
 -0.38999999999999990       0.35588982915605283        8.7785824000366115E-003
 -0.38499999999999990       0.35052402194277699        6.0984118327019401E-003
 -0.37999999999999989       0.33342381862795206        4.4431242725286330E-003
 -0.37499999999999989       0.33876258781008928        6.7238114107874333E-003
 -0.36999999999999988       0.33268447375141053        5.0412442280860876E-003
 -0.36499999999999988       0.35489684765299928        1.4125724693744363E-002
 -0.35999999999999988       0.32708388091186941        5.3437415209027055E-003
 -0.35499999999999987       0.33383754246678032        9.2386940005194877E-003
 -0.34999999999999987       0.32441487751549375        4.4154018881866026E-003
 -0.34499999999999986       0.32309097304352585        5.0532915141256662E-003
 -0.33999999999999986       0.31783634544672923        4.4354663597891818E-003
 -0.33499999999999985       0.33336920482643234        1.5994351813229113E-002
 -0.32999999999999985       0.32334890176503450        6.2740885123255029E-003
 -0.32499999999999984       0.32865473261986988        6.4756459399548782E-003
 -0.31999999999999984       0.31995805527038057        7.0497390765413784E-003
 -0.31499999999999984       0.32011987314493051        7.7104319127579779E-003
 -0.30999999999999983       0.32200032531541145        7.5179985590495997E-003
 -0.30499999999999983       0.31613835308603522        7.6298905258750972E-003
 -0.29999999999999982       0.30601214145991101        4.5160533321327067E-003
 -0.29499999999999982       0.30120672584904823        3.8144797611522024E-003
 -0.28999999999999981       0.30850211852434539        4.1875094146106538E-003
 -0.28499999999999981       0.31637792318157415        9.0973449479449294E-003
 -0.27999999999999980       0.30054515727740183        3.7167316557250910E-003
 -0.27499999999999980       0.30396258712777613        4.7533452098729653E-003
 -0.26999999999999980       0.30533932260805435        5.5580747011186819E-003
 -0.26499999999999979       0.30496606079440908        5.9494419678587252E-003
 -0.25999999999999979       0.31269744846843861        1.3654958948216427E-002
 -0.25499999999999978       0.30008789639841882        5.5836551214602645E-003
 -0.24999999999999978       0.29457100859281621        3.6998331910982280E-003
 -0.24499999999999977       0.29963119255887011        7.9078615237365580E-003
 -0.23999999999999977       0.29353196996186010        3.5084604328686178E-003
 -0.23499999999999976       0.29126505833369576        3.5487052129585276E-003
 -0.22999999999999976       0.29243844041472550        3.7623467553319205E-003
 -0.22499999999999976       0.30111860817392005        5.5786910573933837E-003
 -0.21999999999999975       0.30262485210399848        7.1061897273319019E-003
 -0.21499999999999975       0.29145218277305335        4.8652930731084704E-003
 -0.20999999999999974       0.29115577512442303        3.8462663336328771E-003
 -0.20499999999999974       0.29734259330910195        4.0699684926896731E-003
 -0.19999999999999973       0.29859667734746687        3.7545073456744290E-003
 -0.19499999999999973       0.30276765416739287        9.8202501623622634E-003
 -0.18999999999999972       0.29676745617990796        4.0042504183207348E-003
 -0.18499999999999972       0.29267302446598076        4.7740279958500423E-003
 -0.17999999999999972       0.29244246851287409        3.6456516182548065E-003
 -0.17499999999999971       0.29830231359576243        5.3819411924300870E-003
 -0.16999999999999971       0.29508161071840888        4.4819643779248526E-003
 -0.16499999999999970       0.29520010683872150        5.2142598401393805E-003
 -0.15999999999999970       0.28475649478866422        3.6675538867865431E-003
 -0.15499999999999969       0.30350597923561190        6.2997755424871781E-003
 -0.14999999999999969       0.29377718433356792        3.2585773539230670E-003
 -0.14499999999999968       0.29411503120595661        4.7530552552891344E-003
 -0.13999999999999968       0.29683740747307974        4.7980056038980931E-003
 -0.13499999999999968       0.29846919477951339        4.3169209839980663E-003
 -0.12999999999999967       0.29557960994457494        3.6979747377700904E-003
 -0.12499999999999967       0.30111573157258498        5.0233076493527741E-003
 -0.11999999999999966       0.30268112333255098        5.2722505881613643E-003
 -0.11499999999999966       0.29630403638901787        3.3341583649026101E-003
 -0.10999999999999965       0.29984494294846653        4.1232345913515744E-003
 -0.10499999999999965       0.30516418403894346        5.5043551846580135E-003
  -9.9999999999999645E-002  0.30358035418536222        3.8612430806560147E-003
  -9.4999999999999640E-002  0.30465747811728605        4.4531969621724871E-003
  -8.9999999999999636E-002  0.31918404352504542        5.9744177063217165E-003
  -8.4999999999999631E-002  0.31005151159054162        4.2129594848502290E-003
  -7.9999999999999627E-002  0.31867865755004249        7.6210599268324080E-003
  -7.4999999999999623E-002  0.30884704403044000        3.5230079866779133E-003
  -6.9999999999999618E-002  0.31587315958696044        4.9634949709384969E-003
  -6.4999999999999614E-002  0.32323006278482541        4.5599057360938486E-003
  -5.9999999999999616E-002  0.33251854303193934        4.4295910588933096E-003
  -5.4999999999999619E-002  0.33047721282016479        3.4115377061233964E-003
  -4.9999999999999621E-002  0.33945939113392881        4.2334949802964516E-003
  -4.4999999999999624E-002  0.34907905205977102        3.5479665677799962E-003
  -3.9999999999999626E-002  0.37381435458955170        1.9643397159360972E-002
  -3.4999999999999629E-002  0.37095578331382589        3.9743290659970607E-003
  -2.9999999999999628E-002  0.38969526849875019        5.0434772127620139E-003
  -2.4999999999999627E-002  0.40249125084176218        3.6727948429551398E-003
  -1.9999999999999626E-002  0.44271800479206902        5.3863355115546978E-003
  -1.4999999999999625E-002  0.49510497297922179        4.0345633209150564E-003
  -9.9999999999996238E-003  0.60296068707553796        5.9132334792051334E-003
  -4.9999999999996237E-003   1.1536653367650695        4.6023669625686733E-003
   3.7643499428696714E-016   1.1573252338129030        4.5591124689602879E-003
   5.0000000000003765E-003  0.60072966525709981        5.7347855209036059E-003
   1.0000000000000377E-002  0.49312592002470362        3.8772702612452563E-003
   1.5000000000000378E-002  0.44112015427094531        4.7588867430303529E-003
   2.0000000000000379E-002  0.40711429191882342        5.0531749904711232E-003
   2.5000000000000380E-002  0.38609839955585357        4.0870929322252185E-003
   3.0000000000000377E-002  0.37290197358551025        4.1825800085410619E-003
   3.5000000000000378E-002  0.35014224759713503        3.7045960441106367E-003
   4.0000000000000376E-002  0.34547540886830486        3.4686640514629101E-003
   4.5000000000000373E-002  0.33393647496520823        3.4537794531450455E-003
   5.0000000000000371E-002  0.34130400606547634        5.7224891246207598E-003
   5.5000000000000368E-002  0.32953691660064138        3.9433371714032144E-003
   6.0000000000000366E-002  0.32082581232254503        4.7175557849372385E-003
   6.5000000000000363E-002  0.31816709729510467        3.4509793557948110E-003
   7.0000000000000367E-002  0.32138871013858139        5.1936322286210389E-003
   7.5000000000000372E-002  0.30986093637515433        3.8672726797118759E-003
   8.0000000000000376E-002  0.30711037128498581        4.0398141618728945E-003
   8.5000000000000381E-002  0.30237370699271071        3.9136856157070271E-003
   9.0000000000000385E-002  0.29862803183773040        3.2774350593426445E-003
   9.5000000000000390E-002  0.30216918153485167        3.7675649657388935E-003
  0.10000000000000039       0.29870776096653473        4.0912382125017997E-003
  0.10500000000000040       0.29825900268879285        3.5296195636839453E-003
  0.11000000000000040       0.28999338125189777        3.5959819805245720E-003
  0.11500000000000041       0.29654406637837843        4.1800030976544460E-003
  0.12000000000000041       0.29943723200164835        3.6949442875152177E-003
  0.12500000000000042       0.30183760590509051        4.9376707444847984E-003
  0.13000000000000042       0.29447353237759855        3.5098618575854119E-003
  0.13500000000000043       0.30799453704665064        9.4068791975925308E-003
  0.14000000000000043       0.30083793428422773        4.8419847112768687E-003
  0.14500000000000043       0.29462933095580263        3.6619851795536879E-003
  0.15000000000000044       0.29622715987217230        4.9844194993143610E-003
  0.15500000000000044       0.29219588000756092        4.7730261492199668E-003
  0.16000000000000045       0.29576899132775436        5.7279029996027695E-003
  0.16500000000000045       0.29022117487833354        3.9266334014921647E-003
  0.17000000000000046       0.28740797367072773        3.9511856682478809E-003
  0.17500000000000046       0.29326342934738109        3.6797754708218465E-003
  0.18000000000000047       0.29006104754551365        3.4726829429361401E-003
  0.18500000000000047       0.29299392680138703        3.8522584227517658E-003
  0.19000000000000047       0.29448445326529149        4.5637265754345539E-003
  0.19500000000000048       0.29659662557859617        5.5721035012485723E-003
  0.20000000000000048       0.30206665764258883        7.9428046572123864E-003
  0.20500000000000049       0.29353389884393266        3.8118945052581584E-003
  0.21000000000000049       0.29451627620526161        3.8504597997208695E-003
  0.21500000000000050       0.29731047017856421        4.4979037690024053E-003
  0.22000000000000050       0.29136952297051688        3.6402398750386179E-003
  0.22500000000000051       0.30747179128857505        8.8439301693003167E-003
  0.23000000000000051       0.29297984306728309        4.6153629103305102E-003
  0.23500000000000051       0.30042384405008643        4.0487754040665902E-003
  0.24000000000000052       0.29649918346314325        3.5910586217080100E-003
  0.24500000000000050       0.30298527500853295        8.0185115471628887E-003
  0.25000000000000050       0.30362544149012122        4.6131608448519990E-003
  0.25500000000000050       0.29828921500391953        4.3356891714795278E-003
  0.26000000000000051       0.30128516828408808        4.8057802746191217E-003
  0.26500000000000051       0.29382593674272078        3.6442625147566419E-003
  0.27000000000000052       0.29632856183888290        3.8242382111534699E-003
  0.27500000000000052       0.30765689537241903        6.6742259202866149E-003
  0.28000000000000053       0.30535840873930126        4.5274608841336479E-003
  0.28500000000000053       0.31231358379299928        4.8098413266210102E-003
  0.29000000000000054       0.32302474990300001        1.0619303585925945E-002
  0.29500000000000054       0.30205028838993442        3.6028359275862669E-003
  0.30000000000000054       0.30931676008214848        4.7377710593786418E-003
  0.30500000000000055       0.32336140158967452        7.6039352384939876E-003
  0.31000000000000055       0.31994781821138873        6.1375755998837375E-003
  0.31500000000000056       0.32395871982413016        7.1936497898645192E-003
  0.32000000000000056       0.32274178270941117        4.0474732782185881E-003
  0.32500000000000057       0.31341236752330787        4.1861037961705384E-003
  0.33000000000000057       0.32238054730699855        6.0414435580241291E-003
  0.33500000000000058       0.31920108406055198        6.0330239791088099E-003
  0.34000000000000058       0.32597805396317270        6.3824520478211761E-003
  0.34500000000000058       0.32534514820318355        6.6868217697163704E-003
  0.35000000000000059       0.32694062423907833        4.7720897678871187E-003
  0.35500000000000059       0.34368580793243064        1.5801701133496701E-002
  0.36000000000000060       0.33506152360413755        1.0292156812627013E-002
  0.36500000000000060       0.34276999353735732        5.7372051105531079E-003
  0.37000000000000061       0.33554983333373672        4.3798283161752844E-003
  0.37500000000000061       0.34061963415696406        4.8679265474691966E-003
  0.38000000000000062       0.34105088418092228        8.8333676488745495E-003
  0.38500000000000062       0.35083525982500152        5.2115069325688107E-003
  0.39000000000000062       0.34341854513326492        4.9060798408846985E-003
  0.39500000000000063       0.34843710610753581        6.4842382068830374E-003
  0.40000000000000063       0.34909166098059002        6.9084121976345433E-003
  0.40500000000000064       0.35675300014226891        7.5640968481085289E-003
  0.41000000000000064       0.36300293961289093        8.3764654177432979E-003
  0.41500000000000065       0.39419656498530509        2.0358081777480549E-002
  0.42000000000000065       0.37637389990253922        1.1475162430832089E-002
  0.42500000000000066       0.36708170097718662        7.0797406060381374E-003
  0.43000000000000066       0.37921176504842380        8.9488238865004892E-003
  0.43500000000000066       0.36957123974743461        5.4806577026226154E-003
  0.44000000000000067       0.39396866536695990        1.3722772452978758E-002
  0.44500000000000067       0.39641113383750332        1.1469349925100715E-002
  0.45000000000000068       0.37758712434058467        5.6139861997071671E-003
  0.45500000000000068       0.37843670602817897        4.6479807740708364E-003
  0.46000000000000069       0.38198606419344294        5.0090218158885657E-003
  0.46500000000000069       0.39313102409059031        8.8249948507351499E-003
  0.47000000000000069       0.39716789032822036        7.6044723310001068E-003
  0.47500000000000070       0.53264267270590071       0.11485594664927400     
  0.48000000000000070       0.40697286321250969        8.7620429609052402E-003
  0.48500000000000071       0.42162987231927124        8.3877731224560308E-003
  0.49000000000000071       0.41401559233125362        7.1475917947218526E-003
  0.49500000000000066       0.42204584146977692        7.1566002831705547E-003
