  0.59999999999999998        2.5199946903026595       0.11478686366470435     
  0.60599999999999998        2.5919463713598856       0.16222710845125685     
  0.61199999999999999        2.6185835322326456       0.13457951546285554     
  0.61799999999999999        2.7128390921583043       0.18055455612563118     
  0.62400000000000000        2.5416879675402049       0.10799466320225097     
  0.63000000000000000        2.7276842153873746       0.16232619971697024     
  0.63600000000000001        2.8785329339487449       0.15224324748750559     
  0.64200000000000002        2.8202090012510133       0.13587380461912907     
  0.64800000000000002        2.9552175967102934       0.16730538222123231     
  0.65400000000000003        3.3602183477958110       0.19264969028743201     
  0.66000000000000003        3.0818027867909703       0.18537269661492634     
  0.66600000000000004        3.5614485281933428       0.31904434391680064     
  0.67200000000000004        2.9586744682711541       0.14027878877532329     
  0.67800000000000005        3.0640014098816390       0.17937203231355106     
  0.68400000000000005        3.3634784367796682       0.22611404207132721     
  0.69000000000000006        3.0091465717225874       0.13345865549872554     
  0.69600000000000006        3.1325821729848657       0.12666155398066281     
  0.70200000000000007        3.1572820765071978       0.17351802604410618     
  0.70800000000000007        3.3089447333848150       0.16385439461210752     
  0.71400000000000008        3.4156263246949732       0.18483175548994277     
  0.72000000000000008        3.4663262357908691       0.16851592754871217     
  0.72600000000000009        3.6091845287463000       0.19599982865438889     
  0.73200000000000010        3.5693193894412762       0.21164392320292377     
  0.73800000000000010        3.4577138621458010       0.20096857803190735     
  0.74400000000000011        3.4151129830102134       0.14842314977246260     
  0.75000000000000011        3.4896727471907369       0.12746756990141858     
  0.75600000000000012        3.7120616560113984       0.18974347389029203     
  0.76200000000000012        3.6738519048115239       0.18813025788001908     
  0.76800000000000013        3.6530021545576594       0.15286857394291659     
  0.77400000000000013        3.9006920500755604       0.18792820975419622     
  0.78000000000000014        3.9068844399624116       0.19091557430703496     
  0.78600000000000014        3.4463590250222693       0.13151062382300369     
  0.79200000000000015        4.3124781106905203       0.28277132517581427     
  0.79800000000000015        4.0320682391232694       0.21037295563921710     
  0.80400000000000016        3.7288596726712795       0.13670861364146061     
  0.81000000000000016        4.0926404845645186       0.21904395593418538     
  0.81600000000000017        4.4440095147278100       0.38753721468815250     
  0.82200000000000017        4.1441274221414304       0.19268354447164898     
  0.82800000000000018        4.1781701893361012       0.18507000078307848     
  0.83400000000000019        3.9700786724289228       0.14929697841767950     
  0.84000000000000019        4.2623077093772537       0.17202581972038322     
  0.84600000000000020        4.2796563338353142       0.18111066819533608     
  0.85200000000000020        4.7818080495627067       0.23234360886472166     
  0.85800000000000021        5.1060707832112415       0.29011058505720116     
  0.86400000000000021        4.4653487926635105       0.17453461457983954     
  0.87000000000000022        4.7688233362362000       0.22145967185830856     
  0.87600000000000022        5.2399827506452921       0.28284242918787256     
  0.88200000000000023        4.7801998437064128       0.20528830670331938     
  0.88800000000000023        5.0853288427200605       0.18709863637653734     
  0.89400000000000024        5.2061808789777908       0.20802219095764196     
  0.90000000000000024        5.1831712440316924       0.17042479527692028     
  0.90600000000000025        5.0207247663714112       0.14860175890787422     
  0.91200000000000025        5.6537387156038221       0.25673812842300814     
  0.91800000000000026        5.6016494185116352       0.20289212500103393     
  0.92400000000000027        5.9378850813560335       0.23424913177830567     
  0.93000000000000027        5.8473102376545896       0.21213621239115746     
  0.93600000000000028        6.0912839785215285       0.21475202025793461     
  0.94200000000000028        6.3231806046485692       0.19574945501638674     
  0.94800000000000029        6.6401692918609143       0.24935313266597009     
  0.95400000000000029        6.7127800516182985       0.20246780299095668     
  0.96000000000000030        7.6277038170240159       0.27214692980462890     
  0.96600000000000030        7.6501159587559915       0.28681399484149189     
  0.97200000000000031        8.3616162645414001       0.31919328908132144     
  0.97800000000000031        9.1150555543440301       0.27669324327382105     
  0.98400000000000032        9.0414020940714650       0.29140774183510626     
  0.99000000000000032        9.2091365982310958       0.28137615817909856     
  0.99600000000000022        8.2567407130446657       0.24020381642233132     
   1.0020000000000002        6.1473917653461800       0.22356320768849050     
   1.0080000000000002        4.1173326331081190       0.14344326713191055     
   1.0140000000000002        2.8772270045405643       0.11109914995434665     
   1.0200000000000002        1.9178486548666935        6.9538483230314391E-002
   1.0260000000000002        1.6934760467729189       0.10470283134233445     
   1.0320000000000003        1.5099908378438525       0.12581859747417154     
   1.0380000000000003       0.97604078085589618        7.5433006552646384E-002
   1.0440000000000003       0.87987254310273544        6.2322727494452543E-002
   1.0500000000000003       0.81910715230586328        8.0840933115469166E-002
   1.0560000000000003       0.74479008744096609        8.3774613616458660E-002
   1.0620000000000003       0.50776288781529899        2.6719802158552977E-002
   1.0680000000000003       0.49617728822912166        3.8984233460649512E-002
   1.0740000000000003       0.43279370114336763        3.1617625418767219E-002
   1.0800000000000003       0.35362994163302042        1.8637701223201950E-002
   1.0860000000000003       0.39264583176431339        3.9942565609604408E-002
   1.0920000000000003       0.54265128698842569       0.20904441838364005     
   1.0980000000000003       0.31356121218573318        2.7032961641255793E-002
   1.1040000000000003       0.29464025996413756        2.0937159677979624E-002
   1.1100000000000003       0.27080687315944812        2.6346839339931538E-002
   1.1160000000000003       0.23528599425562571        1.9952476901604947E-002
   1.1220000000000003       0.29737857894978964        6.5240313244289347E-002
   1.1280000000000003       0.21324780425949286        1.7366971506373292E-002
   1.1340000000000003       0.25781492097009828        5.9989354652212619E-002
   1.1400000000000003       0.24151153940391445        4.4773854469912618E-002
   1.1460000000000004       0.21474430315595924        3.4612800675074454E-002
   1.1520000000000004       0.18614644844554121        2.0992643603091051E-002
   1.1580000000000004       0.18392647578928420        2.4368600100526026E-002
   1.1640000000000004       0.14585629697942593        1.4249155733679530E-002
   1.1700000000000004       0.13675488094908250        8.5592039470159791E-003
   1.1760000000000004       0.14819056439587366        1.4036340887021163E-002
   1.1820000000000004       0.13234048114711955        1.0385151991147871E-002
   1.1880000000000004       0.12835414636863621        1.5113039938021938E-002
   1.1940000000000004       0.15154742307644489        1.6108615518211276E-002
   1.2000000000000004       0.11381557995849632        7.4900730858316663E-003
   1.2060000000000004       0.15746415925858612        1.9134959866080863E-002
   1.2120000000000004       0.11001992942407279        9.5205434347338785E-003
   1.2180000000000004       0.12037511983056548        1.0790878015053016E-002
   1.2240000000000004       0.11964931861855815        1.6016060031567549E-002
   1.2300000000000004       0.10472717985666935        9.8670882673901703E-003
   1.2360000000000004       0.10360006831237384        7.5939943159586288E-003
   1.2420000000000004       0.11598869119595989        1.2779632829664135E-002
   1.2480000000000004       0.11228290649377042        1.5660034097928842E-002
   1.2540000000000004       0.10838376236824235        7.7932697277134479E-003
   1.2600000000000005        9.2615421164031209E-002   8.5209779023836651E-003
   1.2660000000000005        9.8272039175408221E-002   1.1311253421879188E-002
   1.2720000000000005       0.10480275413245271        1.0802237530919523E-002
   1.2780000000000005       0.10151742268827363        1.0671331957533932E-002
   1.2840000000000005        7.1699663508084155E-002   3.4811252250091999E-003
   1.2900000000000005        8.8972384231971263E-002   9.1014595704658682E-003
   1.2960000000000005        7.6737739096075813E-002   4.5635538128508384E-003
   1.3020000000000005        9.8195893402513029E-002   1.0084471948070708E-002
   1.3080000000000005        8.9460997388113306E-002   8.7457741281384508E-003
   1.3140000000000005        7.5919439122487387E-002   5.0377801772514821E-003
   1.3200000000000005        8.0963148463379667E-002   8.2672692647852413E-003
   1.3260000000000005        7.4479488053101506E-002   4.7706727923761743E-003
   1.3320000000000005        6.9388493899621609E-002   5.0018553872646877E-003
   1.3380000000000005        7.0866682241183518E-002   4.7920922633762440E-003
   1.3440000000000005        7.3393987844750555E-002   7.6574645576894980E-003
   1.3500000000000005        6.7933660830761314E-002   7.2700677752720417E-003
   1.3560000000000005        7.9580583477294284E-002   1.0180551424987553E-002
   1.3620000000000005        8.7724214252012836E-002   1.3330875456607017E-002
   1.3680000000000005        5.7813590783814636E-002   2.8948123946744538E-003
   1.3740000000000006        7.5215343431866616E-002   8.7887332319620728E-003
   1.3800000000000006        6.0238626448589488E-002   3.2570269952717904E-003
   1.3860000000000006        6.6983040645046454E-002   7.2361040718355212E-003
   1.3920000000000006        6.4033474409371224E-002   4.6529480675093033E-003
   1.3980000000000006        5.6574141872902522E-002   4.3886255842653160E-003
   1.4040000000000006       0.15485532143633446        9.5241202942504571E-002
   1.4100000000000006        6.4373129983113897E-002   5.9111401524691637E-003
   1.4160000000000006        7.1871694952312506E-002   9.4397890887451489E-003
   1.4220000000000006        6.2620972863422511E-002   5.0672754282720693E-003
   1.4280000000000006        5.7243636414639233E-002   6.0837106668429298E-003
   1.4340000000000006        6.9511025387147526E-002   9.8046639885708813E-003
   1.4400000000000006        5.5469189332650687E-002   4.1162776543999871E-003
   1.4460000000000006        5.7416703000533413E-002   4.1368729059656330E-003
   1.4520000000000006        6.5701246556877896E-002   4.4910060393056660E-003
   1.4580000000000006        6.5853317717134069E-002   1.5634151117694478E-002
   1.4640000000000006        5.1861251802982421E-002   2.9829320624764309E-003
   1.4700000000000006        5.2466538210394063E-002   2.9198457631741098E-003
   1.4760000000000006        5.3218176102723509E-002   3.2473414699998849E-003
   1.4820000000000007        4.8385587063859432E-002   3.1664996594970240E-003
   1.4880000000000007        5.5569365618849939E-002   3.9966397944335517E-003
   1.4940000000000007        6.4371112746332421E-002   6.4997971725848352E-003
   1.5000000000000007        5.7634118538984917E-002   6.1639876184290468E-003
   1.5060000000000007        4.7246589807883224E-002   2.8824970858962904E-003
   1.5120000000000007        5.2848828369079226E-002   3.2125390431656945E-003
   1.5180000000000007        5.3586780076977467E-002   3.8103437920362919E-003
   1.5240000000000007        4.9121665376996179E-002   2.4857498172308383E-003
   1.5300000000000007        5.7688499816552608E-002   6.1008363280861564E-003
   1.5360000000000007        6.5439993657786355E-002   1.0089501211508395E-002
   1.5420000000000007        5.1609447323804528E-002   4.3662442520862009E-003
   1.5480000000000007        5.6970177658691008E-002   1.0481482194543779E-002
   1.5540000000000007        4.5715069652088415E-002   3.4079832517022136E-003
   1.5600000000000007        4.3852842839839187E-002   2.2482286773901072E-003
   1.5660000000000007        4.9266773634207478E-002   2.4438911257513313E-003
   1.5720000000000007        6.0967312186532611E-002   7.3089344643759704E-003
   1.5780000000000007        4.9202563689912937E-002   2.5989903942879068E-003
   1.5840000000000007        5.8588772073811579E-002   1.3183814509866656E-002
   1.5900000000000007        4.5381324137773897E-002   3.2764285556248921E-003
   1.5960000000000008        5.3466468257780071E-002   7.0746876404679838E-003
   1.6020000000000008        4.6302486683845866E-002   2.4241219629255518E-003
   1.6080000000000008        4.5895775072643467E-002   2.5413240105908765E-003
   1.6140000000000008        5.0356281654768034E-002   3.8559401621038429E-003
   1.6200000000000008        4.7806035209281526E-002   4.2298186830618586E-003
   1.6260000000000008        4.3147389499746822E-002   2.9545402938778967E-003
   1.6320000000000008        4.5145368714451614E-002   2.4536809254568390E-003
   1.6380000000000008        4.3831860134585711E-002   2.0906444237118703E-003
   1.6440000000000008        4.3594351554232975E-002   2.6163687758976612E-003
   1.6500000000000008        4.5591099611888113E-002   3.6067188614881326E-003
   1.6560000000000008        4.7037271493200770E-002   2.6801638680574906E-003
   1.6620000000000008        4.7515457020886553E-002   4.3741015431438919E-003
   1.6680000000000008        4.2288614939453066E-002   1.9912646152958971E-003
   1.6740000000000008        3.7898983919143023E-002   1.6039736116724712E-003
   1.6800000000000008        4.1600441574835799E-002   2.1477520200269872E-003
   1.6860000000000008        4.6835277606751248E-002   5.4385028694464189E-003
   1.6920000000000008        4.5876133182597555E-002   3.7728220283361875E-003
   1.6980000000000008        4.5105010384568163E-002   2.5621966416185960E-003
   1.7040000000000008        4.3371091185415517E-002   3.5595792866774420E-003
   1.7100000000000009        3.9730486203355883E-002   1.8270933903092846E-003
   1.7160000000000009        3.9218719479678435E-002   1.8677542993586975E-003
   1.7220000000000009        4.0433656099629192E-002   2.3101869897650673E-003
   1.7280000000000009        3.8786485563929038E-002   1.8147004115259228E-003
   1.7340000000000009        4.2583174569329869E-002   2.5804210642495122E-003
   1.7400000000000009        5.1016488197065994E-002   6.4334317018721800E-003
   1.7460000000000009        4.8772692063970662E-002   6.7586710066720032E-003
   1.7520000000000009        4.3141723760447927E-002   5.3751967302088617E-003
   1.7580000000000009        4.5531276048255812E-002   3.9614078870041404E-003
   1.7640000000000009        4.0141197872242275E-002   2.1109312362251587E-003
   1.7700000000000009        4.2482119019336365E-002   3.3111487260042653E-003
   1.7760000000000009        4.8932336020994158E-002   8.4921772461750769E-003
   1.7820000000000009        3.9775884222324524E-002   1.8354236658938636E-003
   1.7880000000000009        3.5944570415537676E-002   1.5407420452891480E-003
   1.7940000000000009        4.5779464091967904E-002   7.0480377844180670E-003
