  -2.0000000000000000        3.2104892082773918E-003   1.5822663041247716E-004
  -1.9800000000000000        4.0653150719378462E-003   1.7566287172950695E-004
  -1.9600000000000000        4.9095698297854668E-003   1.8928071886067138E-004
  -1.9399999999999999        5.6199646204723166E-003   2.0476404112116246E-004
  -1.9199999999999999        6.5283151671193043E-003   2.1774294722093395E-004
  -1.8999999999999999        7.2597316762169541E-003   2.2819092745986799E-004
  -1.8799999999999999        8.1053012680146978E-003   2.4014446385275782E-004
  -1.8599999999999999        8.8482453231152787E-003   2.4883037783150980E-004
  -1.8399999999999999        9.2225445856670210E-003   2.5087397250253969E-004
  -1.8199999999999998        1.0205687725664119E-002   2.6132501340743968E-004
  -1.7999999999999998        1.1940107345317402E-002   2.8405040549900389E-004
  -1.7799999999999998        1.2301280022854966E-002   2.8325327033300421E-004
  -1.7599999999999998        1.3036938111631324E-002   2.9346238334996676E-004
  -1.7399999999999998        1.4130088544484944E-002   3.0049515626884900E-004
  -1.7199999999999998        1.5451667353329987E-002   3.1801432402730090E-004
  -1.6999999999999997        1.5266939224687314E-002   3.0879620572841479E-004
  -1.6799999999999997        1.7233702980308237E-002   3.2998411291258891E-004
  -1.6599999999999997        1.7688255647978164E-002   3.3058023349225897E-004
  -1.6399999999999997        1.8539683548343233E-002   3.3815561145437333E-004
  -1.6199999999999997        1.9891054125633183E-002   3.4970791629907280E-004
  -1.5999999999999996        2.0288441758170291E-002   3.4915899235447433E-004
  -1.5799999999999996        2.2051444621224089E-002   3.6141142909121613E-004
  -1.5599999999999996        2.2890259473922602E-002   3.6874258563971443E-004
  -1.5399999999999996        2.3281805205795428E-002   3.6976353996247719E-004
  -1.5199999999999996        2.5240718685273424E-002   3.8566890730876277E-004
  -1.4999999999999996        2.5559893346726127E-002   3.8317076833995758E-004
  -1.4799999999999995        2.6612036538386705E-002   3.9078009207861217E-004
  -1.4599999999999995        2.7725535397383535E-002   3.9611840404213150E-004
  -1.4399999999999995        2.8557892771798050E-002   4.0232100060413819E-004
  -1.4199999999999995        2.9876157126775698E-002   4.0613799224629277E-004
  -1.3999999999999995        3.1117654514332748E-002   4.1497244765914125E-004
  -1.3799999999999994        3.1400659980425023E-002   4.1463227953539457E-004
  -1.3599999999999994        3.1792224772918952E-002   4.1246735027369131E-004
  -1.3399999999999994        3.3784243658207050E-002   4.2696876998989970E-004
  -1.3199999999999994        3.4221155456804743E-002   4.2682545580616444E-004
  -1.2999999999999994        3.5311003419916630E-002   4.3407781637765417E-004
  -1.2799999999999994        3.6733573410777529E-002   4.4035025990899645E-004
  -1.2599999999999993        3.7452436560963351E-002   4.4155073652868263E-004
  -1.2399999999999993        3.9007408075760773E-002   4.4974380048401545E-004
  -1.2199999999999993        3.9438209329641392E-002   4.4861125205454295E-004
  -1.1999999999999993        4.0517580521283299E-002   4.5346741739710835E-004
  -1.1799999999999993        4.1275670040751673E-002   4.5582337874216220E-004
  -1.1599999999999993        4.2207173183671405E-002   4.5937971130713059E-004
  -1.1399999999999992        4.3681182133606354E-002   4.6663596781079003E-004
  -1.1199999999999992        4.5160136421719087E-002   4.7460997577082977E-004
  -1.0999999999999992        4.5144697403529138E-002   4.6925670542382339E-004
  -1.0799999999999992        4.6522618351524304E-002   4.7492834699372586E-004
  -1.0599999999999992        4.8192089904863553E-002   4.8286906940709837E-004
  -1.0399999999999991        4.8256372032517300E-002   4.8068505063659649E-004
  -1.0199999999999991        4.9383025346186576E-002   4.8441469198680159E-004
 -0.99999999999999911        5.0672158858044436E-002   4.8810407860610481E-004
 -0.97999999999999909        5.1105972238475947E-002   4.8819220126997614E-004
 -0.95999999999999908        5.1446406076884652E-002   4.8974135003461016E-004
 -0.93999999999999906        5.3032479383742614E-002   4.9777058237186343E-004
 -0.91999999999999904        5.4717832298076870E-002   5.0293236759315360E-004
 -0.89999999999999902        5.4627522594053055E-002   4.9868915861772602E-004
 -0.87999999999999901        5.4350685698414412E-002   4.9207949555514713E-004
 -0.85999999999999899        5.6401113406112341E-002   5.0311972342278978E-004
 -0.83999999999999897        5.8036067447342687E-002   5.1191562370345265E-004
 -0.81999999999999895        5.7781912010436282E-002   5.0748482690310957E-004
 -0.79999999999999893        5.9728408405980871E-002   5.1503822424873297E-004
 -0.77999999999999892        6.0281706876695582E-002   5.1855439488832881E-004
 -0.75999999999999890        6.1324325822887209E-002   5.1887105673284755E-004
 -0.73999999999999888        6.1890136555076178E-002   5.2179831673873059E-004
 -0.71999999999999886        6.3836322502689516E-002   5.2853086823974500E-004
 -0.69999999999999885        6.5438095989370157E-002   5.3578720244708614E-004
 -0.67999999999999883        6.5499616872224997E-002   5.3436196911866803E-004
 -0.65999999999999881        6.6352473007446178E-002   5.3681944772648795E-004
 -0.63999999999999879        6.6678531766079116E-002   5.3549039491459236E-004
 -0.61999999999999877        6.8991247654665341E-002   5.4649176279134015E-004
 -0.59999999999999876        6.7673177434031562E-002   5.4023250632106242E-004
 -0.57999999999999874        6.9297293194196530E-002   5.4670686543473353E-004
 -0.55999999999999872        7.0119433930063271E-002   5.4799032589608783E-004
 -0.53999999999999870        7.1659703879181164E-002   5.5604420478082273E-004
 -0.51999999999999869        7.1629087081211795E-002   5.5578940503724669E-004
 -0.49999999999999867        7.1973132690399608E-002   5.5591972911075396E-004
 -0.47999999999999865        7.2796745349979888E-002   5.5958343110004216E-004
 -0.45999999999999863        7.4248655409024270E-002   5.6723683504125320E-004
 -0.43999999999999861        7.5338458358475607E-002   5.7223677833675914E-004
 -0.41999999999999860        7.6223631798512242E-002   5.7516272762380501E-004
 -0.39999999999999858        7.8550050197582780E-002   5.8942562132453086E-004
 -0.37999999999999856        7.8091816088340843E-002   5.8321705011773876E-004
 -0.35999999999999854        7.8748273537658814E-002   5.8865775624342251E-004
 -0.33999999999999853        7.9668399790773073E-002   5.9346017785138767E-004
 -0.31999999999999851        7.9776824974264388E-002   5.9256677303860491E-004
 -0.29999999999999849        8.0683626804207709E-002   5.9826700180610874E-004
 -0.27999999999999847        8.1307580186558745E-002   5.9932624503046712E-004
 -0.25999999999999845        8.1155507212538919E-002   5.9659283535068832E-004
 -0.23999999999999846        8.2724296101342604E-002   6.0505311179218774E-004
 -0.21999999999999847        8.1930577300782029E-002   6.0090640047785998E-004
 -0.19999999999999848        8.0447181994151726E-002   5.9485814153283350E-004
 -0.17999999999999849        8.1615436957952953E-002   6.0256843847337799E-004
 -0.15999999999999850        8.2207577029197440E-002   6.0247957926396660E-004
 -0.13999999999999851        8.2320737390764703E-002   6.0143395628775294E-004
 -0.11999999999999851        8.1802711351040669E-002   5.9860123986519849E-004
  -9.9999999999998507E-002   8.1481084329658726E-002   5.9767679135254339E-004
  -7.9999999999998503E-002   8.1077761844220303E-002   5.9682990843580987E-004
  -5.9999999999998499E-002   8.1765927689383261E-002   6.0032497071569452E-004
  -3.9999999999998495E-002   8.1043827306640753E-002   5.9682103545517068E-004
  -1.9999999999998495E-002   8.1478760708709755E-002   5.9697339083299812E-004
   1.5057399771478686E-015   8.0865831224053455E-002   5.9376756103131909E-004
   2.0000000000001506E-002   8.1309508332478173E-002   5.9612677187860996E-004
   4.0000000000001507E-002   8.1013762783555737E-002   5.9469703958147583E-004
   6.0000000000001510E-002   8.0639517000347175E-002   5.9360936550701586E-004
   8.0000000000001514E-002   8.0366759180622235E-002   5.9238387595768056E-004
  0.10000000000000152        8.0279049331077074E-002   5.9277571015609520E-004
  0.12000000000000151        7.9062291523862821E-002   5.8676186831952109E-004
  0.14000000000000151        7.9754635449660036E-002   5.8950838169616402E-004
  0.16000000000000150        7.9393520786415372E-002   5.9044532278174869E-004
  0.18000000000000149        7.7857955232437742E-002   5.8278066008124441E-004
  0.20000000000000148        7.7407122306969792E-002   5.7698846613491936E-004
  0.22000000000000147        7.7711547393902389E-002   5.8204485854648433E-004
  0.24000000000000146        7.7217088561013267E-002   5.7724446098156019E-004
  0.26000000000000145        7.7180079244503708E-002   5.7556519155481465E-004
  0.28000000000000147        7.5608221774827039E-002   5.7104786178438483E-004
  0.30000000000000149        7.5364538662839736E-002   5.6945554801419529E-004
  0.32000000000000151        7.3594315947947617E-002   5.6190261452942212E-004
  0.34000000000000152        7.2256160857796375E-002   5.5434516263390529E-004
  0.36000000000000154        7.2035614015411059E-002   5.5164029407225477E-004
  0.38000000000000156        6.9770243824550812E-002   5.4385106829123154E-004
  0.40000000000000158        7.0021842657135305E-002   5.4277844349268306E-004
  0.42000000000000159        6.8216289049316078E-002   5.3574161632105957E-004
  0.44000000000000161        6.7477945477160559E-002   5.3215592987819872E-004
  0.46000000000000163        6.5866537751942483E-002   5.2347584416420037E-004
  0.48000000000000165        6.4544040754993509E-002   5.1464540309730086E-004
  0.50000000000000167        6.4262097550780842E-002   5.1830861960451167E-004
  0.52000000000000168        6.3443200515828815E-002   5.1242031228858798E-004
  0.54000000000000170        6.2415895432561451E-002   5.0720646121921880E-004
  0.56000000000000172        6.1484581653683396E-002   5.0266197145815541E-004
  0.58000000000000174        6.0214698123184793E-002   4.9957197695216476E-004
  0.60000000000000175        5.8615741422786645E-002   4.8934481697127206E-004
  0.62000000000000177        5.7875366887029878E-002   4.8529000841619508E-004
  0.64000000000000179        5.7653444026116669E-002   4.8535093825739122E-004
  0.66000000000000181        5.6502398945536381E-002   4.8039878480978188E-004
  0.68000000000000183        5.5478309738123503E-002   4.7585886644556103E-004
  0.70000000000000184        5.3472557338199812E-002   4.6638201225703268E-004
  0.72000000000000186        5.3485436591508735E-002   4.6736812222298414E-004
  0.74000000000000188        5.1938451538157890E-002   4.5951658798321668E-004
  0.76000000000000190        5.1162064972777158E-002   4.5638867910623388E-004
  0.78000000000000191        5.0106590917118859E-002   4.5066088064504487E-004
  0.80000000000000193        4.9141745925077709E-002   4.4711595461003885E-004
  0.82000000000000195        4.8861326830255111E-002   4.4653934654737329E-004
  0.84000000000000197        4.9146345804689233E-002   4.5220256665357787E-004
  0.86000000000000199        4.6928275241864548E-002   4.3925136927691790E-004
  0.88000000000000200        4.5766508164601975E-002   4.3357039532965414E-004
  0.90000000000000202        4.5184768698492951E-002   4.3173232659276823E-004
  0.92000000000000204        4.3576557816875958E-002   4.2266338226258274E-004
  0.94000000000000206        4.3138751051272621E-002   4.2201355508964412E-004
  0.96000000000000207        4.1811846045731953E-002   4.1564377921987433E-004
  0.98000000000000198        4.0864467637730509E-002   4.1305512910508942E-004
   1.0000000000000020        3.9786217007501012E-002   4.0499545491769272E-004
   1.0200000000000020        4.0105635955151278E-002   4.1071931982628154E-004
   1.0400000000000020        3.8460081879055398E-002   4.0262612753342209E-004
   1.0600000000000021        3.7509603985738146E-002   3.9892090409826433E-004
   1.0800000000000021        3.6620299172758740E-002   3.9432333155833615E-004
   1.1000000000000021        3.5417329261866581E-002   3.8884598736593703E-004
   1.1200000000000021        3.6040600213421058E-002   3.9419763954058699E-004
   1.1400000000000021        3.5273252828670575E-002   3.9135583764990931E-004
   1.1600000000000021        3.3487017621185874E-002   3.8009411754836425E-004
   1.1800000000000022        3.2186331996577514E-002   3.7486230324328904E-004
   1.2000000000000022        3.2385092599797140E-002   3.7847514857949910E-004
   1.2200000000000022        3.1646407367517351E-002   3.7534374555885797E-004
   1.2400000000000022        2.9962381178358286E-002   3.6334550173698572E-004
   1.2600000000000022        2.8989822019639316E-002   3.5977882854190815E-004
   1.2800000000000022        2.8900580579936795E-002   3.6380182385984224E-004
   1.3000000000000023        2.7784979602274527E-002   3.5486449702984538E-004
   1.3200000000000023        2.6317332186404748E-002   3.4645416733766526E-004
   1.3400000000000023        2.6016100686638795E-002   3.4555270101642796E-004
   1.3600000000000023        2.4966399809013023E-002   3.3870319200923776E-004
   1.3800000000000023        2.4216668566434941E-002   3.3630159675684875E-004
   1.4000000000000024        2.2928886290625273E-002   3.2426267944755678E-004
   1.4200000000000024        2.2422791645641409E-002   3.2531736387033679E-004
   1.4400000000000024        2.2099094911779943E-002   3.2498896431167030E-004
   1.4600000000000024        2.1063884907821358E-002   3.1723374277826244E-004
   1.4800000000000024        2.0431477793044790E-002   3.1492575956004829E-004
   1.5000000000000024        1.9392391702097531E-002   3.0484939793072753E-004
   1.5200000000000025        1.8422329247964272E-002   2.9892255815284715E-004
   1.5400000000000025        1.7926238179093907E-002   2.9981419338712877E-004
   1.5600000000000025        1.7264681026163214E-002   2.9549839168741118E-004
   1.5800000000000025        1.6979822057831311E-002   2.9327766228105589E-004
   1.6000000000000025        1.6087924853263533E-002   2.8695182599315080E-004
   1.6200000000000025        1.4955719888247954E-002   2.7738539431259999E-004
   1.6400000000000026        1.3802072134979190E-002   2.6608675234259584E-004
   1.6600000000000026        1.3395184070212032E-002   2.6339148154087946E-004
   1.6800000000000026        1.2942320386408857E-002   2.6295099712166472E-004
   1.7000000000000026        1.1633793626925114E-002   2.4739206944584548E-004
   1.7200000000000026        1.1131904620448252E-002   2.4361070651969988E-004
   1.7400000000000027        1.0002395384386749E-002   2.3170464553638100E-004
   1.7600000000000027        9.6557507452169587E-003   2.2866105878791500E-004
   1.7800000000000027        8.8953906645928456E-003   2.2106718764691976E-004
   1.8000000000000027        8.4028417974621652E-003   2.1676988527935331E-004
   1.8200000000000027        7.4677171114167122E-003   2.0582826089572575E-004
   1.8400000000000027        6.7850355913153951E-003   1.9630885696927426E-004
   1.8600000000000028        6.1995086220825221E-003   1.8887225654298765E-004
   1.8800000000000028        5.6335904254749365E-003   1.8317553828697293E-004
   1.9000000000000028        4.9565068955566682E-003   1.7091083108679016E-004
   1.9200000000000028        4.3135097094140710E-003   1.6118326503686357E-004
   1.9400000000000028        3.6562999842499862E-003   1.4704131902729803E-004
   1.9600000000000029        3.2255196184564471E-003   1.4115989367198249E-004
   1.9800000000000026        2.5282534181549627E-003   1.2323786955616850E-004
