  0.40000000000000002        8.0557421928133977       0.23618444938413979     
  0.40800000000000003        8.5400027782047090       0.24502515375703238     
  0.41600000000000004        8.3796645289067602       0.23126492410335087     
  0.42400000000000004        9.1664859958683707       0.28435958926354987     
  0.43200000000000005        8.9861327299009783       0.22211227821945934     
  0.44000000000000006        10.037495054183616       0.25384874690773346     
  0.44800000000000006        10.421003501470844       0.26320290574657396     
  0.45600000000000007        11.493704786208987       0.29228949408954852     
  0.46400000000000008        12.704334890810745       0.31310357110739945     
  0.47200000000000009        13.419639853292194       0.25316605053914415     
  0.48000000000000009        15.735078092708735       0.34433626254248711     
  0.48800000000000010        18.204302566612533       0.35261632074827698     
  0.49600000000000011        15.932885249976495       0.32343283141798052     
  0.50400000000000011        6.8901636899507634       0.23143236742773707     
  0.51200000000000012        3.1676716306693815       0.12739939343030610     
  0.52000000000000013        1.7581795140481773        7.9686274883340541E-002
  0.52800000000000014        1.1790233906177534        5.9171206520318542E-002
  0.53600000000000014        1.0448684620899187        8.5487074155683074E-002
  0.54400000000000015       0.91397922431356837        8.4403771460453567E-002
  0.55200000000000016       0.59270801914818738        3.9487501171888088E-002
  0.56000000000000016       0.57307668398575573        7.8314608910653283E-002
  0.56800000000000017       0.43046911537430388        3.6182984604552354E-002
  0.57600000000000018       0.36647155739875881        1.9557274812385717E-002
  0.58400000000000019       0.37265432266851461        2.9262619769838006E-002
  0.59200000000000019       0.29359797558922501        1.7904018966307816E-002
  0.60000000000000020       0.25942234905546757        1.3367850679582374E-002
  0.60800000000000021       0.25477060913101468        2.8207444682770342E-002
  0.61600000000000021       0.21732126335337881        1.0416477400956100E-002
  0.62400000000000022       0.19940058070804031        8.0606181651141848E-003
  0.63200000000000023       0.22437715584480286        1.6812171001764086E-002
  0.64000000000000024       0.18902880522422238        1.1470210542599975E-002
  0.64800000000000024       0.18556414398528145        1.7248005545521534E-002
  0.65600000000000025       0.18594682419846376        1.8614512899378707E-002
  0.66400000000000026       0.15813762690354380        6.6917972982555689E-003
  0.67200000000000026       0.15915879593089619        7.5936599706449446E-003
  0.68000000000000027       0.14618635595258622        6.9857191721749241E-003
  0.68800000000000028       0.16370595336222760        1.7798723168382005E-002
  0.69600000000000029       0.13730524339410968        6.2745773144291094E-003
  0.70400000000000029       0.13600152483348427        7.4389695421171005E-003
  0.71200000000000030       0.12115084608548693        4.3322183549854643E-003
  0.72000000000000031       0.12819808510551248        8.7455186083493855E-003
  0.72800000000000031       0.13211526486071229        9.4172372248704488E-003
  0.73600000000000032       0.12029479466735768        6.8533484541458715E-003
  0.74400000000000033       0.12281221219982746        6.1376035229963235E-003
  0.75200000000000033       0.11187613288173193        5.7633215988987033E-003
  0.76000000000000034       0.11167774283780349        7.2530471725703229E-003
  0.76800000000000035       0.11366740450902270        6.9961602856563583E-003
  0.77600000000000036       0.10530512953865567        7.3963633869060172E-003
  0.78400000000000036       0.10256565922705091        5.6503559226890234E-003
  0.79200000000000037       0.10221430442119871        4.4796698275082680E-003
  0.80000000000000038        9.7005768987399238E-002   3.9103568687146283E-003
  0.80800000000000038       0.10412542399228165        1.0132204103100144E-002
  0.81600000000000039        9.6393095851427094E-002   1.0479027059347897E-002
  0.82400000000000040        8.8320650662170361E-002   2.9745532742318334E-003
  0.83200000000000041        8.5007937868979519E-002   2.6180727728330275E-003
  0.84000000000000041        8.7440143043830063E-002   2.7333327642280205E-003
  0.84800000000000042        8.3657706499732976E-002   2.0188401066810330E-003
  0.85600000000000043        9.0534091627352348E-002   4.7480060095076680E-003
  0.86400000000000043        9.0306277188757111E-002   4.1924242778804098E-003
  0.87200000000000044        8.3661683116963231E-002   2.3647444764017074E-003
  0.88000000000000045        8.3381820021074748E-002   2.2775856619792348E-003
  0.88800000000000046        8.6553463390758090E-002   3.1478583152787939E-003
  0.89600000000000046        7.9925699217153201E-002   3.2992845485230152E-003
  0.90400000000000047        7.7391150937174094E-002   2.1010831485887933E-003
  0.91200000000000048        7.7169238007466875E-002   1.9433495806662066E-003
  0.92000000000000048        8.1062041538983443E-002   3.1458748634090945E-003
  0.92800000000000049        7.2435916056270394E-002   1.7674863463570359E-003
  0.93600000000000050        7.3280121292670641E-002   1.5046648886074048E-003
  0.94400000000000051        7.8057846475393128E-002   2.3598238755881129E-003
  0.95200000000000051        7.6847505487974740E-002   2.5308733268450366E-003
  0.96000000000000052        7.5141003559427225E-002   3.0250523841505901E-003
  0.96800000000000053        7.4741889499005051E-002   1.6706098759585073E-003
  0.97600000000000053        7.6166684980221611E-002   2.1430428089369269E-003
  0.98400000000000054        7.5549007619819544E-002   2.3152312569776705E-003
  0.99200000000000044        7.3148970761887533E-002   1.6671149112035012E-003
   1.0000000000000004        7.3968002139420855E-002   2.0201634728116888E-003
   1.0080000000000005        7.0649671127874389E-002   1.4499457988157438E-003
   1.0160000000000005        7.0293733852233475E-002   1.9645359188935848E-003
   1.0240000000000005        7.0087356569344922E-002   1.3557497063015438E-003
   1.0320000000000005        7.1081637421524416E-002   1.8421330685854326E-003
   1.0400000000000005        6.9029937386636861E-002   1.4861856963434856E-003
   1.0480000000000005        7.0575959781991604E-002   1.5296496522127837E-003
   1.0560000000000005        6.8858657707095275E-002   1.7359167667067828E-003
   1.0640000000000005        6.7302204778037347E-002   1.2695059384699935E-003
   1.0720000000000005        6.5384781437977588E-002   1.0727617539656193E-003
   1.0800000000000005        6.6938103798183615E-002   1.4698026536802227E-003
   1.0880000000000005        6.7001798055800893E-002   1.2500928581104462E-003
   1.0960000000000005        6.6598548731923266E-002   1.1174337657148053E-003
   1.1040000000000005        6.6967570040291982E-002   1.0940412542891974E-003
   1.1120000000000005        6.6289246413958558E-002   1.0674758892006738E-003
   1.1200000000000006        6.6938130213616442E-002   9.6229314492384628E-004
   1.1280000000000006        6.7059830588875699E-002   1.0080939507918199E-003
   1.1360000000000006        6.8761519280230873E-002   1.1088743300194069E-003
   1.1440000000000006        6.6214702411243928E-002   7.8130586388862875E-004
   1.1520000000000006        6.8382210882614203E-002   9.4006768152462953E-004
   1.1600000000000006        6.8049164844647916E-002   7.9489331988832424E-004
   1.1680000000000006        6.9251906822024312E-002   7.7620063072834813E-004
   1.1760000000000006        6.9093774287375606E-002   7.0687565201259760E-004
   1.1840000000000006        6.9474381760889367E-002   6.3703143732467846E-004
   1.1920000000000006        6.9279299813961442E-002   5.3593290961782890E-004
   1.2000000000000006        5.0004061869317863E-002   3.3526355864550765E-004
   1.2080000000000006        0.0000000000000000        0.0000000000000000     
   1.2160000000000006        0.0000000000000000        0.0000000000000000     
   1.2240000000000006        0.0000000000000000        0.0000000000000000     
   1.2320000000000007        0.0000000000000000        0.0000000000000000     
   1.2400000000000007        0.0000000000000000        0.0000000000000000     
   1.2480000000000007        0.0000000000000000        0.0000000000000000     
   1.2560000000000007        0.0000000000000000        0.0000000000000000     
   1.2640000000000007        0.0000000000000000        0.0000000000000000     
   1.2720000000000007        0.0000000000000000        0.0000000000000000     
   1.2800000000000007        0.0000000000000000        0.0000000000000000     
   1.2880000000000007        0.0000000000000000        0.0000000000000000     
   1.2960000000000007        0.0000000000000000        0.0000000000000000     
   1.3040000000000007        0.0000000000000000        0.0000000000000000     
   1.3120000000000007        0.0000000000000000        0.0000000000000000     
   1.3200000000000007        0.0000000000000000        0.0000000000000000     
   1.3280000000000007        0.0000000000000000        0.0000000000000000     
   1.3360000000000007        0.0000000000000000        0.0000000000000000     
   1.3440000000000007        0.0000000000000000        0.0000000000000000     
   1.3520000000000008        0.0000000000000000        0.0000000000000000     
   1.3600000000000008        0.0000000000000000        0.0000000000000000     
   1.3680000000000008        0.0000000000000000        0.0000000000000000     
   1.3760000000000008        0.0000000000000000        0.0000000000000000     
   1.3840000000000008        0.0000000000000000        0.0000000000000000     
   1.3920000000000008        0.0000000000000000        0.0000000000000000     
   1.4000000000000008        0.0000000000000000        0.0000000000000000     
   1.4080000000000008        0.0000000000000000        0.0000000000000000     
   1.4160000000000008        0.0000000000000000        0.0000000000000000     
   1.4240000000000008        0.0000000000000000        0.0000000000000000     
   1.4320000000000008        0.0000000000000000        0.0000000000000000     
   1.4400000000000008        0.0000000000000000        0.0000000000000000     
   1.4480000000000008        0.0000000000000000        0.0000000000000000     
   1.4560000000000008        0.0000000000000000        0.0000000000000000     
   1.4640000000000009        0.0000000000000000        0.0000000000000000     
   1.4720000000000009        0.0000000000000000        0.0000000000000000     
   1.4800000000000009        0.0000000000000000        0.0000000000000000     
   1.4880000000000009        0.0000000000000000        0.0000000000000000     
   1.4960000000000009        0.0000000000000000        0.0000000000000000     
   1.5040000000000009        0.0000000000000000        0.0000000000000000     
   1.5120000000000009        0.0000000000000000        0.0000000000000000     
   1.5200000000000009        0.0000000000000000        0.0000000000000000     
   1.5280000000000009        0.0000000000000000        0.0000000000000000     
   1.5360000000000009        0.0000000000000000        0.0000000000000000     
   1.5440000000000009        0.0000000000000000        0.0000000000000000     
   1.5520000000000009        0.0000000000000000        0.0000000000000000     
   1.5600000000000009        0.0000000000000000        0.0000000000000000     
   1.5680000000000009        0.0000000000000000        0.0000000000000000     
   1.5760000000000010        0.0000000000000000        0.0000000000000000     
   1.5840000000000010        0.0000000000000000        0.0000000000000000     
   1.5920000000000010        0.0000000000000000        0.0000000000000000     
   1.6000000000000010        0.0000000000000000        0.0000000000000000     
   1.6080000000000010        0.0000000000000000        0.0000000000000000     
   1.6160000000000010        0.0000000000000000        0.0000000000000000     
   1.6240000000000010        0.0000000000000000        0.0000000000000000     
   1.6320000000000010        0.0000000000000000        0.0000000000000000     
   1.6400000000000010        0.0000000000000000        0.0000000000000000     
   1.6480000000000010        0.0000000000000000        0.0000000000000000     
   1.6560000000000010        0.0000000000000000        0.0000000000000000     
   1.6640000000000010        0.0000000000000000        0.0000000000000000     
   1.6720000000000010        0.0000000000000000        0.0000000000000000     
   1.6800000000000010        0.0000000000000000        0.0000000000000000     
   1.6880000000000011        0.0000000000000000        0.0000000000000000     
   1.6960000000000011        0.0000000000000000        0.0000000000000000     
   1.7040000000000011        0.0000000000000000        0.0000000000000000     
   1.7120000000000011        0.0000000000000000        0.0000000000000000     
   1.7200000000000011        0.0000000000000000        0.0000000000000000     
   1.7280000000000011        0.0000000000000000        0.0000000000000000     
   1.7360000000000011        0.0000000000000000        0.0000000000000000     
   1.7440000000000011        0.0000000000000000        0.0000000000000000     
   1.7520000000000011        0.0000000000000000        0.0000000000000000     
   1.7600000000000011        0.0000000000000000        0.0000000000000000     
   1.7680000000000011        0.0000000000000000        0.0000000000000000     
   1.7760000000000011        0.0000000000000000        0.0000000000000000     
   1.7840000000000011        0.0000000000000000        0.0000000000000000     
   1.7920000000000011        0.0000000000000000        0.0000000000000000     
   1.8000000000000012        0.0000000000000000        0.0000000000000000     
   1.8080000000000012        0.0000000000000000        0.0000000000000000     
   1.8160000000000012        0.0000000000000000        0.0000000000000000     
   1.8240000000000012        0.0000000000000000        0.0000000000000000     
   1.8320000000000012        0.0000000000000000        0.0000000000000000     
   1.8400000000000012        0.0000000000000000        0.0000000000000000     
   1.8480000000000012        0.0000000000000000        0.0000000000000000     
   1.8560000000000012        0.0000000000000000        0.0000000000000000     
   1.8640000000000012        0.0000000000000000        0.0000000000000000     
   1.8720000000000012        0.0000000000000000        0.0000000000000000     
   1.8800000000000012        0.0000000000000000        0.0000000000000000     
   1.8880000000000012        0.0000000000000000        0.0000000000000000     
   1.8960000000000012        0.0000000000000000        0.0000000000000000     
   1.9040000000000012        0.0000000000000000        0.0000000000000000     
   1.9120000000000013        0.0000000000000000        0.0000000000000000     
   1.9200000000000013        0.0000000000000000        0.0000000000000000     
   1.9280000000000013        0.0000000000000000        0.0000000000000000     
   1.9360000000000013        0.0000000000000000        0.0000000000000000     
   1.9440000000000013        0.0000000000000000        0.0000000000000000     
   1.9520000000000013        0.0000000000000000        0.0000000000000000     
   1.9600000000000013        0.0000000000000000        0.0000000000000000     
   1.9680000000000013        0.0000000000000000        0.0000000000000000     
   1.9760000000000013        0.0000000000000000        0.0000000000000000     
   1.9840000000000013        0.0000000000000000        0.0000000000000000     
   1.9920000000000013        0.0000000000000000        0.0000000000000000     
