  0.40000000000000002       0.67119084494638814        3.0462042910058330E-003
  0.40800000000000003       0.69812565783135316        3.1244488943845076E-003
  0.41600000000000004       0.72571350660465817        3.1677494844863006E-003
  0.42400000000000004       0.75287104047070197        3.2106689901212778E-003
  0.43200000000000005       0.79096847730898290        3.3134506237146176E-003
  0.44000000000000006       0.83266680895681366        3.3958995255412442E-003
  0.44800000000000006       0.88865870265363023        3.6308164873254012E-003
  0.45600000000000007       0.95349310100301932        3.6276566414736953E-003
  0.46400000000000008        1.0340882331644394        3.7567490400489036E-003
  0.47200000000000009        1.1615573400383084        4.0045988131388738E-003
  0.48000000000000009        1.3273992664208822        4.2643355412235384E-003
  0.48800000000000010        1.5491801320507725        4.6300699800378474E-003
  0.49600000000000011        1.3336721712495283        4.2093567896716606E-003
  0.50400000000000011       0.56711671687456788        2.6753971425887320E-003
  0.51200000000000012       0.24925041254020355        1.6905857253278172E-003
  0.52000000000000013       0.14177313102696981        1.2364797763616089E-003
  0.52800000000000014        9.1216699457143724E-002   9.7269011545521962E-004
  0.53600000000000014        6.5922369854544347E-002   8.6257535379382147E-004
  0.54400000000000015        4.9390210312962916E-002   6.8914417816014716E-004
  0.55200000000000016        3.6655138057990748E-002   6.2316681215366168E-004
  0.56000000000000016        3.2034724290013493E-002   5.9371461587372101E-004
  0.56800000000000017        2.5860069647724283E-002   4.4024867543032996E-004
  0.57600000000000018        2.1514192853606336E-002   4.4756403203424669E-004
  0.58400000000000019        1.8427342731753581E-002   3.3676036984510015E-004
  0.59200000000000019        1.5882693936732414E-002   3.1222629035019292E-004
  0.60000000000000020        1.4543999622692049E-002   3.6492913752384404E-004
  0.60800000000000021        1.2101156836720953E-002   2.1654616207837315E-004
  0.61600000000000021        1.0590224274565187E-002   1.9521928896182913E-004
  0.62400000000000022        9.2703137843007290E-003   1.7092636850678732E-004
  0.63200000000000023        8.5324650255987171E-003   1.6153616374001403E-004
  0.64000000000000024        7.7310613675479738E-003   1.4430512316929652E-004
  0.64800000000000024        6.8579405759262675E-003   1.2179497890429343E-004
  0.65600000000000025        6.3038612590636247E-003   1.5208300325576010E-004
  0.66400000000000026        5.5866212589469905E-003   1.0213328941764670E-004
  0.67200000000000026        5.0783567179704357E-003   8.8180497733226094E-005
  0.68000000000000027        4.6864457649219288E-003   8.8008834023773860E-005
  0.68800000000000028        4.3939873942661391E-003   8.1351328223866869E-005
  0.69600000000000029        4.0088590344095204E-003   7.9688543079579517E-005
  0.70400000000000029        3.7571539227020038E-003   7.7222276328272859E-005
  0.71200000000000030        3.3271350013354367E-003   7.5675993375579314E-005
  0.72000000000000031        3.2675399815450591E-003   1.0504199356951936E-004
  0.72800000000000031        2.8443836578039934E-003   6.1380165767713140E-005
  0.73600000000000032        2.6878912181572548E-003   5.1985823795163952E-005
  0.74400000000000033        2.5235098339831024E-003   6.4546953508593495E-005
  0.75200000000000033        2.3551602878964443E-003   5.4301252304245219E-005
  0.76000000000000034        2.0785524083006021E-003   4.6232279759688438E-005
  0.76800000000000035        2.1628242571513460E-003   8.5894266102785153E-005
  0.77600000000000036        1.8545527535120258E-003   3.9694829196262024E-005
  0.78400000000000036        1.8187825840256030E-003   4.5245525990635838E-005
  0.79200000000000037        1.5773212211070164E-003   2.8697041312118351E-005
  0.80000000000000038        1.5374898428936880E-003   3.0806512658882755E-005
  0.80800000000000038        1.4198427923731232E-003   2.8684152955885908E-005
  0.81600000000000039        1.3215006601522707E-003   2.6350674642491981E-005
  0.82400000000000040        1.2367246905952314E-003   2.5183451429472043E-005
  0.83200000000000041        1.1598633836794074E-003   2.1660520788419079E-005
  0.84000000000000041        1.0916752876861584E-003   1.9301992068613989E-005
  0.84800000000000042        9.9597589261156026E-004   1.8694498244030158E-005
  0.85600000000000043        9.3252091011161091E-004   1.7144882658051518E-005
  0.86400000000000043        8.8999124502847171E-004   1.5271029501748632E-005
  0.87200000000000044        8.5678735579892333E-004   1.8305660138668916E-005
  0.88000000000000045        8.1315059165639543E-004   1.5509493245284077E-005
  0.88800000000000046        7.4175222616358030E-004   1.3483772418809225E-005
  0.89600000000000046        6.9060016895280333E-004   1.2734769780116661E-005
  0.90400000000000047        6.7223108664703072E-004   1.7191421815107452E-005
  0.91200000000000048        5.9231828266256533E-004   1.0713797814487301E-005
  0.92000000000000048        5.5452429338755701E-004   9.2558050332817650E-006
  0.92800000000000049        5.0751332712211327E-004   8.6585677009433268E-006
  0.93600000000000050        4.7722205077450008E-004   9.0204413830615547E-006
  0.94400000000000051        4.3362449553917010E-004   7.5629229625315040E-006
  0.95200000000000051        4.1183561828611208E-004   7.0900887200046585E-006
  0.96000000000000052        3.8302256818450656E-004   7.4580493953972832E-006
  0.96800000000000053        3.6033311298155137E-004   6.2330217648689102E-006
  0.97600000000000053        3.2992801939007180E-004   5.6834311580068773E-006
  0.98400000000000054        3.0975869389653201E-004   5.7076196287700002E-006
  0.99200000000000044        2.8162975628383984E-004   4.8246761863562675E-006
   1.0000000000000004        2.5974522515410741E-004   4.3354161035251796E-006
   1.0080000000000005        2.4182032708863961E-004   4.4859995302333911E-006
   1.0160000000000005        2.1860382337496377E-004   3.4527335692147700E-006
   1.0240000000000005        1.9629760906841108E-004   3.2846557762394937E-006
   1.0320000000000005        1.8019122341796662E-004   3.0149272128530026E-006
   1.0400000000000005        1.6682089186470823E-004   2.7807505677813113E-006
   1.0480000000000005        1.4641621438095514E-004   2.2207951738662493E-006
   1.0560000000000005        1.3058503889301016E-004   1.9678926152657945E-006
   1.0640000000000005        1.2045072213729807E-004   1.9068097907389766E-006
   1.0720000000000005        1.0800792445395993E-004   3.3353661835812430E-006
   1.0800000000000005        9.5677991096421619E-005   1.4391128372799802E-006
   1.0880000000000005        8.2806769005846313E-005   1.1499547110248991E-006
   1.0960000000000005        7.3566769158760859E-005   1.2428663745771867E-006
   1.1040000000000005        6.3152175033322601E-005   8.6284756377858991E-007
   1.1120000000000005        5.5393719643746629E-005   8.3541071585795140E-007
   1.1200000000000006        4.6427820311505221E-005   6.3604922700121008E-007
   1.1280000000000006        4.0112181055407888E-005   5.3138898431870945E-007
   1.1360000000000006        3.1425416353650942E-005   4.0415809201583544E-007
   1.1440000000000006        2.6053636379790880E-005   3.5987726325188202E-007
   1.1520000000000006        2.0066649502654737E-005   2.6350155024000558E-007
   1.1600000000000006        1.5054643139187467E-005   1.8107874707967513E-007
   1.1680000000000006        1.0992438388332401E-005   1.4027785016824707E-007
   1.1760000000000006        7.0161267734415583E-006   8.0039608444251180E-008
   1.1840000000000006        4.0769177564979973E-006   7.6873862484748121E-008
   1.1920000000000006        1.5744641064314120E-006   1.6060638846144335E-008
   1.2000000000000006        2.1598718576874431E-007   2.6695081249825114E-009
   1.2080000000000006        0.0000000000000000        0.0000000000000000     
   1.2160000000000006        0.0000000000000000        0.0000000000000000     
   1.2240000000000006        0.0000000000000000        0.0000000000000000     
   1.2320000000000007        0.0000000000000000        0.0000000000000000     
   1.2400000000000007        0.0000000000000000        0.0000000000000000     
   1.2480000000000007        0.0000000000000000        0.0000000000000000     
   1.2560000000000007        0.0000000000000000        0.0000000000000000     
   1.2640000000000007        0.0000000000000000        0.0000000000000000     
   1.2720000000000007        0.0000000000000000        0.0000000000000000     
   1.2800000000000007        0.0000000000000000        0.0000000000000000     
   1.2880000000000007        0.0000000000000000        0.0000000000000000     
   1.2960000000000007        0.0000000000000000        0.0000000000000000     
   1.3040000000000007        0.0000000000000000        0.0000000000000000     
   1.3120000000000007        0.0000000000000000        0.0000000000000000     
   1.3200000000000007        0.0000000000000000        0.0000000000000000     
   1.3280000000000007        0.0000000000000000        0.0000000000000000     
   1.3360000000000007        0.0000000000000000        0.0000000000000000     
   1.3440000000000007        0.0000000000000000        0.0000000000000000     
   1.3520000000000008        0.0000000000000000        0.0000000000000000     
   1.3600000000000008        0.0000000000000000        0.0000000000000000     
   1.3680000000000008        0.0000000000000000        0.0000000000000000     
   1.3760000000000008        0.0000000000000000        0.0000000000000000     
   1.3840000000000008        0.0000000000000000        0.0000000000000000     
   1.3920000000000008        0.0000000000000000        0.0000000000000000     
   1.4000000000000008        0.0000000000000000        0.0000000000000000     
   1.4080000000000008        0.0000000000000000        0.0000000000000000     
   1.4160000000000008        0.0000000000000000        0.0000000000000000     
   1.4240000000000008        0.0000000000000000        0.0000000000000000     
   1.4320000000000008        0.0000000000000000        0.0000000000000000     
   1.4400000000000008        0.0000000000000000        0.0000000000000000     
   1.4480000000000008        0.0000000000000000        0.0000000000000000     
   1.4560000000000008        0.0000000000000000        0.0000000000000000     
   1.4640000000000009        0.0000000000000000        0.0000000000000000     
   1.4720000000000009        0.0000000000000000        0.0000000000000000     
   1.4800000000000009        0.0000000000000000        0.0000000000000000     
   1.4880000000000009        0.0000000000000000        0.0000000000000000     
   1.4960000000000009        0.0000000000000000        0.0000000000000000     
   1.5040000000000009        0.0000000000000000        0.0000000000000000     
   1.5120000000000009        0.0000000000000000        0.0000000000000000     
   1.5200000000000009        0.0000000000000000        0.0000000000000000     
   1.5280000000000009        0.0000000000000000        0.0000000000000000     
   1.5360000000000009        0.0000000000000000        0.0000000000000000     
   1.5440000000000009        0.0000000000000000        0.0000000000000000     
   1.5520000000000009        0.0000000000000000        0.0000000000000000     
   1.5600000000000009        0.0000000000000000        0.0000000000000000     
   1.5680000000000009        0.0000000000000000        0.0000000000000000     
   1.5760000000000010        0.0000000000000000        0.0000000000000000     
   1.5840000000000010        0.0000000000000000        0.0000000000000000     
   1.5920000000000010        0.0000000000000000        0.0000000000000000     
   1.6000000000000010        0.0000000000000000        0.0000000000000000     
   1.6080000000000010        0.0000000000000000        0.0000000000000000     
   1.6160000000000010        0.0000000000000000        0.0000000000000000     
   1.6240000000000010        0.0000000000000000        0.0000000000000000     
   1.6320000000000010        0.0000000000000000        0.0000000000000000     
   1.6400000000000010        0.0000000000000000        0.0000000000000000     
   1.6480000000000010        0.0000000000000000        0.0000000000000000     
   1.6560000000000010        0.0000000000000000        0.0000000000000000     
   1.6640000000000010        0.0000000000000000        0.0000000000000000     
   1.6720000000000010        0.0000000000000000        0.0000000000000000     
   1.6800000000000010        0.0000000000000000        0.0000000000000000     
   1.6880000000000011        0.0000000000000000        0.0000000000000000     
   1.6960000000000011        0.0000000000000000        0.0000000000000000     
   1.7040000000000011        0.0000000000000000        0.0000000000000000     
   1.7120000000000011        0.0000000000000000        0.0000000000000000     
   1.7200000000000011        0.0000000000000000        0.0000000000000000     
   1.7280000000000011        0.0000000000000000        0.0000000000000000     
   1.7360000000000011        0.0000000000000000        0.0000000000000000     
   1.7440000000000011        0.0000000000000000        0.0000000000000000     
   1.7520000000000011        0.0000000000000000        0.0000000000000000     
   1.7600000000000011        0.0000000000000000        0.0000000000000000     
   1.7680000000000011        0.0000000000000000        0.0000000000000000     
   1.7760000000000011        0.0000000000000000        0.0000000000000000     
   1.7840000000000011        0.0000000000000000        0.0000000000000000     
   1.7920000000000011        0.0000000000000000        0.0000000000000000     
   1.8000000000000012        0.0000000000000000        0.0000000000000000     
   1.8080000000000012        0.0000000000000000        0.0000000000000000     
   1.8160000000000012        0.0000000000000000        0.0000000000000000     
   1.8240000000000012        0.0000000000000000        0.0000000000000000     
   1.8320000000000012        0.0000000000000000        0.0000000000000000     
   1.8400000000000012        0.0000000000000000        0.0000000000000000     
   1.8480000000000012        0.0000000000000000        0.0000000000000000     
   1.8560000000000012        0.0000000000000000        0.0000000000000000     
   1.8640000000000012        0.0000000000000000        0.0000000000000000     
   1.8720000000000012        0.0000000000000000        0.0000000000000000     
   1.8800000000000012        0.0000000000000000        0.0000000000000000     
   1.8880000000000012        0.0000000000000000        0.0000000000000000     
   1.8960000000000012        0.0000000000000000        0.0000000000000000     
   1.9040000000000012        0.0000000000000000        0.0000000000000000     
   1.9120000000000013        0.0000000000000000        0.0000000000000000     
   1.9200000000000013        0.0000000000000000        0.0000000000000000     
   1.9280000000000013        0.0000000000000000        0.0000000000000000     
   1.9360000000000013        0.0000000000000000        0.0000000000000000     
   1.9440000000000013        0.0000000000000000        0.0000000000000000     
   1.9520000000000013        0.0000000000000000        0.0000000000000000     
   1.9600000000000013        0.0000000000000000        0.0000000000000000     
   1.9680000000000013        0.0000000000000000        0.0000000000000000     
   1.9760000000000013        0.0000000000000000        0.0000000000000000     
   1.9840000000000013        0.0000000000000000        0.0000000000000000     
   1.9920000000000013        0.0000000000000000        0.0000000000000000     
