   0.0000000000000000       0.10979519829648360        1.8360550531018317E-004
  0.50000000000000000        1.3049319509871352E-002   6.1856777097287112E-005
   1.0000000000000000        7.6773764033095833E-003   4.5240680230251399E-005
   1.5000000000000000        5.5528087690967492E-003   3.8259403283516656E-005
   2.0000000000000000        4.2340442148131987E-003   3.2726251070024368E-005
   2.5000000000000000        3.3639863999601217E-003   2.8972062728760974E-005
   3.0000000000000000        2.8887136859597571E-003   2.7528213022155577E-005
   3.5000000000000000        2.4862589848123973E-003   2.5441867857398934E-005
   4.0000000000000000        2.1260120142074413E-003   2.3552595461799512E-005
   4.5000000000000000        1.8859875410349913E-003   2.2657032379944307E-005
   5.0000000000000000        1.6697786816427594E-003   2.0657198131229477E-005
   5.5000000000000000        1.5109129696088827E-003   2.0409126757438829E-005
   6.0000000000000000        1.3760748554022357E-003   1.9222902783258170E-005
   6.5000000000000000        1.2476511416234840E-003   1.9196860059751686E-005
   7.0000000000000000        1.1603376676099634E-003   1.8836625534320706E-005
   7.5000000000000000        1.0400398359199641E-003   1.7146043065513928E-005
   8.0000000000000000        9.6757008466935189E-004   1.6371045468066727E-005
   8.5000000000000000        9.2511164212077230E-004   1.6440849770514228E-005
   9.0000000000000000        8.3274700259880897E-004   1.7359334856651834E-005
   9.5000000000000000        7.7224995474840894E-004   1.5318755878912465E-005
   10.000000000000000        7.1016161587337374E-004   1.4845499399358219E-005
   10.500000000000000        6.6104262576709377E-004   1.3946243602113003E-005
   11.000000000000000        6.3174125416619038E-004   1.4024684828300161E-005
   11.500000000000000        5.9512971559896259E-004   1.4470689662442386E-005
   12.000000000000000        5.3081788661299759E-004   1.2552683543656109E-005
   12.500000000000000        5.1215797594411432E-004   1.2368608093802462E-005
   13.000000000000000        5.0400153093363323E-004   1.5120282782609902E-005
   13.500000000000000        4.3735039930637511E-004   1.1342818303687192E-005
   14.000000000000000        4.3990917859973433E-004   1.2806331983448777E-005
   14.500000000000000        4.0614419160988290E-004   1.2374590227582213E-005
   15.000000000000000        3.7484052438055654E-004   1.0470794163064974E-005
   15.500000000000000        3.4469676597189688E-004   1.1176969053312909E-005
   16.000000000000000        3.2183191826718160E-004   1.6355498300504776E-005
   16.500000000000000        3.1572352623991109E-004   1.0272501873665767E-005
   17.000000000000000        2.9375883427449457E-004   1.0533430947950970E-005
   17.500000000000000        2.4879011472921553E-004   8.7026604428621991E-006
   18.000000000000000        2.6151425724692365E-004   9.4955431158991710E-006
   18.500000000000000        2.1426048260393511E-004   7.8899322885500266E-006
   19.000000000000000        2.1862032594021190E-004   8.4556881156263584E-006
   19.500000000000000        1.8314082945273502E-004   7.0439153350574338E-006
   20.000000000000000        1.9955165932696888E-004   1.1610563742312439E-005
   20.500000000000000        1.5943972267043973E-004   6.7766647677164879E-006
   21.000000000000000        1.4031840002672380E-004   6.3074389064507048E-006
   21.500000000000000        1.2880955196128781E-004   5.8299781808199272E-006
   22.000000000000000        1.3143171678600034E-004   7.9715162405069470E-006
   22.500000000000000        1.1280060888359607E-004   6.2116877259047451E-006
   23.000000000000000        1.1367506974996749E-004   6.1690530865595138E-006
   23.500000000000000        1.1015936477604582E-004   6.8166230797389317E-006
   24.000000000000000        9.3511885333407666E-005   5.3895749846802199E-006
   24.500000000000000        8.4434489727656362E-005   4.8517207562683053E-006
   25.000000000000000        8.1501655772677254E-005   7.2857388900898649E-006
   25.500000000000000        7.5741568210161789E-005   5.9687622484685123E-006
   26.000000000000000        6.5457757265508187E-005   4.2575028601099560E-006
   26.500000000000000        5.4076131974141856E-005   3.9733959597692366E-006
   27.000000000000000        5.5552806942204550E-005   7.6079629536511799E-006
   27.500000000000000        4.4677201019526287E-005   2.9599028155190258E-006
   28.000000000000000        5.0822323555933967E-005   4.0419661390761369E-006
   28.500000000000000        4.1248738393908662E-005   3.8970177734263516E-006
   29.000000000000000        4.0343809245259348E-005   2.9859733867236394E-006
   29.500000000000000        3.7105982426062117E-005   2.9805329508940437E-006
   30.000000000000000        3.3428785167847540E-005   2.7258160573838909E-006
   30.500000000000000        3.0611950994704814E-005   2.7007753706262524E-006
   31.000000000000000        3.1029313691343650E-005   3.4863441375900972E-006
   31.500000000000000        2.9391971889125402E-005   3.0803779458455004E-006
   32.000000000000000        2.3267013400030176E-005   3.1298944272190327E-006
   32.500000000000000        2.0259115255910962E-005   1.4788979716029503E-006
   33.000000000000000        2.3815290384641918E-005   2.4111294586574043E-006
   33.500000000000000        2.0696291038363588E-005   2.0879846467306148E-006
   34.000000000000000        2.1912346637015020E-005   2.5074561513094262E-006
   34.500000000000000        2.1918302240776886E-005   3.2765328045687965E-006
   35.000000000000000        1.6844746839702176E-005   1.8222851546941099E-006
   35.500000000000000        1.2219964515367035E-005   1.0727075443365666E-006
   36.000000000000000        1.4305777197466678E-005   1.1891370675525660E-006
   36.500000000000000        1.7150053026702688E-005   2.3068120400356272E-006
   37.000000000000000        1.8565052944054850E-005   3.0260294186744137E-006
   37.500000000000000        1.1872007511481533E-005   8.9638920261604030E-007
   38.000000000000000        1.1860413311498709E-005   1.0580125319272390E-006
   38.500000000000000        1.1287945672660101E-005   8.7732697552333557E-007
   39.000000000000000        9.2817384021887500E-006   8.0054888760210913E-007
   39.500000000000000        9.8509729444474785E-006   9.3703020212515014E-007
   40.000000000000000        9.5365594748154679E-006   9.1162809127076946E-007
   40.500000000000000        9.7758442709764269E-006   1.1938519833316324E-006
   41.000000000000000        8.8886417398635745E-006   1.3536841487328696E-006
   41.500000000000000        7.6079118486860029E-006   6.7126061398626747E-007
   42.000000000000000        8.7283828156079640E-006   7.9257632043131988E-007
   42.500000000000000        7.5033871661858740E-006   5.8929493216546985E-007
   43.000000000000000        7.1106644652977089E-006   7.5460710564771274E-007
   43.500000000000000        8.1413103688114506E-006   9.2629416525008705E-007
   44.000000000000000        6.7949226996532761E-006   5.8016634188459902E-007
   44.500000000000000        5.4916510716092093E-006   3.8259084559031858E-007
   45.000000000000000        6.0835953118891348E-006   6.8486098342043330E-007
   45.500000000000000        5.9606544069130934E-006   6.8095826989652439E-007
   46.000000000000000        5.4565789425117032E-006   4.4360573429398843E-007
   46.500000000000000        5.3955844952295890E-006   3.4317726636635182E-007
   47.000000000000000        5.4218761850751479E-006   4.3292429640240498E-007
   47.500000000000000        5.9314902632979996E-006   8.1050563025623128E-007
   48.000000000000000        4.3984215718191813E-006   2.2344445345071849E-007
   48.500000000000000        4.7442042541416152E-006   5.0725748118774075E-007
   49.000000000000000        4.4945483796392204E-006   2.2557198959905869E-007
   49.500000000000000        4.0700411617516212E-006   1.9742648929813880E-007
   50.000000000000000        3.9491663803001349E-006   1.8875128067156679E-007
   50.500000000000000        4.2812736605293784E-006   3.7253301879032012E-007
   51.000000000000000        3.8229591361140526E-006   2.4190847137143685E-007
   51.500000000000000        3.4487743689167519E-006   1.6046324999100425E-007
   52.000000000000000        3.6181045998413125E-006   2.5785284535379448E-007
   52.500000000000000        3.3727020444207006E-006   1.6111988074506240E-007
   53.000000000000000        3.8723695084880370E-006   5.6641373791485758E-007
   53.500000000000000        3.1926250044329488E-006   1.8666063936761163E-007
   54.000000000000000        3.2157307917442544E-006   1.4296008666914345E-007
   54.500000000000000        2.8584018821757329E-006   1.3510531657395736E-007
   55.000000000000000        3.7922309279707539E-006   6.3135853261018605E-007
   55.500000000000000        3.0671850117807471E-006   1.5659144276668114E-007
   56.000000000000000        3.0763252099678880E-006   3.4538977393039880E-007
   56.500000000000000        3.1396391077821350E-006   2.1509248254740916E-007
   57.000000000000000        2.8152069105100380E-006   1.4724108509607556E-007
   57.500000000000000        2.4127413822620624E-006   1.1877925632625330E-007
   58.000000000000000        2.3710750632312060E-006   9.3577349884788223E-008
   58.500000000000000        2.1601605600043200E-006   7.2581035235766328E-008
   59.000000000000000        2.5575022371270643E-006   3.9709378420368848E-007
   59.500000000000000        2.3100444071829970E-006   9.4928363082680681E-008
   60.000000000000000        2.3099931854898634E-006   1.8188705131696022E-007
   60.500000000000000        2.1208460506892447E-006   1.2172191801022962E-007
   61.000000000000000        2.1577528833188979E-006   1.2739214520504979E-007
   61.500000000000000        1.9720183728668671E-006   6.8169129484280034E-008
   62.000000000000000        1.7836029216544285E-006   6.5386340948777622E-008
   62.500000000000000        1.9765893677130411E-006   8.6979234032997839E-008
   63.000000000000000        1.7639187873536513E-006   7.0406439427347067E-008
   63.500000000000000        1.9787363675628438E-006   1.6417568690149762E-007
   64.000000000000000        1.7706526046600145E-006   7.7296108270974589E-008
   64.500000000000000        1.6949951797321669E-006   7.1016361362753432E-008
   65.000000000000000        1.6657157777783089E-006   5.6047465179732230E-008
   65.500000000000000        1.5377591126928925E-006   5.9221436354577982E-008
   66.000000000000000        1.3921991132786673E-006   1.3225813436028822E-007
   66.500000000000000        1.5679114010030419E-006   6.9180902352196092E-008
   67.000000000000000        1.4872425184910563E-006   4.6499382711751391E-008
   67.500000000000000        1.4330708210343036E-006   5.4022251093161292E-008
   68.000000000000000        1.4313048976989244E-006   4.9929810348188772E-008
   68.500000000000000        1.2301885006359169E-006   3.9112118994825239E-008
   69.000000000000000        1.3021320248971241E-006   8.3409574550501582E-008
   69.500000000000000        1.2764674602427456E-006   5.1389824825380538E-008
   70.000000000000000        1.1470763849649629E-006   5.5997262385738128E-008
   70.500000000000000        1.1578575573121262E-006   3.7754476334375237E-008
   71.000000000000000        1.2223703708739542E-006   3.6701396793472896E-008
   71.500000000000000        1.0746622726219452E-006   3.3153850290123044E-008
   72.000000000000000        9.7388240591282573E-007   6.2584829643665805E-008
   72.500000000000000        1.0009465252476704E-006   3.3474278174369787E-008
   73.000000000000000        1.0038485929200808E-006   3.1445043355490350E-008
   73.500000000000000        9.7577479456484041E-007   2.7640573921119890E-008
   74.000000000000000        9.8803799848037006E-007   1.2580137130500028E-007
   74.500000000000000        8.7252871915648352E-007   3.3690687189266683E-008
   75.000000000000000        8.9555814458021751E-007   2.6142204568070272E-008
   75.500000000000000        8.1221325104462692E-007   2.6670319549202709E-008
   76.000000000000000        8.2790296184070698E-007   2.1262429426585059E-008
   76.500000000000000        7.3088692637978964E-007   2.5035413909036925E-008
   77.000000000000000        7.5641138579051910E-007   2.3065060435090389E-008
   77.500000000000000        7.1923511362701162E-007   2.0453413197259253E-008
   78.000000000000000        6.7663829031169668E-007   1.7056267184900053E-008
   78.500000000000000        6.3720915582638682E-007   2.5259139877719094E-008
   79.000000000000000        6.1390226991446697E-007   1.5706485713142738E-008
   79.500000000000000        5.8768338449208842E-007   1.8756415002592909E-008
   80.000000000000000        5.3997465093630500E-007   1.4727981457233628E-008
   80.500000000000000        5.2595512921131100E-007   1.3927833254819695E-008
   81.000000000000000        5.2131244707827615E-007   1.2448524200319522E-008
   81.500000000000000        4.5147235514034174E-007   1.0652592775944160E-008
   82.000000000000000        4.4391533855835083E-007   1.1367323107465818E-008
   82.500000000000000        4.9702725647673603E-007   5.9052389806454907E-008
   83.000000000000000        4.1945289911103622E-007   1.2779491437813578E-008
   83.500000000000000        3.7787433718777735E-007   1.0147751952622089E-008
   84.000000000000000        3.6006735519001459E-007   1.0400376939674820E-008
   84.500000000000000        3.3568427134518915E-007   7.3719636288389843E-009
   85.000000000000000        2.9482621798384369E-007   6.1959606747231038E-009
   85.500000000000000        2.6687047713798166E-007   8.0771686225672764E-009
   86.000000000000000        2.4443390970353383E-007   6.7769799539928127E-009
   86.500000000000000        2.2096589413948990E-007   6.2409730078834894E-009
   87.000000000000000        2.0467536337854971E-007   9.5903430092706039E-009
   87.500000000000000        1.7769876116886922E-007   3.6522554414041742E-009
   88.000000000000000        1.5172470200441338E-007   5.2655180252199850E-009
   88.500000000000000        1.2539840932881525E-007   3.4573366826404822E-009
   89.000000000000000        9.8853863810650300E-008   2.7142413834320773E-009
   89.500000000000000        7.8768388803731841E-008   2.5660450665799469E-009
   90.000000000000000        6.3228878507399004E-008   2.2794120797890675E-009
   90.500000000000000        3.3458190951305028E-008   6.5972398665626769E-009
   91.000000000000000        2.2695141551417030E-008   1.3941047137807976E-009
   91.500000000000000        1.9330475348334389E-008   2.7158988025044015E-009
   92.000000000000000        1.4769327444613700E-008   2.3722085524932290E-009
   92.500000000000000        1.5365147961075593E-008   3.7825735038786106E-009
   93.000000000000000        6.9925780216060251E-009   1.4442306455345518E-009
   93.500000000000000        9.1821371676378273E-009   2.4016711118581490E-009
   94.000000000000000        5.4563419813025484E-009   1.4543341714091157E-009
   94.500000000000000        6.2186790169340104E-009   1.2436580202166251E-009
   95.000000000000000        6.8663943245357147E-009   2.2179393919186548E-009
   95.500000000000000        4.6263173847560488E-009   1.9013848162853348E-009
   96.000000000000000        9.3793975997792852E-009   5.7380583479594962E-009
   96.500000000000000        4.5127399040004599E-009   1.5965229043266731E-009
   97.000000000000000        2.6113681253218875E-009   5.5843039090177688E-010
   97.500000000000000        3.9724783694669515E-009   1.1910351894089391E-009
   98.000000000000000        1.0078090331969892E-008   1.0936145303778769E-008
   98.500000000000000        1.7305165905537904E-009   5.0698663268025172E-010
   99.000000000000000        1.4575817161000126E-009   3.9914815447335350E-010
   99.500000000000000        6.0383572168529242E-010   2.4588157265984558E-010
