 -0.50000000000000000        9.9444941061060374E-002   1.4388620041848059E-003
 -0.49500000000000000        9.6871757449710869E-002   1.3829806349476678E-003
 -0.48999999999999999        9.9028560530140738E-002   1.4359654393088881E-003
 -0.48499999999999999        9.9857912359401793E-002   1.4077639565617348E-003
 -0.47999999999999998       0.10149162521765158        1.4336950938338270E-003
 -0.47499999999999998       0.10032049793334298        1.4065618747488608E-003
 -0.46999999999999997        9.9123244830677359E-002   1.4041157489579550E-003
 -0.46499999999999997        9.8442816258171639E-002   1.4976550457186588E-003
 -0.45999999999999996        9.9813732445629633E-002   1.3843834997663306E-003
 -0.45499999999999996        9.8096324164408458E-002   1.3782607505756740E-003
 -0.44999999999999996        9.8898299989770649E-002   1.3661351537935713E-003
 -0.44499999999999995        9.5902458372415442E-002   1.3239132408682166E-003
 -0.43999999999999995        9.6845526430410805E-002   1.3376276730184317E-003
 -0.43499999999999994        9.7284532348231714E-002   1.3402844760997624E-003
 -0.42999999999999994        9.5808489328498253E-002   1.3324235579285778E-003
 -0.42499999999999993        9.7812550608281257E-002   1.3236176188074565E-003
 -0.41999999999999993        9.8099239780808589E-002   1.4158777910890006E-003
 -0.41499999999999992        9.5839167680297890E-002   1.3081206254264247E-003
 -0.40999999999999992        9.5288390259941277E-002   1.3018436093669571E-003
 -0.40499999999999992        9.7223495339651647E-002   1.3681853975505791E-003
 -0.39999999999999991        9.7594900549308611E-002   1.3388510515119458E-003
 -0.39499999999999991        9.5379998315919576E-002   1.3148394883704959E-003
 -0.38999999999999990        9.7382358822134751E-002   1.3607699279982099E-003
 -0.38499999999999990        9.3169621993431567E-002   1.2768948733425014E-003
 -0.37999999999999989        9.7217275999000194E-002   1.3173557612548522E-003
 -0.37499999999999989        9.6095677969346288E-002   1.3144086962607504E-003
 -0.36999999999999988        9.4563534373391697E-002   1.3050678208340937E-003
 -0.36499999999999988        9.5700997965898232E-002   1.3355071535060322E-003
 -0.35999999999999988        9.5143414160017953E-002   1.2931182732295085E-003
 -0.35499999999999987        9.2736248779760375E-002   1.2695201351903250E-003
 -0.34999999999999987        9.3496629859027708E-002   1.2749785319349797E-003
 -0.34499999999999986        9.3737709166954356E-002   1.2505060785481285E-003
 -0.33999999999999986        9.4242973520971343E-002   1.2667043931235461E-003
 -0.33499999999999985        9.4308538320777638E-002   1.2560497066745099E-003
 -0.32999999999999985        9.3239419639180476E-002   1.2595188292449499E-003
 -0.32499999999999984        9.3157280612402846E-002   1.2409848257960148E-003
 -0.31999999999999984        9.4894192269739858E-002   1.2565682852896383E-003
 -0.31499999999999984        9.0875331159411737E-002   1.2136706545453082E-003
 -0.30999999999999983        9.3317467877968269E-002   1.2627335212806118E-003
 -0.30499999999999983        9.1331660162071837E-002   1.2324536832607105E-003
 -0.29999999999999982        9.0809816818663264E-002   1.2382769618740294E-003
 -0.29499999999999982        9.3578577687131570E-002   1.2650639226954670E-003
 -0.28999999999999981        9.1437112235074489E-002   1.2354480620880280E-003
 -0.28499999999999981        9.4657279898477067E-002   1.2561307298180867E-003
 -0.27999999999999980        9.4114370091825217E-002   1.2520790897674495E-003
 -0.27499999999999980        9.1618478368295814E-002   1.2224017625843311E-003
 -0.26999999999999980        9.2672486199496182E-002   1.2364162224550363E-003
 -0.26499999999999979        9.0865849432387957E-002   1.2432648804313442E-003
 -0.25999999999999979        9.1063500932874325E-002   1.2065178130882504E-003
 -0.25499999999999978        8.9925101346179329E-002   1.1777244558177297E-003
 -0.24999999999999978        8.9750520741366926E-002   1.1696794491768943E-003
 -0.24499999999999977        9.0851991291067441E-002   1.1725645156421935E-003
 -0.23999999999999977        9.2164200807972163E-002   1.2133070196445202E-003
 -0.23499999999999976        8.9824907425543762E-002   1.1883988549475464E-003
 -0.22999999999999976        9.0668547079693046E-002   1.1936007698271855E-003
 -0.22499999999999976        9.0574411281454492E-002   1.1948868090667967E-003
 -0.21999999999999975        9.2371883202534422E-002   1.2169774295093421E-003
 -0.21499999999999975        9.2377011893749722E-002   1.1927893043494225E-003
 -0.20999999999999974        9.2265026483015475E-002   1.2296266221177832E-003
 -0.20499999999999974        9.1579522738484173E-002   1.1973805604145159E-003
 -0.19999999999999973        9.2686787662613290E-002   1.2544298587618176E-003
 -0.19499999999999973        9.0986751708703295E-002   1.1714529318851590E-003
 -0.18999999999999972        8.9478748094047184E-002   1.1637656287216112E-003
 -0.18499999999999972        8.7339610702298495E-002   1.1665580469295842E-003
 -0.17999999999999972        9.1075571695466456E-002   1.1924569957332102E-003
 -0.17499999999999971        9.0063040806580674E-002   1.1752220409028038E-003
 -0.16999999999999971        9.1126345073997445E-002   1.1679391163815079E-003
 -0.16499999999999970        8.9139208884439103E-002   1.1489282771547605E-003
 -0.15999999999999970        8.8776262094374170E-002   1.1726754766516803E-003
 -0.15499999999999969        9.1077939185203780E-002   1.1688672160368764E-003
 -0.14999999999999969        9.1746498650112487E-002   1.4975441545406107E-003
 -0.14499999999999968        8.9462482770238147E-002   1.1497293701981520E-003
 -0.13999999999999968        8.8497772741512590E-002   1.1456746965947254E-003
 -0.13499999999999968        8.8634161802784231E-002   1.1461149762486719E-003
 -0.12999999999999967        9.0193173574200342E-002   1.1531662829365207E-003
 -0.12499999999999967        9.0893635685812393E-002   1.1758767518433026E-003
 -0.11999999999999966        9.0968819197664183E-002   1.1698803250048077E-003
 -0.11499999999999966        9.0757485154749074E-002   1.1604988576109322E-003
 -0.10999999999999965        9.0402902641218752E-002   1.1585944400625684E-003
 -0.10499999999999965        8.9822854322294046E-002   1.1881743207000502E-003
  -9.9999999999999645E-002   9.2168390118091040E-002   1.3259507737071851E-003
  -9.4999999999999640E-002   8.9297775836465323E-002   1.1544008855042618E-003
  -8.9999999999999636E-002   8.9294504602999467E-002   1.1870976053531194E-003
  -8.4999999999999631E-002   9.0107591640204210E-002   1.1486367130147488E-003
  -7.9999999999999627E-002   8.7460438497707557E-002   1.1277268729604558E-003
  -7.4999999999999623E-002   8.8356500364058913E-002   1.1774739606151762E-003
  -6.9999999999999618E-002   8.9730114316424692E-002   1.1284151966550651E-003
  -6.4999999999999614E-002   8.9981937084811656E-002   1.1501643746040405E-003
  -5.9999999999999616E-002   8.8954086557749820E-002   1.1381669709388403E-003
  -5.4999999999999619E-002   8.8043474344818393E-002   1.1387700218585815E-003
  -4.9999999999999621E-002   8.7883182197256243E-002   1.1397270282139695E-003
  -4.4999999999999624E-002   8.7666357428857311E-002   1.1322340799654333E-003
  -3.9999999999999626E-002   9.0713546450481158E-002   1.1636118916892211E-003
  -3.4999999999999629E-002   8.9537778745419322E-002   1.1355489136789200E-003
  -2.9999999999999628E-002   8.8556600164636165E-002   1.1454270226361237E-003
  -2.4999999999999627E-002   8.9889128838026175E-002   1.1612624093902781E-003
  -1.9999999999999626E-002   8.9981659264432703E-002   1.1473448821329346E-003
  -1.4999999999999625E-002   8.8882215816800322E-002   1.1361033767496914E-003
  -9.9999999999996238E-003   9.2028560188584990E-002   1.1589846330388269E-003
  -4.9999999999996237E-003   8.9189609054604102E-002   1.1355471105068532E-003
   3.7643499428696714E-016   9.0039710846804968E-002   1.1490193278927171E-003
   5.0000000000003765E-003   8.9013387198666902E-002   1.1299374691269427E-003
   1.0000000000000377E-002   8.9411216545923586E-002   1.1567406164166307E-003
   1.5000000000000378E-002   9.0423942190569082E-002   1.1632219693434361E-003
   2.0000000000000379E-002   9.0226094347055891E-002   1.2105828453783819E-003
   2.5000000000000380E-002   8.9416177992946988E-002   1.1338744388492484E-003
   3.0000000000000377E-002   8.9767589049310079E-002   1.1619650899244915E-003
   3.5000000000000378E-002   8.9143555691405821E-002   1.1422225772654850E-003
   4.0000000000000376E-002   9.0277635098845149E-002   1.1609058726602291E-003
   4.5000000000000373E-002   8.7906091238540401E-002   1.1248092741478158E-003
   5.0000000000000371E-002   9.0471602514161822E-002   1.1701414746693604E-003
   5.5000000000000368E-002   8.9164933815703409E-002   1.1646457151043474E-003
   6.0000000000000366E-002   8.8461967822286575E-002   1.1394994327518450E-003
   6.5000000000000363E-002   8.9769016514253952E-002   1.1646458642433823E-003
   7.0000000000000367E-002   8.8329614661537353E-002   1.1392878093199883E-003
   7.5000000000000372E-002   8.9865919723452509E-002   1.1654210501768419E-003
   8.0000000000000376E-002   8.6932448918845190E-002   1.1208731103835800E-003
   8.5000000000000381E-002   8.7687912853830388E-002   1.1228098634562113E-003
   9.0000000000000385E-002   8.9644458831866350E-002   1.1403702121215611E-003
   9.5000000000000390E-002   8.9145579568046598E-002   1.1604322161795832E-003
  0.10000000000000039        8.8841239915675080E-002   1.1385269310368736E-003
  0.10500000000000040        9.1273532607657151E-002   1.1778307068357951E-003
  0.11000000000000040        8.9578595937740257E-002   1.1437882478037523E-003
  0.11500000000000041        9.1354256452523125E-002   1.1929529500110782E-003
  0.12000000000000041        8.8929013085750241E-002   1.1616186155175320E-003
  0.12500000000000042        8.9002692536675962E-002   1.1237453519295643E-003
  0.13000000000000042        9.0367248130940825E-002   1.1778732237174418E-003
  0.13500000000000043        8.7849595262479721E-002   1.1352219857243167E-003
  0.14000000000000043        9.2233107577150780E-002   1.2140945376798897E-003
  0.14500000000000043        8.8779349326340240E-002   1.1590082146502186E-003
  0.15000000000000044        9.0785532878636804E-002   1.1746864020876233E-003
  0.15500000000000044        9.2125832625715956E-002   1.1994887611553016E-003
  0.16000000000000045        8.8229461210633145E-002   1.1496815361122785E-003
  0.16500000000000045        8.9162469949783746E-002   1.1891706743085942E-003
  0.17000000000000046        8.9139172189217256E-002   1.1475292542592521E-003
  0.17500000000000046        9.0417928260649885E-002   1.1620819541820764E-003
  0.18000000000000047        8.9639677760846276E-002   1.1836718979417807E-003
  0.18500000000000047        9.2184599033801329E-002   1.1840670760720792E-003
  0.19000000000000047        8.9873717025690594E-002   1.1901860540531363E-003
  0.19500000000000048        9.0544992274512306E-002   1.1915218104726600E-003
  0.20000000000000048        9.2041470627309330E-002   1.2036128166551068E-003
  0.20500000000000049        9.1647944071170231E-002   1.2250051451380916E-003
  0.21000000000000049        9.1921585962647087E-002   1.2202266418742573E-003
  0.21500000000000050        9.1521237266412800E-002   1.1865224882682344E-003
  0.22000000000000050        8.9883057121607393E-002   1.2182741374649989E-003
  0.22500000000000051        9.0697151385581209E-002   1.1909417195442205E-003
  0.23000000000000051        9.1292219709109973E-002   1.1937727303872937E-003
  0.23500000000000051        9.0634502101473974E-002   1.1917219973761630E-003
  0.24000000000000052        9.1628123851083182E-002   1.2022886653039497E-003
  0.24500000000000050        9.0303104066245893E-002   1.2015462940156807E-003
  0.25000000000000050        9.2500318424215550E-002   1.2262623858030819E-003
  0.25500000000000050        9.0262820358696649E-002   1.1989081637358886E-003
  0.26000000000000051        8.8602045900664991E-002   1.1673289159473766E-003
  0.26500000000000051        9.2767449832934085E-002   1.2617703259379101E-003
  0.27000000000000052        9.0129442650719607E-002   1.1819477426896240E-003
  0.27500000000000052        9.1307618394180667E-002   1.2060903100903301E-003
  0.28000000000000053        9.1607308720498243E-002   1.2121257933570932E-003
  0.28500000000000053        9.4927339143161399E-002   1.2857575523324391E-003
  0.29000000000000054        9.2943226889120378E-002   1.2183292778879609E-003
  0.29500000000000054        9.3579738929694220E-002   1.2276095060101417E-003
  0.30000000000000054        9.2007021166874564E-002   1.2235261312478281E-003
  0.30500000000000055        9.2591189104043181E-002   1.2386559624127024E-003
  0.31000000000000055        9.4191273723845129E-002   1.2900233467911066E-003
  0.31500000000000056        9.3179778777285047E-002   1.2489084642585946E-003
  0.32000000000000056        9.4588179170571524E-002   1.2670910010035073E-003
  0.32500000000000057        9.3037703522631826E-002   1.2436363852011247E-003
  0.33000000000000057        9.2497225365723995E-002   1.2169458306971962E-003
  0.33500000000000058        9.1847725109635167E-002   1.2194684165193900E-003
  0.34000000000000058        9.4962340058633993E-002   1.2860962991321030E-003
  0.34500000000000058        9.3835065075918059E-002   1.2556783286755233E-003
  0.35000000000000059        9.5009922942659711E-002   1.3220347721627607E-003
  0.35500000000000059        9.5028606761574916E-002   1.2721943577761971E-003
  0.36000000000000060        9.2503043961589329E-002   1.2736329987268393E-003
  0.36500000000000060        9.5325411866563334E-002   1.3110417629839178E-003
  0.37000000000000061        9.4464249150893187E-002   1.3224651574047128E-003
  0.37500000000000061        9.6605971172263397E-002   1.3424876054340985E-003
  0.38000000000000062        9.3715290355572620E-002   1.2743665776487163E-003
  0.38500000000000062        9.7106256089312046E-002   1.3530921222093518E-003
  0.39000000000000062        9.8335435550631151E-002   1.5105945593135064E-003
  0.39500000000000063        9.5918424902234109E-002   1.3131894137360812E-003
  0.40000000000000063        9.7182844705377705E-002   1.5675042577168587E-003
  0.40500000000000064        9.8309708007900981E-002   1.3454456476524660E-003
  0.41000000000000064        9.6477596971320911E-002   1.3439521249109325E-003
  0.41500000000000065        9.7040891374210347E-002   1.3259746734374930E-003
  0.42000000000000065        9.6488158096465632E-002   1.3350147479210684E-003
  0.42500000000000066        9.4820477252844607E-002   1.3024882305986037E-003
  0.43000000000000066        9.8816757648353001E-002   1.3600318661556937E-003
  0.43500000000000066        9.7027782442525690E-002   1.3512487539707066E-003
  0.44000000000000067        9.7091848318288404E-002   1.4100319367192707E-003
  0.44500000000000067        9.6604639544641865E-002   1.3707135499467517E-003
  0.45000000000000068        9.9197165294239650E-002   1.3979081414363282E-003
  0.45500000000000068        9.8223850774245836E-002   1.4075999878248725E-003
  0.46000000000000069        9.9968438945500560E-002   1.3973392645611610E-003
  0.46500000000000069        9.8057904460377432E-002   1.4047698941790606E-003
  0.47000000000000069        9.8051974669355529E-002   1.4020259126126373E-003
  0.47500000000000070        9.7382934459286488E-002   1.4063994649617753E-003
  0.48000000000000070       0.10099754947606401        1.4087078297615799E-003
  0.48500000000000071        9.8072307511461135E-002   1.3685982996660630E-003
  0.49000000000000071        9.9066622746263516E-002   1.3990733628502186E-003
  0.49500000000000066       0.10225933622749594        1.4453197548698034E-003
