   40.000000000000000        0.0000000000000000        0.0000000000000000     
   40.299999999999997        0.0000000000000000        0.0000000000000000     
   40.599999999999994        0.0000000000000000        0.0000000000000000     
   40.899999999999991        0.0000000000000000        0.0000000000000000     
   41.199999999999989        0.0000000000000000        0.0000000000000000     
   41.499999999999986        0.0000000000000000        0.0000000000000000     
   41.799999999999983        0.0000000000000000        0.0000000000000000     
   42.099999999999980        0.0000000000000000        0.0000000000000000     
   42.399999999999977        0.0000000000000000        0.0000000000000000     
   42.699999999999974        0.0000000000000000        0.0000000000000000     
   42.999999999999972        0.0000000000000000        0.0000000000000000     
   43.299999999999969        0.0000000000000000        0.0000000000000000     
   43.599999999999966        0.0000000000000000        0.0000000000000000     
   43.899999999999963        0.0000000000000000        0.0000000000000000     
   44.199999999999960        0.0000000000000000        0.0000000000000000     
   44.499999999999957        0.0000000000000000        0.0000000000000000     
   44.799999999999955        0.0000000000000000        0.0000000000000000     
   45.099999999999952        0.0000000000000000        0.0000000000000000     
   45.399999999999949        0.0000000000000000        0.0000000000000000     
   45.699999999999946        0.0000000000000000        0.0000000000000000     
   45.999999999999943        0.0000000000000000        0.0000000000000000     
   46.299999999999940        0.0000000000000000        0.0000000000000000     
   46.599999999999937        0.0000000000000000        0.0000000000000000     
   46.899999999999935        0.0000000000000000        0.0000000000000000     
   47.199999999999932        0.0000000000000000        0.0000000000000000     
   47.499999999999929        0.0000000000000000        0.0000000000000000     
   47.799999999999926        0.0000000000000000        0.0000000000000000     
   48.099999999999923        0.0000000000000000        0.0000000000000000     
   48.399999999999920        0.0000000000000000        0.0000000000000000     
   48.699999999999918        0.0000000000000000        0.0000000000000000     
   48.999999999999915        0.0000000000000000        0.0000000000000000     
   49.299999999999912        0.0000000000000000        0.0000000000000000     
   49.599999999999909        0.0000000000000000        0.0000000000000000     
   49.899999999999906        5.8965957976690957E-002   1.4740940941829423E-002
   50.199999999999903       0.20316532841037790       0.11438868652283229     
   50.499999999999901       0.11248692929934025        5.1544992863680035E-002
   50.799999999999898        5.3584872022518298E-002   1.3783791306720998E-002
   51.099999999999895        7.4232864351430922E-002   2.8374883574838208E-002
   51.399999999999892       0.10494349435932770        3.3541836455790959E-002
   51.699999999999889       0.16893246682746896       0.10739542957324982     
   51.999999999999886       0.11734732123517655        5.6337828646920440E-002
   52.299999999999883        9.8664826207653641E-002   2.6972991266842414E-002
   52.599999999999881       0.10036275420703723        2.8210009276907907E-002
   52.899999999999878       0.19661604742873254        8.0522008956656579E-002
   53.199999999999875       0.19700453516927674       0.10881742577886808     
   53.499999999999872        6.0847757820168387E-002   1.4145826288823774E-002
   53.799999999999869       0.13583327057469702        3.1951202433778421E-002
   54.099999999999866       0.18210321815911565        9.7061460731853733E-002
   54.399999999999864        8.0120361287581127E-002   2.6349083927908992E-002
   54.699999999999861       0.12471805612124216        3.7956574451325983E-002
   54.999999999999858       0.10582759336485653        2.5459256442658913E-002
   55.299999999999855       0.39075849679504399       0.29047772196217841     
   55.599999999999852       0.18150643735362215        8.8015792259541148E-002
   55.899999999999849       0.13191304546272625        2.9319615610962420E-002
   56.199999999999847       0.13750637900246973        7.0737143148947135E-002
   56.499999999999844       0.30220756012415340       0.22267805407048874     
   56.799999999999841       0.37862867469343142       0.17527236993948903     
   57.099999999999838        6.9551675584567235E-002   1.5421417121465384E-002
   57.399999999999835       0.24968975227858003        8.8251117104218860E-002
   57.699999999999832       0.14792075439337474        6.8912220181104336E-002
   57.999999999999829       0.11377085409216423        2.7032605400375099E-002
   58.299999999999827        9.7927153513199930E-002   2.1275276313532963E-002
   58.599999999999824        5.5149673555117039E-002   1.2113860364926671E-002
   58.899999999999821       0.20734448570976372       0.14984161651454594     
   59.199999999999818       0.10849716054208117        2.6733585341883241E-002
   59.499999999999815        7.5840948245920747E-002   1.7052040927493631E-002
   59.799999999999812       0.11917057523991069        3.7869803763504337E-002
   60.099999999999810       0.31371451826700925       0.19959224012635005     
   60.399999999999807       0.13203692317333907        3.3620660144767604E-002
   60.699999999999804       0.12844031596490108        4.2467809659782176E-002
   60.999999999999801       0.21614291403597319        5.0672252665981271E-002
   61.299999999999798        9.9302803343845752E-002   2.9505103580153801E-002
   61.599999999999795       0.15487227964359876        4.0979514444883097E-002
   61.899999999999793       0.11053579240474594        3.8319106009737890E-002
   62.199999999999790       0.14484913888780435        6.7543274990947685E-002
   62.499999999999787       0.13566370672470929        3.9682509358915340E-002
   62.799999999999784       0.47232498058218558       0.22079886680978858     
   63.099999999999781       0.14902348816590827        3.9393833979081298E-002
   63.399999999999778       0.18917522094495173        7.5526855947324431E-002
   63.699999999999775       0.11436787686295818        3.0389628716515342E-002
   63.999999999999773       0.53021769966638366       0.32844217616488713     
   64.299999999999770       0.10977328233839125        2.6380618641475343E-002
   64.599999999999767       0.11365140138919402        3.6255340726821864E-002
   64.899999999999764       0.23443763691497552        6.9722077664967283E-002
   65.199999999999761       0.18200574714495260        4.1911717530703441E-002
   65.499999999999758       0.24095996678243775        7.3741622855693426E-002
   65.799999999999756       0.22203887805565029        8.4206929507730552E-002
   66.099999999999753       0.16767478430452593        5.3258150171192176E-002
   66.399999999999750       0.11666574392744712        2.6918823422246125E-002
   66.699999999999747       0.14904181486083323        5.0078108680151091E-002
   66.999999999999744       0.17238456873250435        4.4242596326774082E-002
   67.299999999999741       0.13652378685080108        3.9315564956983101E-002
   67.599999999999739       0.70824120967039894       0.55829645760387825     
   67.899999999999736       0.13693277850610810        2.5281469265250118E-002
   68.199999999999733       0.14523755119970819        2.8418555600227362E-002
   68.499999999999730       0.12223387651432342        4.2872260962787047E-002
   68.799999999999727       0.20478747625564800        9.4936661665137520E-002
   69.099999999999724       0.17109815974812190        4.3102795507787416E-002
   69.399999999999721       0.10705784290942134        1.9203687036218133E-002
   69.699999999999719        9.1287063045580166E-002   2.0663292441362086E-002
   69.999999999999716       0.85621038948974426       0.42759599134225279     
   70.299999999999713       0.49802627880794215       0.32104440823884528     
   70.599999999999710       0.16882094163684733        3.9111902838414564E-002
   70.899999999999707       0.46502257740733022       0.32275959093604284     
   71.199999999999704       0.19331899251002646        3.9518236780748013E-002
   71.499999999999702       0.29699379165930628       0.14245213500693074     
   71.799999999999699        8.4236584686238292E-002   2.2209687917901358E-002
   72.099999999999696       0.23838589333509755        9.6879323381410795E-002
   72.399999999999693       0.10688539500935150        2.4553699198422482E-002
   72.699999999999690       0.15256334969668101        2.7425094740658289E-002
   72.999999999999687       0.34244930424724968       0.22303500000045254     
   73.299999999999685       0.15704019797210231        4.1028920204610964E-002
   73.599999999999682       0.23735169390987762       0.11222772170234460     
   73.899999999999679       0.13263370587377818        2.6515806083940326E-002
   74.199999999999676       0.13398405427382923        2.3727510426970157E-002
   74.499999999999673       0.16145899266801322        3.1911299296411989E-002
   74.799999999999670        9.8102498421030207E-002   2.4987742730670490E-002
   75.099999999999667       0.18204730264440766        4.8302268076051036E-002
   75.399999999999665       0.38592599244323805       0.16530014527664677     
   75.699999999999662       0.32549269534117020       0.12668105816703357     
   75.999999999999659       0.11087774830105893        1.8832931403764325E-002
   76.299999999999656       0.20503641112727591        3.7954284034861480E-002
   76.599999999999653       0.15973584875163810        2.9880945942383316E-002
   76.899999999999650       0.13605727857436337        2.7664164205495126E-002
   77.199999999999648       0.37029658705997209       0.14350071718248991     
   77.499999999999645       0.40745674090347667       0.10939923742094575     
   77.799999999999642       0.30177543441793003       0.15443663682995554     
   78.099999999999639       0.26108554560933034        5.4845177434462392E-002
   78.399999999999636       0.17978330141652663        2.5338954309102726E-002
   78.699999999999633       0.24607467632026728        6.3864362833834051E-002
   78.999999999999631       0.14275819327844863        3.7152638211411862E-002
   79.299999999999628       0.47510169144422182       0.18778914925312071     
   79.599999999999625       0.13724910297616069        2.5245798858674708E-002
   79.899999999999622       0.17154618733061480        3.4707481787010316E-002
   80.199999999999619       0.31544091654103618       0.10136585774065784     
   80.499999999999616       0.25953734609844797        7.8457808215101080E-002
   80.799999999999613       0.21439864701286002        6.7198452107697135E-002
   81.099999999999611       0.24446750718785326        5.5257941020176948E-002
   81.399999999999608       0.30617575480306702        9.5542125467496894E-002
   81.699999999999605       0.15836999859933629        5.6270734858981333E-002
   81.999999999999602       0.17121418079411632        3.5423901458312382E-002
   82.299999999999599       0.17758145026441227        3.3721144828485053E-002
   82.599999999999596       0.42679125071361496       0.26434973350668789     
   82.899999999999594       0.19882245407761545        3.9690236901458294E-002
   83.199999999999591       0.25798603889396571        7.5141651748922858E-002
   83.499999999999588       0.25355749740596728        5.9435798833966109E-002
   83.799999999999585       0.25275111732821171        6.3086115474826898E-002
   84.099999999999582       0.21175555974806479        3.1808641119315639E-002
   84.399999999999579       0.38261182963607748        7.0954617567289699E-002
   84.699999999999577       0.37639767825391873        8.4063688060955585E-002
   84.999999999999574       0.59836495466403505       0.34560149373649401     
   85.299999999999571       0.25887856710471319        5.3142763461213681E-002
   85.599999999999568       0.15154442427037035        2.9780043146131228E-002
   85.899999999999565       0.56963349649137351       0.26730160175815493     
   86.199999999999562       0.32199534805008045        6.8281496979849546E-002
   86.499999999999559       0.39602687273154596        6.8933382153275560E-002
   86.799999999999557       0.32530555309032516        6.3731837933284172E-002
   87.099999999999554       0.82366965451891438       0.37516781751754480     
   87.399999999999551       0.31519540865911810        7.4716501615891356E-002
   87.699999999999548       0.40659798217246013        6.7369370521356609E-002
   87.999999999999545       0.31338106865948206        4.7856559473990860E-002
   88.299999999999542       0.44131973160766558        8.5368954821500420E-002
   88.599999999999540       0.40043992782175630        7.4826696523399530E-002
   88.899999999999537       0.36331852946633769        6.3055584726254721E-002
   89.199999999999534       0.47357595972222438       0.16659495049394377     
   89.499999999999531       0.27238581070769408        3.4473080279993205E-002
   89.799999999999528       0.89919954007625036       0.30460945380871018     
   90.099999999999525       0.34918244467665543        6.2674829199879434E-002
   90.399999999999523       0.44201497286401231        6.2180116259595269E-002
   90.699999999999520       0.40285944203024093        7.3595561365617151E-002
   90.999999999999517        1.3120561408016265       0.59806313558013569     
   91.299999999999514       0.49510140018678478       0.10591511581451532     
   91.599999999999511       0.24446060039058415        3.3487320521468862E-002
   91.899999999999508       0.20789952608205592        3.5364825739937628E-002
   92.199999999999505       0.20636541119504107        5.5880658398433723E-002
   92.499999999999503       0.21068255342303849        5.8439711578050654E-002
   92.799999999999500       0.20227079477558008        9.4832489307150478E-002
   93.099999999999497       0.20660997444869120        5.3014904836138112E-002
   93.399999999999494       0.13316640095242760        4.0652000696663193E-002
   93.699999999999491       0.10424451803163350        2.4013065105892618E-002
   93.999999999999488       0.29940554302937394       0.11526387159081282     
   94.299999999999486       0.14022567654300597        4.3635486105885544E-002
   94.599999999999483       0.10016955751375245        1.7119629896002075E-002
   94.899999999999480        9.4286124145006103E-002   2.0123150937078987E-002
   95.199999999999477       0.11885559722001481        2.9130945765983074E-002
   95.499999999999474        9.1864720098042321E-002   1.8265589673797985E-002
   95.799999999999471        7.3797302023828712E-002   2.1567761534490387E-002
   96.099999999999469        9.1015041569741370E-002   1.7025039926430400E-002
   96.399999999999466        9.0375308820905956E-002   2.7236790618919024E-002
   96.699999999999463       0.11017199250907771        3.2489567972008929E-002
   96.999999999999460        8.9530589342935007E-002   2.2806073634458666E-002
   97.299999999999457        7.1654029220011642E-002   1.4657822473045028E-002
   97.599999999999454        9.1581852031795447E-002   1.5741094142661317E-002
   97.899999999999451        8.1560264228517185E-002   2.2390588681395231E-002
   98.199999999999449        7.7370269343481957E-002   1.5661272558395840E-002
   98.499999999999446        7.7653492483405376E-002   1.5035589727772643E-002
   98.799999999999443        5.9364348789138217E-002   1.0810437949397870E-002
   99.099999999999440        7.7251146422262704E-002   1.7568292378014501E-002
   99.399999999999437        8.2204808117999836E-002   1.2629625991586280E-002
   99.699999999999434        7.2614249266687622E-002   1.0070293897011988E-002
