  0.59999999999999998        5.0074231429084208E-003   9.2613686171686750E-004
  0.60599999999999998        5.3098015099202816E-003   1.3281129362271880E-003
  0.61199999999999999        1.1286885037422187E-002   3.3180449439054690E-003
  0.61799999999999999        3.0101708281193553       0.12357512025735878     
  0.62400000000000000        10.308861443696205       0.22900843314389452     
  0.63000000000000000        10.720566774600973       0.21482392700756214     
  0.63600000000000001        11.225495106343383       0.21808207511799352     
  0.64200000000000002        11.339323322531971       0.21502515771969788     
  0.64800000000000002        12.040132642117971       0.22978342066085775     
  0.65400000000000003        12.666647508922335       0.25882567599667861     
  0.66000000000000003        12.377783426117512       0.23209437469275473     
  0.66600000000000004        12.531102059801066       0.22066784460144589     
  0.67200000000000004        13.139914700963415       0.24920454342001497     
  0.67800000000000005        12.997729624508430       0.21743937635071794     
  0.68400000000000005        13.619762959423435       0.25515131871144614     
  0.69000000000000006        13.377364502287184       0.22282003811933782     
  0.69600000000000006        13.347573744455913       0.22092217651623067     
  0.70200000000000007        13.018913665824536       0.20709888007080343     
  0.70800000000000007        13.573746109521970       0.22268560263337739     
  0.71400000000000008        14.136478967646916       0.25631795961410236     
  0.72000000000000008        13.993928141381099       0.23230748868537121     
  0.72600000000000009        14.814672365408788       0.27138275841518061     
  0.73200000000000010        14.710957547812653       0.24917297469368485     
  0.73800000000000010        14.578590899861945       0.24868844850242702     
  0.74400000000000011        14.932892699072436       0.24435831621526793     
  0.75000000000000011        15.332812651173994       0.26404644425250118     
  0.75600000000000012        15.125449735199350       0.24731767000742783     
  0.76200000000000012        15.549127197764125       0.26363579052229830     
  0.76800000000000013        15.882594181040322       0.26873736185784064     
  0.77400000000000013        15.873950398052234       0.25251923888000405     
  0.78000000000000014        16.186251221010348       0.27532834498154557     
  0.78600000000000014        16.443311294490194       0.28203782255433962     
  0.79200000000000015        16.722104171667944       0.26600374749408978     
  0.79800000000000015        16.593050111950088       0.27891234326886727     
  0.80400000000000016        16.660237787019533       0.25955178504331755     
  0.81000000000000016        16.944253658979921       0.26940510482101504     
  0.81600000000000017        17.499328258186068       0.28557890918359352     
  0.82200000000000017        16.884919453736412       0.25535821184699725     
  0.82800000000000018        17.418139824605458       0.25752905838643408     
  0.83400000000000019        17.724044464170412       0.26560266076278954     
  0.84000000000000019        17.994924566698696       0.27873009296314977     
  0.84600000000000020        19.155574300441547       0.30119140701215252     
  0.85200000000000020        18.564693994714318       0.30360023220655197     
  0.85800000000000021        18.942192128631323       0.28833226704610265     
  0.86400000000000021        19.146058036744162       0.29428552511593814     
  0.87000000000000022        19.366332628226289       0.27592763772337248     
  0.87600000000000022        19.433971290650945       0.29580379926913686     
  0.88200000000000023        19.303500532101804       0.28041928818460382     
  0.88800000000000023        19.946775828825572       0.29116378268072302     
  0.89400000000000024        20.404338573225655       0.29999221762685446     
  0.90000000000000024        20.263384598372340       0.29894191582964991     
  0.90600000000000025        20.795412161049835       0.30632256809332004     
  0.91200000000000025        20.550422787693314       0.30645656792128734     
  0.91800000000000026        20.773356759357355       0.27988186246066815     
  0.92400000000000027        21.172952889070185       0.31644299451128344     
  0.93000000000000027        21.438663396751579       0.30675658512314197     
  0.93600000000000028        21.628041743327440       0.30106307987191833     
  0.94200000000000028        21.986348813888210       0.29825899299966740     
  0.94800000000000029        21.792458615459196       0.29400379317727549     
  0.95400000000000029        23.089996989460456       0.33489380855357459     
  0.96000000000000030        23.135331057968955       0.31521805339397468     
  0.96600000000000030        23.759639558013230       0.34219134628443421     
  0.97200000000000031        23.889635173763494       0.31932931970377271     
  0.97800000000000031        24.461123340311577       0.31450293561777704     
  0.98400000000000032        24.005783896216187       0.30645784485882183     
  0.99000000000000032        24.420005255253201       0.32254066711232804     
  0.99600000000000022        25.691727192831532       0.35438922134879430     
   1.0020000000000002        25.399202403229225       0.33194436344714245     
   1.0080000000000002        26.086711903157994       0.33254423743583789     
   1.0140000000000002        26.499283962401556       0.32184089049518888     
   1.0200000000000002        27.612687193933695       0.36094579934941057     
   1.0260000000000002        27.960301545636568       0.33681006883925668     
   1.0320000000000003        29.461571902168732       0.37740428428394002     
   1.0380000000000003        29.122619332190737       0.34276593043746889     
   1.0440000000000003        30.080367574634547       0.35936778333092195     
   1.0500000000000003        30.618931042417337       0.35744989217985235     
   1.0560000000000003        31.349930486066434       0.35999705326844567     
   1.0620000000000003        33.071444680349437       0.37305943587137974     
   1.0680000000000003        33.711155233909061       0.38891353829329117     
   1.0740000000000003        35.968017854208838       0.39017161516077964     
   1.0800000000000003        37.181302881498404       0.40547139112103553     
   1.0860000000000003        39.302895497807192       0.43242820956780864     
   1.0920000000000003        40.968263740901399       0.42851788880157449     
   1.0980000000000003        43.718779906602940       0.44766319205759852     
   1.1040000000000003        46.259354321359758       0.47295111714130250     
   1.1100000000000003        48.875799420936147       0.49813952944690787     
   1.1160000000000003        49.140956239298426       0.48385756142730063     
   1.1220000000000003        47.626101097628769       0.49163981390002176     
   1.1280000000000003        40.139824828524560       0.41920618626665690     
   1.1340000000000003        31.358985896324125       0.35854111771506947     
   1.1400000000000003        24.737518127412862       0.30875420476537113     
   1.1460000000000004        18.907913511802825       0.24785100302337315     
   1.1520000000000004        15.946670008547070       0.22002176193547776     
   1.1580000000000004        13.792739220954337       0.19403121154563399     
   1.1640000000000004        11.589033027779418       0.15619028147840958     
   1.1700000000000004        10.057921584304918       0.12995862589999671     
   1.1760000000000004        9.5985961325539915       0.12687950919082108     
   1.1820000000000004        8.5380593171980976       0.10530901346669889     
   1.1880000000000004        8.0207454654856356        9.4306902174422627E-002
   1.1940000000000004        7.3482135691091628        8.0562329182229067E-002
   1.2000000000000004        7.0518826516853359        7.4210733293804343E-002
   1.2060000000000004        6.5702031807398615        6.3225105591160402E-002
   1.2120000000000004        6.4142864857342898        5.9945562503702303E-002
   1.2180000000000004        6.0359966432412291        5.0600799185232276E-002
   1.2240000000000004        5.8145055583067542        4.3914909325012651E-002
   1.2300000000000004        5.5189162817901449        3.7360776814648895E-002
   1.2360000000000004        4.9639346613217175        2.8580280917117624E-002
   1.2420000000000004       0.99958730896389880        9.0771138212244230E-003
   1.2480000000000004        0.0000000000000000        0.0000000000000000     
   1.2540000000000004        0.0000000000000000        0.0000000000000000     
   1.2600000000000005        0.0000000000000000        0.0000000000000000     
   1.2660000000000005        0.0000000000000000        0.0000000000000000     
   1.2720000000000005        0.0000000000000000        0.0000000000000000     
   1.2780000000000005        0.0000000000000000        0.0000000000000000     
   1.2840000000000005        0.0000000000000000        0.0000000000000000     
   1.2900000000000005        0.0000000000000000        0.0000000000000000     
   1.2960000000000005        0.0000000000000000        0.0000000000000000     
   1.3020000000000005        0.0000000000000000        0.0000000000000000     
   1.3080000000000005        0.0000000000000000        0.0000000000000000     
   1.3140000000000005        0.0000000000000000        0.0000000000000000     
   1.3200000000000005        0.0000000000000000        0.0000000000000000     
   1.3260000000000005        0.0000000000000000        0.0000000000000000     
   1.3320000000000005        0.0000000000000000        0.0000000000000000     
   1.3380000000000005        0.0000000000000000        0.0000000000000000     
   1.3440000000000005        0.0000000000000000        0.0000000000000000     
   1.3500000000000005        0.0000000000000000        0.0000000000000000     
   1.3560000000000005        0.0000000000000000        0.0000000000000000     
   1.3620000000000005        0.0000000000000000        0.0000000000000000     
   1.3680000000000005        0.0000000000000000        0.0000000000000000     
   1.3740000000000006        0.0000000000000000        0.0000000000000000     
   1.3800000000000006        0.0000000000000000        0.0000000000000000     
   1.3860000000000006        0.0000000000000000        0.0000000000000000     
   1.3920000000000006        0.0000000000000000        0.0000000000000000     
   1.3980000000000006        0.0000000000000000        0.0000000000000000     
   1.4040000000000006        0.0000000000000000        0.0000000000000000     
   1.4100000000000006        0.0000000000000000        0.0000000000000000     
   1.4160000000000006        0.0000000000000000        0.0000000000000000     
   1.4220000000000006        0.0000000000000000        0.0000000000000000     
   1.4280000000000006        0.0000000000000000        0.0000000000000000     
   1.4340000000000006        0.0000000000000000        0.0000000000000000     
   1.4400000000000006        0.0000000000000000        0.0000000000000000     
   1.4460000000000006        0.0000000000000000        0.0000000000000000     
   1.4520000000000006        0.0000000000000000        0.0000000000000000     
   1.4580000000000006        0.0000000000000000        0.0000000000000000     
   1.4640000000000006        0.0000000000000000        0.0000000000000000     
   1.4700000000000006        0.0000000000000000        0.0000000000000000     
   1.4760000000000006        0.0000000000000000        0.0000000000000000     
   1.4820000000000007        0.0000000000000000        0.0000000000000000     
   1.4880000000000007        0.0000000000000000        0.0000000000000000     
   1.4940000000000007        0.0000000000000000        0.0000000000000000     
   1.5000000000000007        0.0000000000000000        0.0000000000000000     
   1.5060000000000007        0.0000000000000000        0.0000000000000000     
   1.5120000000000007        0.0000000000000000        0.0000000000000000     
   1.5180000000000007        0.0000000000000000        0.0000000000000000     
   1.5240000000000007        0.0000000000000000        0.0000000000000000     
   1.5300000000000007        0.0000000000000000        0.0000000000000000     
   1.5360000000000007        0.0000000000000000        0.0000000000000000     
   1.5420000000000007        0.0000000000000000        0.0000000000000000     
   1.5480000000000007        0.0000000000000000        0.0000000000000000     
   1.5540000000000007        0.0000000000000000        0.0000000000000000     
   1.5600000000000007        0.0000000000000000        0.0000000000000000     
   1.5660000000000007        0.0000000000000000        0.0000000000000000     
   1.5720000000000007        0.0000000000000000        0.0000000000000000     
   1.5780000000000007        0.0000000000000000        0.0000000000000000     
   1.5840000000000007        0.0000000000000000        0.0000000000000000     
   1.5900000000000007        0.0000000000000000        0.0000000000000000     
   1.5960000000000008        0.0000000000000000        0.0000000000000000     
   1.6020000000000008        0.0000000000000000        0.0000000000000000     
   1.6080000000000008        0.0000000000000000        0.0000000000000000     
   1.6140000000000008        0.0000000000000000        0.0000000000000000     
   1.6200000000000008        0.0000000000000000        0.0000000000000000     
   1.6260000000000008        0.0000000000000000        0.0000000000000000     
   1.6320000000000008        0.0000000000000000        0.0000000000000000     
   1.6380000000000008        0.0000000000000000        0.0000000000000000     
   1.6440000000000008        0.0000000000000000        0.0000000000000000     
   1.6500000000000008        0.0000000000000000        0.0000000000000000     
   1.6560000000000008        0.0000000000000000        0.0000000000000000     
   1.6620000000000008        0.0000000000000000        0.0000000000000000     
   1.6680000000000008        0.0000000000000000        0.0000000000000000     
   1.6740000000000008        0.0000000000000000        0.0000000000000000     
   1.6800000000000008        0.0000000000000000        0.0000000000000000     
   1.6860000000000008        0.0000000000000000        0.0000000000000000     
   1.6920000000000008        0.0000000000000000        0.0000000000000000     
   1.6980000000000008        0.0000000000000000        0.0000000000000000     
   1.7040000000000008        0.0000000000000000        0.0000000000000000     
   1.7100000000000009        0.0000000000000000        0.0000000000000000     
   1.7160000000000009        0.0000000000000000        0.0000000000000000     
   1.7220000000000009        0.0000000000000000        0.0000000000000000     
   1.7280000000000009        0.0000000000000000        0.0000000000000000     
   1.7340000000000009        0.0000000000000000        0.0000000000000000     
   1.7400000000000009        0.0000000000000000        0.0000000000000000     
   1.7460000000000009        0.0000000000000000        0.0000000000000000     
   1.7520000000000009        0.0000000000000000        0.0000000000000000     
   1.7580000000000009        0.0000000000000000        0.0000000000000000     
   1.7640000000000009        0.0000000000000000        0.0000000000000000     
   1.7700000000000009        0.0000000000000000        0.0000000000000000     
   1.7760000000000009        0.0000000000000000        0.0000000000000000     
   1.7820000000000009        0.0000000000000000        0.0000000000000000     
   1.7880000000000009        0.0000000000000000        0.0000000000000000     
   1.7940000000000009        0.0000000000000000        0.0000000000000000     
