   80.000000000000000        1.2952519883432070E-002   7.2183389270831142E-004
   80.099999999999994        1.2476586066924897E-002   8.4543617289372622E-004
   80.199999999999989        1.3238368125953219E-002   7.0815095332223816E-004
   80.299999999999983        1.2836919431295894E-002   7.3639488517834146E-004
   80.399999999999977        1.4326469802073636E-002   9.6923393352654069E-004
   80.499999999999972        1.6389095145227579E-002   1.1623185671577434E-003
   80.599999999999966        1.6926859167405623E-002   1.2101739691978443E-003
   80.699999999999960        1.5530655896159661E-002   8.8684657293957485E-004
   80.799999999999955        1.7259670371509245E-002   1.1266137523094537E-003
   80.899999999999949        1.6151543555007031E-002   8.0195688778426574E-004
   80.999999999999943        1.5871596831565114E-002   7.7186614559170792E-004
   81.099999999999937        1.7501755869598554E-002   8.7512183908143451E-004
   81.199999999999932        1.7038537329469337E-002   1.0149461241803748E-003
   81.299999999999926        1.5578110019687388E-002   6.7197854457801251E-004
   81.399999999999920        1.8914858133652433E-002   1.2254922832925720E-003
   81.499999999999915        1.9524397370542946E-002   1.1269111404952688E-003
   81.599999999999909        1.9925372677257615E-002   1.2325636357718435E-003
   81.699999999999903        1.9005730361629228E-002   8.4293145303532464E-004
   81.799999999999898        2.0803435991814771E-002   1.1768756193976046E-003
   81.899999999999892        2.0771602157935304E-002   1.1787411555215911E-003
   81.999999999999886        2.3199479024139380E-002   1.4290798043535861E-003
   82.099999999999881        2.0487277575342303E-002   1.0622057680119738E-003
   82.199999999999875        2.2531554465906413E-002   1.3352193532470136E-003
   82.299999999999869        2.1191660280784539E-002   8.3492015239997248E-004
   82.399999999999864        2.4884481762691101E-002   1.3588194433577249E-003
   82.499999999999858        2.5174963184535649E-002   1.1997554148290082E-003
   82.599999999999852        2.4125336991673331E-002   1.3037337289811637E-003
   82.699999999999847        2.5625872472318494E-002   1.2091149920316552E-003
   82.799999999999841        2.6513054477324091E-002   1.3951866202481494E-003
   82.899999999999835        2.5201827424037326E-002   1.0930559974338346E-003
   82.999999999999829        3.1023577416321894E-002   1.7424473078620354E-003
   83.099999999999824        2.8253243613550277E-002   1.1151251894617655E-003
   83.199999999999818        3.0559429785190950E-002   1.6023156272136462E-003
   83.299999999999812        3.2381753047686451E-002   1.7132331473742797E-003
   83.399999999999807        3.1374663140049490E-002   1.4856611527519056E-003
   83.499999999999801        3.3978776263999380E-002   1.5785072408499355E-003
   83.599999999999795        3.4695760202050153E-002   1.8951083901620727E-003
   83.699999999999790        3.3599656672742867E-002   1.4359361392376070E-003
   83.799999999999784        3.7446232455549899E-002   1.7640039204563170E-003
   83.899999999999778        3.6656634718131929E-002   1.7607028350161559E-003
   83.999999999999773        4.1840425190677620E-002   1.9969504681362602E-003
   84.099999999999767        3.8874100202560047E-002   1.6266335774560994E-003
   84.199999999999761        4.5547251026898897E-002   2.2357906056867795E-003
   84.299999999999756        4.2863861660582148E-002   1.9951071562360314E-003
   84.399999999999750        4.5661564927017471E-002   2.1556633991553385E-003
   84.499999999999744        4.8118175425891606E-002   2.2476535912943842E-003
   84.599999999999739        4.6992151272196879E-002   2.1100350652615047E-003
   84.699999999999733        5.3159667733705437E-002   2.4274970142974589E-003
   84.799999999999727        5.3375251467774137E-002   2.5610721409313601E-003
   84.899999999999721        5.5601389344466220E-002   2.3278693616828679E-003
   84.999999999999716        5.3750099574646076E-002   2.4263622616283900E-003
   85.099999999999710        6.0282040946286315E-002   2.5503869213685431E-003
   85.199999999999704        6.0922226382283354E-002   2.6155034239685815E-003
   85.299999999999699        6.3356165599116027E-002   2.6737674273285637E-003
   85.399999999999693        6.3878244862759365E-002   2.4422421667743863E-003
   85.499999999999687        6.8973078284824962E-002   2.9122477658010981E-003
   85.599999999999682        7.2362745588117339E-002   2.8619600419857397E-003
   85.699999999999676        6.9515893633531223E-002   2.5887245648307505E-003
   85.799999999999670        7.7949751227381639E-002   3.1616574026420855E-003
   85.899999999999665        8.0280879041110989E-002   2.7306709811976120E-003
   85.999999999999659        8.5674070164220725E-002   3.1552559466625479E-003
   86.099999999999653        8.6572974904851357E-002   3.2166039082549306E-003
   86.199999999999648        9.1548161972127701E-002   3.2326317132277287E-003
   86.299999999999642        8.9773242342179010E-002   3.1756540879846079E-003
   86.399999999999636        9.9298492705935132E-002   3.2770183540529840E-003
   86.499999999999631        9.5815734118900334E-002   3.0259811013462531E-003
   86.599999999999625       0.10250320776386256        2.9979918435358555E-003
   86.699999999999619       0.11104231220795784        3.8999083027526928E-003
   86.799999999999613       0.12146481822345999        3.9710813041612010E-003
   86.899999999999608       0.12145106395664423        3.6062053950801157E-003
   86.999999999999602       0.13299905783115654        4.4605739439108130E-003
   87.099999999999596       0.13462981325844264        4.1581291971287994E-003
   87.199999999999591       0.15265042674133103        5.0537107143693695E-003
   87.299999999999585       0.15802924143907024        4.9112756459901239E-003
   87.399999999999579       0.15100252544335799        3.8933161561473884E-003
   87.499999999999574       0.16575432255563960        4.7428127875968540E-003
   87.599999999999568       0.18156249027279625        5.4310492498491746E-003
   87.699999999999562       0.19153283655191164        5.0326208732164191E-003
   87.799999999999557       0.20588658244923311        5.7703850891432243E-003
   87.899999999999551       0.21410172465301688        6.0283033630710615E-003
   87.999999999999545       0.23448637411422482        6.6806986666829984E-003
   88.099999999999540       0.24499604383318696        6.6601534067204753E-003
   88.199999999999534       0.25501151986807785        6.3251460528441789E-003
   88.299999999999528       0.27051153711513232        6.5215315429492694E-003
   88.399999999999523       0.28274297312857605        6.4840349863190400E-003
   88.499999999999517       0.31021107864644193        7.3719770441936896E-003
   88.599999999999511       0.33121592149994100        7.5469965908562505E-003
   88.699999999999505       0.35189791589483055        7.6324756196466444E-003
   88.799999999999500       0.37782080401189522        7.8484314178604297E-003
   88.899999999999494       0.40505118440814908        8.3148478108701889E-003
   88.999999999999488       0.43857503424900762        8.6731740944187875E-003
   89.099999999999483       0.48762034680401795        9.4747090976183609E-003
   89.199999999999477       0.51196810248448377        9.1852588214562172E-003
   89.299999999999471       0.56581345340815192        9.9332741052347469E-003
   89.399999999999466       0.59881369108851878        1.0616948024617080E-002
   89.499999999999460       0.66767240598147637        1.1739031079507828E-002
   89.599999999999454       0.71055211666608253        1.1258009542287990E-002
   89.699999999999449       0.77089076822093383        1.2092552580452361E-002
   89.799999999999443       0.84733781584194023        1.2686505501435420E-002
   89.899999999999437       0.90876981028724901        1.2947508578531856E-002
   89.999999999999432        1.0054893263001474        1.3796913731253368E-002
   90.099999999999426        1.1299833107462032        1.5615804555342942E-002
   90.199999999999420        1.2091888583375598        1.4832943725171433E-002
   90.299999999999415        1.3413984645900798        1.7014264115388127E-002
   90.399999999999409        1.4523676708713744        1.7813451032325761E-002
   90.499999999999403        1.5607089258752342        1.7344123464552653E-002
   90.599999999999397        1.7108178970827086        1.8561118593550488E-002
   90.699999999999392        1.8674441136075886        1.9843601513624604E-002
   90.799999999999386        2.0237055871067842        2.0904830730183975E-002
   90.899999999999380        2.1280343840912717        2.1045377655422325E-002
   90.999999999999375        2.3003520367868271        2.2016134998652816E-002
   91.099999999999369        2.4628201642407834        2.3769877946129541E-002
   91.199999999999363        2.5095566629586656        2.3572154091221945E-002
   91.299999999999358        2.5898866338138387        2.3734585948131395E-002
   91.399999999999352        2.6296834857662135        2.4089576434370361E-002
   91.499999999999346        2.6384189205597606        2.3841004753276412E-002
   91.599999999999341        2.6483404681863831        2.4047522088988860E-002
   91.699999999999335        2.5616464118729541        2.3171148437520890E-002
   91.799999999999329        2.5039783778993954        2.2926614986347200E-002
   91.899999999999324        2.4069815248374766        2.2378249355465764E-002
   91.999999999999318        2.3261373038029278        2.2527842399254382E-002
   92.099999999999312        2.1598597870325507        2.0775162784526183E-002
   92.199999999999307        2.0489193387286546        2.0460878457116388E-002
   92.299999999999301        1.8989538588582728        1.9173136666284923E-002
   92.399999999999295        1.8085939359529659        1.9196242925138683E-002
   92.499999999999289        1.6978542053585055        1.8823071997095583E-002
   92.599999999999284        1.5469217411575971        1.6692782370804647E-002
   92.699999999999278        1.4470716628807185        1.6683051855310448E-002
   92.799999999999272        1.3877528353361470        1.6689121973087567E-002
   92.899999999999267        1.2913358131561905        1.6256843566930523E-002
   92.999999999999261        1.1938668581298821        1.4855756516316796E-002
   93.099999999999255        1.1185378132560713        1.4409979060833855E-002
   93.199999999999250        1.0620265627081296        1.4268882732756371E-002
   93.299999999999244        1.0027841310880667        1.3312811969214177E-002
   93.399999999999238       0.95350247766758467        1.3040434304052842E-002
   93.499999999999233       0.88966169953011132        1.2476443826320779E-002
   93.599999999999227       0.85358532735485915        1.2457683292583765E-002
   93.699999999999221       0.80000775536493762        1.1525960124221708E-002
   93.799999999999216       0.72997484642157739        1.0421775940789000E-002
   93.899999999999210       0.71819706754395074        1.0812476517979216E-002
   93.999999999999204       0.67977364641376536        9.9966065771225215E-003
   94.099999999999199       0.64252392403765413        9.7231090668042086E-003
   94.199999999999193       0.62039443089567547        9.3503863214666055E-003
   94.299999999999187       0.58408937030929808        8.8299030039084431E-003
   94.399999999999181       0.55089745958363578        8.2510944956847437E-003
   94.499999999999176       0.56502841273781623        9.1640438949366181E-003
   94.599999999999170       0.53645714336244243        8.6171528738698371E-003
   94.699999999999164       0.50942769004852384        8.0163470428925975E-003
   94.799999999999159       0.50612012719081201        8.2311578778370698E-003
   94.899999999999153       0.47703747984728917        7.8000971373716754E-003
   94.999999999999147       0.46241292726974542        7.4832704708468955E-003
   95.099999999999142       0.44454196829128345        6.8021598088842897E-003
   95.199999999999136       0.43010402837035944        7.0064303661230582E-003
   95.299999999999130       0.41251857051940349        6.2157232050028518E-003
   95.399999999999125       0.40303714480325448        6.2213650939501406E-003
   95.499999999999119       0.40305519960619551        6.4889899066575751E-003
   95.599999999999113       0.38909069036124716        6.1051810796336993E-003
   95.699999999999108       0.38950725440548084        6.1767708208539905E-003
   95.799999999999102       0.37777195321785861        5.9940274701359743E-003
   95.899999999999096       0.36271914520178822        5.5085272375729587E-003
   95.999999999999091       0.35715931638489962        5.6459900685168797E-003
   96.099999999999085       0.35449135290840778        5.3552999437506054E-003
   96.199999999999079       0.35080957126848455        5.2880263774773379E-003
   96.299999999999073       0.34425306265980099        5.1671425640539238E-003
   96.399999999999068       0.33932367073879882        5.1851596257184969E-003
   96.499999999999062       0.33184261418747951        4.9435178426502063E-003
   96.599999999999056       0.32991376039740683        4.9906587819470638E-003
   96.699999999999051       0.31897359684863674        4.5764304987996598E-003
   96.799999999999045       0.32157519332853812        4.6169575370964954E-003
   96.899999999999039       0.31610206166338634        4.3148164164209758E-003
   96.999999999999034       0.31265860308198290        4.1100617473501452E-003
   97.099999999999028       0.31342155406514605        4.1902444599192382E-003
   97.199999999999022       0.31793126822199796        4.3151793262439595E-003
   97.299999999999017       0.30782302487493968        3.9797336922847313E-003
   97.399999999999011       0.29911552907276395        3.6337845582563102E-003
   97.499999999999005       0.30781506806995151        3.8177651368959190E-003
   97.599999999999000       0.31211203375675373        3.7865510399901735E-003
   97.699999999998994       0.31664750950652243        3.6990405956330396E-003
   97.799999999998988       0.31535038647488911        3.5879970521177280E-003
   97.899999999998983       0.31765753155896892        3.5372756332433327E-003
   97.999999999998977       0.31730344345543887        3.4088840887728767E-003
   98.099999999998971       0.32475170019785971        3.4264201211815985E-003
   98.199999999998965       0.32875200011422490        3.2688512393802228E-003
   98.299999999998960       0.33040274104709894        3.1951839429614002E-003
   98.399999999998954       0.33900560733805185        3.1234272172492084E-003
   98.499999999998948       0.34804536615659920        3.1013736195197815E-003
   98.599999999998943       0.35687802868467255        3.0750340303011140E-003
   98.699999999998937       0.36696089101656743        3.0193827077078061E-003
   98.799999999998931       0.37894613560143448        2.8827753288730453E-003
   98.899999999998926       0.39785324676333633        2.8737374601212704E-003
   98.999999999998920       0.42063197898438587        2.8854946331952685E-003
   99.099999999998914       0.43782258237072808        2.8050775642114653E-003
   99.199999999998909       0.46814178183200883        2.7471569413977733E-003
   99.299999999998903       0.50438026941637371        2.7148828764331223E-003
   99.399999999998897       0.56054254023890260        2.7296957237993129E-003
   99.499999999998892       0.63019768645729390        2.6809450772553585E-003
   99.599999999998886       0.72821656825928549        2.6681571252721238E-003
   99.699999999998880       0.89450748737591423        2.6756500243269058E-003
   99.799999999998875        1.2064074666976516        2.6643233076651960E-003
   99.899999999998869        1.7196249143178532        2.3284770018029482E-003
