   80.000000000000000        4.3743985949678682E-002   2.5461322388216235E-003
   80.099999999999994        4.4821595818238316E-002   2.0610703753309967E-003
   80.199999999999989        4.5690086974147323E-002   2.3139950290132745E-003
   80.299999999999983        4.1288163593165506E-002   1.9161627477175939E-003
   80.399999999999977        5.0683117694830616E-002   2.5889224626765733E-003
   80.499999999999972        5.8056074255463476E-002   3.6790213321851303E-003
   80.599999999999966        4.5095766286680522E-002   1.7979563611031507E-003
   80.699999999999960        5.3832077994666584E-002   3.0511440963941951E-003
   80.799999999999955        4.9494660515428758E-002   2.4073555530249920E-003
   80.899999999999949        5.5685768735832759E-002   3.9418575282260107E-003
   80.999999999999943        5.1073270106736006E-002   2.3643356797917133E-003
   81.099999999999937        5.2125355000483375E-002   2.3103375658605112E-003
   81.199999999999932        5.3060526990693337E-002   2.6384417806672314E-003
   81.299999999999926        5.8871005115648821E-002   2.8909612910205250E-003
   81.399999999999920        5.5263856120927074E-002   2.6813384222742999E-003
   81.499999999999915        6.0380674842391263E-002   2.8528092435128305E-003
   81.599999999999909        6.3750109176549774E-002   3.6176376212799033E-003
   81.699999999999903        5.8198566832558328E-002   2.8982869262814208E-003
   81.799999999999898        5.6644096892043083E-002   1.9356936256475993E-003
   81.899999999999892        6.8409288366670012E-002   3.9925290479170799E-003
   81.999999999999886        6.3634266214933427E-002   2.7067858115439407E-003
   82.099999999999881        6.7268447390005412E-002   3.3847594760884276E-003
   82.199999999999875        6.5371240767985325E-002   2.6863681603923992E-003
   82.299999999999869        6.5116119609925499E-002   2.6475516454094504E-003
   82.399999999999864        6.4254885429420650E-002   2.4525189411158492E-003
   82.499999999999858        7.3565637915423976E-002   3.2452700372967215E-003
   82.599999999999852        7.2295323225232314E-002   3.3672983980139798E-003
   82.699999999999847        7.2750905315431491E-002   3.4799915524664996E-003
   82.799999999999841        7.5052819103659282E-002   3.5807604192921502E-003
   82.899999999999835        7.2534014767050778E-002   2.8727206956687293E-003
   82.999999999999829        7.5587938502656299E-002   2.7343192352490618E-003
   83.099999999999824        7.9162854325867005E-002   3.0796155658275922E-003
   83.199999999999818        7.4019711228963364E-002   2.9035168985249650E-003
   83.299999999999812        7.9095046237328492E-002   3.3347206235221491E-003
   83.399999999999807        8.3600639044195915E-002   3.5505727236960641E-003
   83.499999999999801        8.6102119650203965E-002   3.7038788102428449E-003
   83.599999999999795        9.4457505362145894E-002   3.8017775352596796E-003
   83.699999999999790        8.9971163412227620E-002   3.7230851140375603E-003
   83.799999999999784        9.6842315410972171E-002   3.7267900768091161E-003
   83.899999999999778        9.8535627025830033E-002   3.8388434564526628E-003
   83.999999999999773        9.7705929837415911E-002   3.3856859944863807E-003
   84.099999999999767       0.10300236009502543        4.3221922488040181E-003
   84.199999999999761        9.8796367616362110E-002   4.0266891389233528E-003
   84.299999999999756       0.10502930938166689        4.6346800958264010E-003
   84.399999999999750       0.10490236477811515        3.4881634921508607E-003
   84.499999999999744       0.11004250498816899        3.7757864966306565E-003
   84.599999999999739       0.11362158657494915        4.0228809068920332E-003
   84.699999999999733       0.11613847000024456        3.8142375114204696E-003
   84.799999999999727       0.11533392603421952        3.7819205398581671E-003
   84.899999999999721       0.11714551544012780        4.0195338804576916E-003
   84.999999999999716       0.13024994398066764        4.7169619712355663E-003
   85.099999999999710       0.13305351463114407        4.5913269870229891E-003
   85.199999999999704       0.13095906177756284        4.2640404138237741E-003
   85.299999999999699       0.13353731282775316        4.2141823262460609E-003
   85.399999999999693       0.13673437551380388        3.9658461468370368E-003
   85.499999999999687       0.14334799585545155        4.5735327214434371E-003
   85.599999999999682       0.15268936352628185        5.2344027873703703E-003
   85.699999999999676       0.14797493570452872        4.2765041062253250E-003
   85.799999999999670       0.16493112246804800        5.3163379499984956E-003
   85.899999999999665       0.15958035359815315        4.6704372311475251E-003
   85.999999999999659       0.16436222245944521        4.5366657692960059E-003
   86.099999999999653       0.17593268553259353        5.5155093680780577E-003
   86.199999999999648       0.17476409497646453        5.0044556242260906E-003
   86.299999999999642       0.19149885137904690        5.3314330238611631E-003
   86.399999999999636       0.20045317749756761        5.8432273610669154E-003
   86.499999999999631       0.20010814106113808        5.0400274856986452E-003
   86.599999999999625       0.20966071018660515        6.1257543533761215E-003
   86.699999999999619       0.20379220588799171        4.9292025433713190E-003
   86.799999999999613       0.22427639160538551        6.3028024281377940E-003
   86.899999999999608       0.22650078468428608        5.7495293915842509E-003
   86.999999999999602       0.24709711543414287        6.4637356853617890E-003
   87.099999999999596       0.23845929374400138        5.1568819141787009E-003
   87.199999999999591       0.25403070180087162        6.3526499995883168E-003
   87.299999999999585       0.27036505007361611        6.7163101296204399E-003
   87.399999999999579       0.29447762998452531        7.5675344114544537E-003
   87.499999999999574       0.28924669683283427        7.3391868449549282E-003
   87.599999999999568       0.31013204466215194        6.9368249844427663E-003
   87.699999999999562       0.31834736611557346        6.9602192979218722E-003
   87.799999999999557       0.34341666192450715        7.9856061725863004E-003
   87.899999999999551       0.35791423369761893        7.7096585174473474E-003
   87.999999999999545       0.36425455883971047        7.6074609092038796E-003
   88.099999999999540       0.39010235171264729        8.3601567995092128E-003
   88.199999999999534       0.41364024399432614        8.8623973990285126E-003
   88.299999999999528       0.43530983557711328        9.0160629709435010E-003
   88.399999999999523       0.47025379410691009        9.6446476794463786E-003
   88.499999999999517       0.47876986883902156        8.8893454317991658E-003
   88.599999999999511       0.49475861902930907        9.1895024340904585E-003
   88.699999999999505       0.54140213690572880        9.9495944399020774E-003
   88.799999999999500       0.58126090375927053        1.0523569876410505E-002
   88.899999999999494       0.60681243903802262        1.0506598738620086E-002
   88.999999999999488       0.66290459480522201        1.1578404636024397E-002
   89.099999999999483       0.70472605236879626        1.2038125176826732E-002
   89.199999999999477       0.74459039562682050        1.1885527193276752E-002
   89.299999999999471       0.81122097678402549        1.3196005873578710E-002
   89.399999999999466       0.84021390685646358        1.2263684854549962E-002
   89.499999999999460       0.93745222986742172        1.4380449138337869E-002
   89.599999999999454       0.98161067982469263        1.3816149029603639E-002
   89.699999999999449        1.0534646019053477        1.4592685255663325E-002
   89.799999999999443        1.1528327819669784        1.5831902708328360E-002
   89.899999999999437        1.1973806421064488        1.4574175141299307E-002
   89.999999999999432        1.3316865066286199        1.6443086419068245E-002
   90.099999999999426        1.4253852108723621        1.6966836317735823E-002
   90.199999999999420        1.5290795564220279        1.8104921569959118E-002
   90.299999999999415        1.6058263467278684        1.7513425703768001E-002
   90.399999999999409        1.7267971066133732        1.8858147575018750E-002
   90.499999999999403        1.8457567007321756        1.9327895576359205E-002
   90.599999999999397        1.9639522568482812        2.0701401849648624E-002
   90.699999999999392        2.0696793436767802        2.1311629303844816E-002
   90.799999999999386        2.1636068628430345        2.1518832400039326E-002
   90.899999999999380        2.1795231674238869        2.1257738146552206E-002
   90.999999999999375        2.2663493122010587        2.2107698997532298E-002
   91.099999999999369        2.2419088810268017        2.1655801043683687E-002
   91.199999999999363        2.2971677091681380        2.2740030245520498E-002
   91.299999999999358        2.2354649977954835        2.1241343947291411E-002
   91.399999999999352        2.2121338416783756        2.1922460859373608E-002
   91.499999999999346        2.1077497879873750        2.1252298268395243E-002
   91.599999999999341        2.0301143241739399        2.0672150781498463E-002
   91.699999999999335        1.9668192383573744        2.0822682125600490E-002
   91.799999999999329        1.8020433440443635        1.9233434954984842E-002
   91.899999999999324        1.7303628943384017        1.9152069398810385E-002
   91.999999999999318        1.6097465652960510        1.8048783753833800E-002
   92.099999999999312        1.5037343466691642        1.6872059583149693E-002
   92.199999999999307        1.4061663537508600        1.6540142481623641E-002
   92.299999999999301        1.3295327047637282        1.6355698045662146E-002
   92.399999999999295        1.2212792103271104        1.4961431737344717E-002
   92.499999999999289        1.1563610486723424        1.4801507926173973E-002
   92.599999999999284        1.0749606230726860        1.4309411249568638E-002
   92.699999999999278        1.0319649966987472        1.4212330857827089E-002
   92.799999999999272       0.94859945502176646        1.3058289858855916E-002
   92.899999999999267       0.90928876930574765        1.3085661181648441E-002
   92.999999999999261       0.85429574214714676        1.2173112611349795E-002
   93.099999999999255       0.79917745634414028        1.1644340958533913E-002
   93.199999999999250       0.75466456136805160        1.1737258146204185E-002
   93.299999999999244       0.71511059074161909        1.0840884757935990E-002
   93.399999999999238       0.68507536210692288        1.0872110155035853E-002
   93.499999999999233       0.65186750675604432        1.0559282479386206E-002
   93.599999999999227       0.61971185726865841        9.7589396386145791E-003
   93.699999999999221       0.59770639275092352        9.7291077863431129E-003
   93.799999999999216       0.57355478456091469        9.2246271991445888E-003
   93.899999999999210       0.53499080338053118        8.4611908286930902E-003
   93.999999999999204       0.52292542931393093        8.6127333718694337E-003
   94.099999999999199       0.48997596366786073        8.0748276249415409E-003
   94.199999999999193       0.48586191097222964        8.0683902421059290E-003
   94.299999999999187       0.46083065868755407        7.5885301062200974E-003
   94.399999999999181       0.44019639561805585        7.5457488244014435E-003
   94.499999999999176       0.43698287194084251        7.5361056230978437E-003
   94.599999999999170       0.42311871519330824        7.0359527617292490E-003
   94.699999999999164       0.39723255886939041        6.6806254649936772E-003
   94.799999999999159       0.40273712081626539        6.9987497446408926E-003
   94.899999999999153       0.39048067651836799        6.8821612365525132E-003
   94.999999999999147       0.36593555276144335        6.1052995250013859E-003
   95.099999999999142       0.36246695193896283        6.1939783046211019E-003
   95.199999999999136       0.35333836989607631        6.1180264060745745E-003
   95.299999999999130       0.34061212581137862        5.5659377377393965E-003
   95.399999999999125       0.35070615928754534        6.0232550024683406E-003
   95.499999999999119       0.33486121963368315        5.6445580922334978E-003
   95.599999999999113       0.31996495485974313        5.3711839089000861E-003
   95.699999999999108       0.32295886396707441        5.1874524738367098E-003
   95.799999999999102       0.30468645072407941        4.8949451291232992E-003
   95.899999999999096       0.30929413080543722        4.9441057884088441E-003
   95.999999999999091       0.29682745505917851        4.4820326706101719E-003
   96.099999999999085       0.29966145709384623        4.7719425938697272E-003
   96.199999999999079       0.29398415373353604        4.5672407619641673E-003
   96.299999999999073       0.28628505708458918        4.3234545366090393E-003
   96.399999999999068       0.28761986387159316        4.4464873012004542E-003
   96.499999999999062       0.27647211632346413        4.1099175943440933E-003
   96.599999999999056       0.27787894680098280        4.0708417666596311E-003
   96.699999999999051       0.27718430432495778        3.9998263309757118E-003
   96.799999999999045       0.27671191295779607        3.8840037980764925E-003
   96.899999999999039       0.27697694189168004        3.9080924480730042E-003
   96.999999999999034       0.26876838738241760        3.5927420727568733E-003
   97.099999999999028       0.26953658485768189        3.5909737007835552E-003
   97.199999999999022       0.26619310977239102        3.4974178103947388E-003
   97.299999999999017       0.26876584205183290        3.4461968880465802E-003
   97.399999999999011       0.27208129114195312        3.5024216617267089E-003
   97.499999999999005       0.27010815371754182        3.2775490957353587E-003
   97.599999999999000       0.27515365966808414        3.3015061970171752E-003
   97.699999999998994       0.27134665038905681        3.1494855980355859E-003
   97.799999999998988       0.27426233129167360        3.1120054627850535E-003
   97.899999999998983       0.27534720135319057        3.0220433872276452E-003
   97.999999999998977       0.27801891058323297        2.9996213204776683E-003
   98.099999999998971       0.28089846029500154        2.8360456032027540E-003
   98.199999999998965       0.28511531623276276        2.8391648175309556E-003
   98.299999999998960       0.29055769909359958        2.8317827236143617E-003
   98.399999999998954       0.30001044327957005        2.7679008154550115E-003
   98.499999999998948       0.30397631655060292        2.7121812427128621E-003
   98.599999999998943       0.30734909501399726        2.5871740373094999E-003
   98.699999999998937       0.32049080021468562        2.6246099166633238E-003
   98.799999999998931       0.33523809117448355        2.6207316890322139E-003
   98.899999999998926       0.34675112022163890        2.5427249511666191E-003
   98.999999999998920       0.35649707821720472        2.4313877155565187E-003
   99.099999999998914       0.37979139008146756        2.4542886072549995E-003
   99.199999999998909       0.40168028823736018        2.4036576468832319E-003
   99.299999999998903       0.43167171119138659        2.3805281384045069E-003
   99.399999999998897       0.46814742862145864        2.3421394835809132E-003
   99.499999999998892       0.51974388940739980        2.3101967972249896E-003
   99.599999999998886       0.59029067505014354        2.2729138516191247E-003
   99.699999999998880       0.70150898260459116        2.2398323139309288E-003
   99.799999999998875       0.90799153643680364        2.2060793555183505E-003
   99.899999999998869        1.1469485469664757        1.8513019320032225E-003
