   0.0000000000000000        10.989544675731285        2.6660979049993108E-002
  0.25000000000000000        1.4177615192261765        9.4960446630461721E-003
  0.50000000000000000       0.84824375612803526        7.7396011423135928E-003
  0.75000000000000000       0.59886193457810211        6.4456761921072381E-003
   1.0000000000000000       0.46279293867722548        5.5330564225407617E-003
   1.2500000000000000       0.38186649502764480        5.0094961243244114E-003
   1.5000000000000000       0.32194086151061591        4.7694933189018334E-003
   1.7500000000000000       0.27351664479625593        4.2850966233908411E-003
   2.0000000000000000       0.24335406303948154        4.1900358850834934E-003
   2.2500000000000000       0.20630890113412229        3.4130298644203362E-003
   2.5000000000000000       0.19375335798757592        3.6435143353788463E-003
   2.7500000000000000       0.18124187104121309        3.7845931745059775E-003
   3.0000000000000000       0.15878684333325413        3.3704488134269584E-003
   3.2500000000000000       0.14691476127634320        3.0308766756053248E-003
   3.5000000000000000       0.13474378925974342        2.9461802105230609E-003
   3.7500000000000000       0.12180682833230023        2.6356578117913841E-003
   4.0000000000000000       0.11379213098400751        2.6434390552222925E-003
   4.2500000000000000       0.11082798890253454        2.9064237499260752E-003
   4.5000000000000000        9.6811917972334252E-002   2.2168092659469031E-003
   4.7500000000000000        9.7059560775657985E-002   2.7544267437000810E-003
   5.0000000000000000        8.9010163721009006E-002   2.3018782032502871E-003
   5.2500000000000000        8.0199055757501622E-002   2.1516125275789187E-003
   5.5000000000000000        7.5867512183667801E-002   1.9420749144801099E-003
   5.7500000000000000        7.0365233706746438E-002   1.8855820509214951E-003
   6.0000000000000000        6.9564375407570295E-002   2.0791599702088270E-003
   6.2500000000000000        6.5608265674783242E-002   2.1430304670604860E-003
   6.5000000000000000        6.3119183457827174E-002   2.1174070880343046E-003
   6.7500000000000000        6.0875468660639573E-002   1.9893510150459878E-003
   7.0000000000000000        5.4093912772299357E-002   1.7340585710186771E-003
   7.2500000000000000        5.7082570574484265E-002   2.2810341205680373E-003
   7.5000000000000000        5.1641393601421275E-002   1.7921615472889932E-003
   7.7500000000000000        5.1020217670488255E-002   2.0359818225735796E-003
   8.0000000000000000        4.7227644575916508E-002   1.8724920826873443E-003
   8.2500000000000000        4.3209147567043443E-002   1.5405590453466409E-003
   8.5000000000000000        4.3200714192356944E-002   1.6324345601741678E-003
   8.7500000000000000        3.9836434363536455E-002   1.4401084947427362E-003
   9.0000000000000000        3.8974979758612603E-002   1.4844140525815377E-003
   9.2500000000000000        3.5040263063964280E-002   1.3687128460198484E-003
   9.5000000000000000        3.7897723109792669E-002   1.7424786022483965E-003
   9.7500000000000000        3.2992124730399523E-002   1.2955078569179762E-003
   10.000000000000000        3.5548132167052368E-002   1.8044643168209783E-003
   10.250000000000000        3.2760440268365533E-002   1.6326574593198203E-003
   10.500000000000000        3.2123660917333895E-002   1.5608787411217240E-003
   10.750000000000000        2.7399731398180742E-002   1.1197091193357513E-003
   11.000000000000000        3.0127588617358442E-002   1.3406308618511581E-003
   11.250000000000000        2.6069988980969020E-002   1.2176015126043828E-003
   11.500000000000000        2.5494385606583549E-002   1.2632148674726986E-003
   11.750000000000000        2.5305836721976911E-002   1.3724575078401832E-003
   12.000000000000000        2.2964080026940632E-002   9.6012359215830385E-004
   12.250000000000000        2.4206517069174326E-002   1.4669662576050080E-003
   12.500000000000000        2.5424748737618928E-002   1.5881660826577431E-003
   12.750000000000000        2.1743193350230238E-002   1.2014065127492288E-003
   13.000000000000000        2.0866173739218952E-002   1.1569540141509477E-003
   13.250000000000000        1.8600869152170969E-002   9.8071481498146333E-004
   13.500000000000000        1.8881106535473074E-002   1.1117171923628539E-003
   13.750000000000000        1.7305449503949938E-002   9.9793292682738891E-004
   14.000000000000000        1.6214569808692191E-002   7.6404213231483426E-004
   14.250000000000000        1.6070894852292801E-002   1.0100470783934510E-003
   14.500000000000000        1.4194424765682362E-002   7.5317986278352603E-004
   14.750000000000000        1.4226912799696959E-002   8.7751645390891334E-004
   15.000000000000000        1.4345285667118344E-002   9.0025320605760810E-004
   15.250000000000000        1.3746674771723994E-002   9.9190680455553599E-004
   15.500000000000000        1.2429882178977929E-002   7.8481712182091527E-004
   15.750000000000000        1.2886420765106005E-002   8.3012645137607371E-004
   16.000000000000000        1.2553464369448812E-002   9.4055445614727048E-004
   16.250000000000000        1.1284148043378159E-002   9.4239723306880035E-004
   16.500000000000000        1.1460754541431795E-002   1.0001419948945712E-003
   16.750000000000000        1.2051830650327897E-002   1.1044337929345294E-003
   17.000000000000000        1.0592439110590022E-002   1.0743341936703160E-003
   17.250000000000000        9.5385297035734569E-003   6.8170313243124303E-004
   17.500000000000000        9.9997015041088187E-003   1.0732073092178877E-003
   17.750000000000000        6.9855981911734000E-003   4.3650339971462000E-004
   18.000000000000000        8.2274209374913459E-003   5.5257772582404025E-004
   18.250000000000000        6.5980985140300851E-003   5.6144165110608797E-004
   18.500000000000000        6.2982977414679795E-003   4.8977665260913777E-004
   18.750000000000000        5.8301452944731448E-003   3.3710077159007017E-004
   19.000000000000000        6.1690183068288098E-003   7.2156783955141287E-004
   19.250000000000000        6.0768315168271674E-003   6.2534121347997910E-004
   19.500000000000000        5.3484161915643511E-003   5.4277825827889735E-004
   19.750000000000000        4.0086392293220028E-003   3.7237598845325537E-004
   20.000000000000000        3.1911251177757149E-003   2.3093456137654174E-004
   20.250000000000000        3.5679003105371209E-003   6.2123222751664549E-004
   20.500000000000000        2.8624314453806767E-003   2.4751311385608969E-004
   20.750000000000000        2.3841963430197947E-003   2.2903250836676830E-004
   21.000000000000000        1.7734770017112606E-003   1.3061559181376764E-004
   21.250000000000000        1.9855044867092648E-003   2.3401590513719283E-004
   21.500000000000000        1.5870714421632719E-003   1.5855876021707351E-004
   21.750000000000000        1.7137982454877487E-003   2.7360786577771508E-004
   22.000000000000000        1.6101533645985877E-003   3.4450712462472485E-004
   22.250000000000000        1.0647197695788364E-003   1.6958389097870749E-004
   22.500000000000000        1.1561429843670434E-003   1.3958484463528304E-004
   22.750000000000000        1.3327449302550447E-003   3.2660580623803228E-004
   23.000000000000000        8.2404887973552973E-004   1.2761895735868213E-004
   23.250000000000000        7.8141448624581848E-004   1.3163410711297145E-004
   23.500000000000000        6.3785198661139777E-004   8.4691215177807802E-005
   23.750000000000000        6.5480339618437526E-004   1.0773154638755196E-004
   24.000000000000000        5.6185621795224318E-004   1.0677980471127593E-004
   24.250000000000000        4.8519031386398762E-004   1.0738042574373210E-004
   24.500000000000000        5.2813312601079877E-004   1.1233418991305868E-004
   24.750000000000000        3.8774023967559726E-004   1.0742104005154697E-004
   25.000000000000000        3.8741536590029466E-004   1.0505379844065522E-004
   25.250000000000000        2.3713983096156579E-004   3.1385352957255550E-005
   25.500000000000000        2.4129233868238042E-004   5.5967480536118053E-005
   25.750000000000000        5.9810421141520556E-004   3.1212636275378168E-004
   26.000000000000000        2.1661114560390775E-004   6.2085815698848960E-005
   26.250000000000000        1.9309513239531347E-004   3.4571212859293076E-005
   26.500000000000000        1.7016432101732494E-004   3.6828674821550514E-005
   26.750000000000000        1.9868354144994717E-004   8.3823549448352295E-005
   27.000000000000000        2.3182464532434566E-004   1.0790499994887231E-004
   27.250000000000000        6.5711311079623332E-005   1.2725001659981440E-005
   27.500000000000000        1.6244939079869362E-004   6.6685808179189982E-005
   27.750000000000000        2.6987824869492309E-004   1.6104759993936112E-004
   28.000000000000000        1.2304585443910742E-004   2.9074860730725480E-005
   28.250000000000000        1.0290327732243771E-004   2.8308886250928209E-005
   28.500000000000000        1.7288781105142680E-004   4.4193838990656654E-005
   28.750000000000000        4.9294808764850813E-004   3.5264619952393407E-004
   29.000000000000000        7.1190280111123154E-005   1.4967446076793348E-005
   29.250000000000000        2.6060103120025674E-004   1.8899765893269261E-004
   29.500000000000000        7.4264611091160441E-005   1.9594689593454421E-005
   29.750000000000000        6.3393281898369713E-005   1.3020129990131803E-005
   30.000000000000000        1.5837829191654753E-004   9.4642141401616483E-005
   30.250000000000000        7.7512332120190439E-005   2.4944383884805831E-005
   30.500000000000000        6.8194677952120432E-005   2.0596692163958741E-005
   30.750000000000000        1.8327711096639484E-005   5.9017499936811188E-006
   31.000000000000000        3.0511996849385393E-005   9.3408806341525316E-006
   31.250000000000000        3.9821417482590582E-005   1.7599718507567837E-005
   31.500000000000000        5.0504661491346463E-005   2.4423558088661577E-005
   31.750000000000000        2.8853194335302387E-005   1.2580409477288487E-005
   32.000000000000000        3.0365620704706907E-005   1.2863785539549817E-005
   32.250000000000000        2.5852342866829508E-005   1.1787567809945894E-005
   32.500000000000000        2.5518439411129579E-005   1.9895894152156842E-005
   32.750000000000000        1.5795163586091769E-005   4.3439900846687735E-006
   33.000000000000000        1.7511641116782600E-005   6.4978430120148549E-006
   33.250000000000000        1.3856871275389815E-005   8.5985588298805684E-006
   33.500000000000000        5.6623109659640572E-006   2.6490176672187964E-006
   33.750000000000000        8.6763798501040445E-006   3.6997338108777167E-006
   34.000000000000000        1.6273659155986702E-005   6.3786317624337173E-006
   34.250000000000000        1.0032235608881861E-005   4.4026105567677394E-006
   34.500000000000000        2.0372704399584915E-006   1.3786112452635738E-006
   34.750000000000000        3.6217310687441066E-006   1.9188209758828067E-006
   35.000000000000000        7.5204888860441490E-006   3.2825983799415299E-006
   35.250000000000000        3.8522033380068417E-006   2.0165751030199492E-006
   35.500000000000000        6.1979216487953489E-006   3.2888658683753189E-006
   35.750000000000000        4.9886268487816115E-006   2.6037546737676318E-006
   36.000000000000000        8.9569959416944971E-006   4.5978651554852427E-006
   36.250000000000000        6.4671263120788630E-007   6.4671260767852652E-007
   36.500000000000000        7.6776945390876992E-007   7.6776942597499721E-007
   36.750000000000000        0.0000000000000000        0.0000000000000000     
   37.000000000000000        0.0000000000000000        0.0000000000000000     
   37.250000000000000        9.3056406151722776E-007   9.3056402766049500E-007
   37.500000000000000        0.0000000000000000        0.0000000000000000     
   37.750000000000000        0.0000000000000000        0.0000000000000000     
   38.000000000000000        0.0000000000000000        0.0000000000000000     
   38.250000000000000        0.0000000000000000        0.0000000000000000     
   38.500000000000000        0.0000000000000000        0.0000000000000000     
   38.750000000000000        0.0000000000000000        0.0000000000000000     
   39.000000000000000        0.0000000000000000        0.0000000000000000     
   39.250000000000000        0.0000000000000000        0.0000000000000000     
   39.500000000000000        0.0000000000000000        0.0000000000000000     
   39.750000000000000        0.0000000000000000        0.0000000000000000     
   40.000000000000000        0.0000000000000000        0.0000000000000000     
   40.250000000000000        0.0000000000000000        0.0000000000000000     
   40.500000000000000        0.0000000000000000        0.0000000000000000     
   40.750000000000000        0.0000000000000000        0.0000000000000000     
   41.000000000000000        0.0000000000000000        0.0000000000000000     
   41.250000000000000        0.0000000000000000        0.0000000000000000     
   41.500000000000000        0.0000000000000000        0.0000000000000000     
   41.750000000000000        0.0000000000000000        0.0000000000000000     
   42.000000000000000        0.0000000000000000        0.0000000000000000     
   42.250000000000000        0.0000000000000000        0.0000000000000000     
   42.500000000000000        0.0000000000000000        0.0000000000000000     
   42.750000000000000        0.0000000000000000        0.0000000000000000     
   43.000000000000000        0.0000000000000000        0.0000000000000000     
   43.250000000000000        0.0000000000000000        0.0000000000000000     
   43.500000000000000        0.0000000000000000        0.0000000000000000     
   43.750000000000000        0.0000000000000000        0.0000000000000000     
   44.000000000000000        0.0000000000000000        0.0000000000000000     
   44.250000000000000        0.0000000000000000        0.0000000000000000     
   44.500000000000000        0.0000000000000000        0.0000000000000000     
   44.750000000000000        0.0000000000000000        0.0000000000000000     
   45.000000000000000        0.0000000000000000        0.0000000000000000     
   45.250000000000000        0.0000000000000000        0.0000000000000000     
   45.500000000000000        0.0000000000000000        0.0000000000000000     
   45.750000000000000        0.0000000000000000        0.0000000000000000     
   46.000000000000000        0.0000000000000000        0.0000000000000000     
   46.250000000000000        0.0000000000000000        0.0000000000000000     
   46.500000000000000        0.0000000000000000        0.0000000000000000     
   46.750000000000000        0.0000000000000000        0.0000000000000000     
   47.000000000000000        0.0000000000000000        0.0000000000000000     
   47.250000000000000        0.0000000000000000        0.0000000000000000     
   47.500000000000000        0.0000000000000000        0.0000000000000000     
   47.750000000000000        0.0000000000000000        0.0000000000000000     
   48.000000000000000        0.0000000000000000        0.0000000000000000     
   48.250000000000000        0.0000000000000000        0.0000000000000000     
   48.500000000000000        0.0000000000000000        0.0000000000000000     
   48.750000000000000        0.0000000000000000        0.0000000000000000     
   49.000000000000000        0.0000000000000000        0.0000000000000000     
   49.250000000000000        0.0000000000000000        0.0000000000000000     
   49.500000000000000        0.0000000000000000        0.0000000000000000     
   49.750000000000000        0.0000000000000000        0.0000000000000000     
