 -0.50000000000000000        2.3703064264875465E-002   4.0028736783074446E-003
 -0.49500000000000000        2.3257036955272065E-002   2.8827784933499138E-003
 -0.48999999999999999        1.9649654278158089E-002   3.0180977578922090E-003
 -0.48499999999999999        2.8731387526614346E-002   5.5783722766442759E-003
 -0.47999999999999998        2.1232865977260599E-002   3.7382980818923546E-003
 -0.47499999999999998        2.8970544617546765E-002   4.3044220717334582E-003
 -0.46999999999999997        3.7737284089740711E-002   1.0086711757816504E-002
 -0.46499999999999997        2.8342803050873801E-002   4.4252142661700602E-003
 -0.45999999999999996        3.3785711892904573E-002   6.1425789776229671E-003
 -0.45499999999999996        2.8448646803977400E-002   4.2961789141053915E-003
 -0.44999999999999996        3.2547984086928675E-002   4.8019731668150663E-003
 -0.44499999999999995        3.5281155660930881E-002   4.3327680797736433E-003
 -0.43999999999999995        3.9633529201044848E-002   5.8077673475173614E-003
 -0.43499999999999994        3.1584497423673294E-002   3.4766645954997723E-003
 -0.42999999999999994        4.1276627713943380E-002   6.8451685107192035E-003
 -0.42499999999999993        3.8017126400011363E-002   3.7475900906174852E-003
 -0.41999999999999993        4.4290005024972809E-002   7.7139572075824317E-003
 -0.41499999999999992        5.2365636983899608E-002   1.1198958357431094E-002
 -0.40999999999999992        4.9644901817019985E-002   5.7319667368585583E-003
 -0.40499999999999992        3.9678213921314924E-002   3.8243382395532245E-003
 -0.39999999999999991        4.8071478748710976E-002   5.3547232128986644E-003
 -0.39499999999999991        6.7421320832958459E-002   1.1607101289918752E-002
 -0.38999999999999990        5.3517437775931646E-002   5.6909141442087778E-003
 -0.38499999999999990        6.3946760773967160E-002   1.3260242186154320E-002
 -0.37999999999999989        4.8601807035295493E-002   6.0731886988313949E-003
 -0.37499999999999989        6.1121787776604770E-002   5.7820285640778814E-003
 -0.36999999999999988        5.7028767904597467E-002   5.9161087885070771E-003
 -0.36499999999999988        7.1147946692986047E-002   8.2946607738664923E-003
 -0.35999999999999988        8.9906205443527495E-002   1.2613010125018639E-002
 -0.35499999999999987        7.5548193315143411E-002   9.9565763571706923E-003
 -0.34999999999999987        9.0980663215625035E-002   1.1975650035833499E-002
 -0.34499999999999986        7.3546443440978285E-002   7.8249448285770493E-003
 -0.33999999999999986        7.0838114562336629E-002   5.1983470409828255E-003
 -0.33499999999999985        8.6166034342018569E-002   9.1155379423102766E-003
 -0.32999999999999985       0.10076926394000435        1.3293680232325869E-002
 -0.32499999999999984        9.5380488179190578E-002   9.1050771957530800E-003
 -0.31999999999999984        9.5375424619130747E-002   1.1955656553480553E-002
 -0.31499999999999984        9.9749246923416926E-002   1.4514305311954813E-002
 -0.30999999999999983       0.12013801323184412        1.1020970990546722E-002
 -0.30499999999999983       0.13338463518323443        1.1714206158743710E-002
 -0.29999999999999982       0.13370593023302063        1.1873055319297283E-002
 -0.29499999999999982       0.15028637361671543        1.4492169491979245E-002
 -0.28999999999999981       0.14202716869818360        1.3409289755100666E-002
 -0.28499999999999981       0.17872322744795496        1.2801122061873929E-002
 -0.27999999999999980       0.16471395652846252        1.3234839971505208E-002
 -0.27499999999999980       0.18715325911617878        1.5856750667773426E-002
 -0.26999999999999980       0.26001607204220090        2.8677604046914169E-002
 -0.26499999999999979       0.21898597349390808        1.6836320154043641E-002
 -0.25999999999999979       0.20866950016378877        1.6444240043927475E-002
 -0.25499999999999978       0.27943568920076639        2.3838242513215577E-002
 -0.24999999999999978       0.29078515524324339        2.5124806802553440E-002
 -0.24499999999999977       0.28823149390572284        2.3058405346049384E-002
 -0.23999999999999977       0.26774512709832549        1.7124562324332335E-002
 -0.23499999999999976       0.35943315520797298        2.3866936793091032E-002
 -0.22999999999999976       0.40632474776701411        3.0222588241030909E-002
 -0.22499999999999976       0.41165239910407014        2.6578634981726999E-002
 -0.21999999999999975       0.50888450206993285        3.5561884173635983E-002
 -0.21499999999999975       0.48739137337137195        2.6739580537271445E-002
 -0.20999999999999974       0.53606633877881882        2.8698736764716151E-002
 -0.20499999999999974       0.60006135658617765        3.4291418055156168E-002
 -0.19999999999999973       0.73225452389553702        4.6487699741389422E-002
 -0.19499999999999973       0.77082536102448884        3.9352977211420004E-002
 -0.18999999999999972       0.84729117439419166        4.6516523394759549E-002
 -0.18499999999999972        1.0331230777196609        4.9043584314958803E-002
 -0.17999999999999972        1.1427573774413264        5.6287928121086378E-002
 -0.17499999999999971        1.4606718383989832        7.0206000505017907E-002
 -0.16999999999999971        1.5040472451068327        6.8923108661931604E-002
 -0.16499999999999970        1.9652105955692063        9.3124576743748577E-002
 -0.15999999999999970        2.1616399672313360        9.2774817259485248E-002
 -0.15499999999999969        2.6040852911729515        9.9258378082722781E-002
 -0.14999999999999969        3.0726850651313287       0.10829597011703744     
 -0.14499999999999968        3.8271188544225510       0.13334874009457681     
 -0.13999999999999968        4.7795980993875737       0.15047587394404749     
 -0.13499999999999968        6.4613432656932828       0.19827745840825881     
 -0.12999999999999967        8.1419204181526865       0.23333698675215808     
 -0.12499999999999967        10.520540054075560       0.25898822290167312     
 -0.11999999999999966        14.405948405546326       0.31143372002692654     
 -0.11499999999999966        20.807203536479140       0.38340428560178647     
 -0.10999999999999965        32.027714977755579       0.50417236517080810     
 -0.10499999999999965        46.852257005627173       0.61851917381738397     
  -9.9999999999999645E-002   64.268494954073233       0.71799525688275578     
  -9.4999999999999640E-002   77.422264459124804       0.75275540984731215     
  -8.9999999999999636E-002   78.100870916721547       0.68088102868064981     
  -8.4999999999999631E-002   71.066812616775593       0.60112552069746528     
  -7.9999999999999627E-002   61.183214039693503       0.49802547270719350     
  -7.4999999999999623E-002   53.812264735281090       0.42848672908551461     
  -6.9999999999999618E-002   47.097249229583916       0.35249568336810277     
  -6.4999999999999614E-002   41.727508371879424       0.29049602245033723     
  -5.9999999999999616E-002   38.365340886065596       0.25482391534878163     
  -5.4999999999999619E-002   36.111623289205198       0.23547836512501810     
  -4.9999999999999621E-002   33.851104255646071       0.20423937717818330     
  -4.4999999999999624E-002   32.172760925808511       0.17496620362655529     
  -3.9999999999999626E-002   31.595070952611731       0.16619761676919534     
  -3.4999999999999629E-002   30.840745016629214       0.14356593584000829     
  -2.9999999999999628E-002   30.633330226091964       0.12883260208862862     
  -2.4999999999999627E-002   31.279138286406504       0.12026098433028957     
  -1.9999999999999626E-002   32.565601055841391       0.10913637178534810     
  -1.4999999999999625E-002   35.191006112998295       0.10205174658926475     
  -9.9999999999996238E-003   42.055029173226586        9.7439653612561836E-002
  -4.9999999999996237E-003   85.514189494974573        9.6532311357029124E-002
   3.7643499428696714E-016   85.612099070101081        9.6662824539849840E-002
   5.0000000000003765E-003   41.861166090741541        9.7226064023399145E-002
   1.0000000000000377E-002   35.289701614925669       0.10188875790234518     
   1.5000000000000378E-002   32.579310957720025       0.11079088501013444     
   2.0000000000000379E-002   31.121016101919636       0.12056831845752061     
   2.5000000000000380E-002   30.597658589739694       0.13052392956909437     
   3.0000000000000377E-002   30.554785233243848       0.14060757340520816     
   3.5000000000000378E-002   31.647016067447296       0.16336685893847686     
   4.0000000000000376E-002   32.423151752671920       0.17870207005524363     
   4.5000000000000373E-002   33.705949672330448       0.20024708840672367     
   5.0000000000000371E-002   35.787532850028178       0.21982893577652871     
   5.5000000000000368E-002   38.659531312625120       0.26513132199746176     
   6.0000000000000366E-002   42.270869339590206       0.30420812461950192     
   6.5000000000000363E-002   47.180500289126201       0.35498583006194578     
   7.0000000000000367E-002   54.179097506112541       0.43453173458429467     
   7.5000000000000372E-002   60.808777979013229       0.49258209366946648     
   8.0000000000000376E-002   70.057140660054600       0.58193397566750704     
   8.5000000000000381E-002   78.601438703257642       0.69140979859155627     
   9.0000000000000385E-002   77.260408292324030       0.74842297945353775     
   9.5000000000000390E-002   65.045280344002904       0.72855974482097463     
  0.10000000000000039        46.140671309434758       0.60044292581403813     
  0.10500000000000040        31.194238188045148       0.49278169004183575     
  0.11000000000000040        21.564201409046404       0.41054193323540705     
  0.11500000000000041        15.122546973743987       0.32440902832217777     
  0.12000000000000041        10.675173584476653       0.26178176848861212     
  0.12500000000000042        7.9398812814160484       0.22101901663798365     
  0.13000000000000042        6.1238943364580392       0.19048005333095269     
  0.13500000000000043        4.6833501540891831       0.14977341177515102     
  0.14000000000000043        3.9971620886573933       0.14610976638402787     
  0.14500000000000043        3.1386717457123985       0.11541180023125729     
  0.15000000000000044        2.4848988967124499        9.7313770857737097E-002
  0.15500000000000044        2.0717356832317133        8.2242579307411967E-002
  0.16000000000000045        1.8641473008472325        8.1124547025080262E-002
  0.16500000000000045        1.6187409343976751        7.5194402035322447E-002
  0.17000000000000046        1.3639157695369233        6.3527748050018262E-002
  0.17500000000000046        1.1237076092038838        5.3908305239075152E-002
  0.18000000000000047        1.0946241360627427        5.6399620106015319E-002
  0.18500000000000047       0.84381776017170185        4.6354875046499419E-002
  0.19000000000000047       0.72794486732064678        3.6593312561782831E-002
  0.19500000000000048       0.68671470380881916        3.7116031652440505E-002
  0.20000000000000048       0.62424681911064472        3.8539314176596680E-002
  0.20500000000000049       0.54270220074712416        3.3956729066546093E-002
  0.21000000000000049       0.49069583040821141        3.0439142830185242E-002
  0.21500000000000050       0.45614988564902659        3.0022266365753777E-002
  0.22000000000000050       0.43296760846782179        2.8992074049364137E-002
  0.22500000000000051       0.42368478947820726        3.0081088241914286E-002
  0.23000000000000051       0.37608463108758222        2.4015138254556090E-002
  0.23500000000000051       0.30142377846675295        2.1710410721801424E-002
  0.24000000000000052       0.30102713823681948        2.4497936423244965E-002
  0.24500000000000050       0.26315114009005691        1.9594266661876299E-002
  0.25000000000000050       0.27196366937066402        2.1610509622202984E-002
  0.25500000000000050       0.27126727133595302        2.5760219680867284E-002
  0.26000000000000051       0.20377440703681629        1.4475414701823336E-002
  0.26500000000000051       0.19225345050193854        1.5305403708654176E-002
  0.27000000000000052       0.22043063970544227        2.1252846561164454E-002
  0.27500000000000052       0.14540635409943550        1.0554298144802365E-002
  0.28000000000000053       0.16336552343747321        1.1839524980989172E-002
  0.28500000000000053       0.14094097026350408        1.1545145134570604E-002
  0.29000000000000054       0.15476841624108120        1.5467278905290874E-002
  0.29500000000000054       0.15887197089516175        1.6892587666381055E-002
  0.30000000000000054       0.12370861787303557        1.2111026316817181E-002
  0.30500000000000055       0.11285518610284360        9.0293823952607589E-003
  0.31000000000000055       0.12401067161423496        1.3665163308735387E-002
  0.31500000000000056       0.10900193155963792        1.0415044735037156E-002
  0.32000000000000056        8.8800682191151309E-002   7.3784489820271594E-003
  0.32500000000000057        7.7229089702163856E-002   6.0185610797273501E-003
  0.33000000000000057        9.8850300547027217E-002   1.3165210699520325E-002
  0.33500000000000058        9.9230545011366592E-002   1.2262687093200254E-002
  0.34000000000000058        8.0531903972256305E-002   7.9890061113787152E-003
  0.34500000000000058        7.9450111226138070E-002   7.3430199659462441E-003
  0.35000000000000059        7.3776554160206981E-002   8.7135072359099848E-003
  0.35500000000000059        6.6098571027424058E-002   8.2711494928211851E-003
  0.36000000000000060        6.5703727956057265E-002   9.7441035930763090E-003
  0.36500000000000060        6.8746353615366101E-002   8.8387493830513943E-003
  0.37000000000000061        6.7957175958688956E-002   8.9438203319001895E-003
  0.37500000000000061        6.3904567777987933E-002   7.6681561906027209E-003
  0.38000000000000062        5.4799190880484697E-002   7.0819976670773842E-003
  0.38500000000000062        5.0552724599661050E-002   7.4661362428573531E-003
  0.39000000000000062        4.1789843645722469E-002   4.0189675700984173E-003
  0.39500000000000063        4.2240489077699818E-002   4.4682721563645165E-003
  0.40000000000000063        4.6054492760809140E-002   5.2460367709535830E-003
  0.40500000000000064        4.3431946432104060E-002   5.7380133964935959E-003
  0.41000000000000064        4.7923997906489220E-002   7.9788738615082337E-003
  0.41500000000000065        4.2094013922257888E-002   6.4514275128192706E-003
  0.42000000000000065        3.6524934730249134E-002   4.4832179020400558E-003
  0.42500000000000066        3.6129209204879026E-002   4.9643404246009120E-003
  0.43000000000000066        3.5823898851999977E-002   4.7997791742957329E-003
  0.43500000000000066        3.5041186840568769E-002   4.9174427013644086E-003
  0.44000000000000067        3.2974509672944859E-002   5.0149336222312605E-003
  0.44500000000000067        3.5112741445528804E-002   4.2839652500069178E-003
  0.45000000000000068        2.8663102557769472E-002   3.4232998321856232E-003
  0.45500000000000068        3.8923129944713759E-002   5.6544940792437604E-003
  0.46000000000000069        4.1696216719409387E-002   6.8866240959001845E-003
  0.46500000000000069        2.4698411696550810E-002   2.7030407469055447E-003
  0.47000000000000069        2.0244733457194124E-002   2.3197758785699569E-003
  0.47500000000000070        1.8678932782154871E-002   2.1359866391965614E-003
  0.48000000000000070        2.1553409633848834E-002   2.6598300221029828E-003
  0.48500000000000071        2.6673218370164970E-002   4.3535621059780745E-003
  0.49000000000000071        3.7488049073610585E-002   9.1021171330550616E-003
  0.49500000000000066        2.3548915066200091E-002   3.6545263869517792E-003
