   0.0000000000000000        164.09787672252301       0.12299151430713927     
   1.0000000000000000E-002   98.650809312035619       0.17653686174827565     
   1.9999999999999997E-002   109.50956350276964       0.31384711856585984     
   2.9999999999999999E-002   123.57364444008618       0.44772817004707988     
   4.0000000000000001E-002   118.66001181285401       0.48826348524714974     
   5.0000000000000003E-002   109.79451559404811       0.49369455351336439     
   6.0000000000000005E-002   103.97965830115214       0.51693862241430122     
   7.0000000000000007E-002   94.778867561647928       0.51500542010986972     
   8.0000000000000002E-002   84.227884708043547       0.53485769787345261     
   8.9999999999999997E-002   58.753278812505350       0.47375988364071908     
   9.9999999999999992E-002   29.346177123801283       0.32328294785704537     
  0.10999999999999999        14.711311802993803       0.22192302380507600     
  0.11999999999999998        8.3550192611290282       0.15592991821707930     
  0.12999999999999998        4.9644744849755664       0.10500938112965885     
  0.13999999999999999        3.2203450121281647        7.7208072277481360E-002
  0.14999999999999999        2.3360740718160184        6.3678287218494264E-002
  0.16000000000000000        1.7767551015439691        5.2850440135583251E-002
  0.17000000000000001        1.3196720114117837        4.1315960711811511E-002
  0.18000000000000002        1.0090191472820755        3.2407504241353254E-002
  0.19000000000000003       0.74433633481951689        2.6475982379194365E-002
  0.20000000000000004       0.63851511501676450        2.4765793786251353E-002
  0.21000000000000005       0.54813368480875879        2.0758139207222519E-002
  0.22000000000000006       0.46339600922296004        2.1121840320665216E-002
  0.23000000000000007       0.39118300104330139        1.7383654313967090E-002
  0.24000000000000005       0.36632051041998842        1.7736714421621457E-002
  0.25000000000000006       0.28856969171125446        1.3483846508473516E-002
  0.26000000000000006       0.24594582605661880        1.2503859137940238E-002
  0.27000000000000007       0.22317043338621548        1.1674782483039284E-002
  0.28000000000000008       0.18989699351935160        9.6881472603529001E-003
  0.29000000000000009       0.18268964159365958        1.2724365073962402E-002
  0.30000000000000010       0.14889681916464950        7.4887077041411948E-003
  0.31000000000000011       0.13000434976895595        8.1446389936107016E-003
  0.32000000000000012       0.12395969051925688        7.8654534161970695E-003
  0.33000000000000013       0.10094354071302043        6.1907877669620586E-003
  0.34000000000000014       0.10990198913914523        8.0300071631389039E-003
  0.35000000000000014        9.2749739964582842E-002   7.2808265335223615E-003
  0.36000000000000015        8.8323320120165319E-002   6.6821387669107240E-003
  0.37000000000000016        8.2673037970606364E-002   6.6431277366149812E-003
  0.38000000000000017        7.1747147115446316E-002   5.6013444241342697E-003
  0.39000000000000018        6.8839005918851129E-002   6.6765258667134545E-003
  0.40000000000000019        6.4309962349936869E-002   6.5663919359544983E-003
  0.41000000000000020        5.8199345449033921E-002   4.0801210119763244E-003
  0.42000000000000021        4.6542324400691788E-002   2.9375894906066122E-003
  0.43000000000000022        4.7552708955392889E-002   3.8713710490409872E-003
  0.44000000000000022        4.2551350597890510E-002   3.6711732116817592E-003
  0.45000000000000023        4.0475005082054566E-002   4.6345111719488501E-003
  0.46000000000000024        3.7937168926472982E-002   3.3770320437652070E-003
  0.47000000000000025        3.9609843822078217E-002   4.1324099784780339E-003
  0.48000000000000026        3.7696522092083511E-002   5.2185913132058353E-003
  0.49000000000000021        3.0295159255367278E-002   3.4402602493271263E-003
  0.50000000000000022        3.2906248063194782E-002   4.4736863652000119E-003
  0.51000000000000023        2.7996624382369679E-002   3.0843905001716738E-003
  0.52000000000000024        3.6384243079503588E-002   5.9552361384517614E-003
  0.53000000000000025        2.5088700956168136E-002   3.3858105502969655E-003
  0.54000000000000026        2.7412655980595845E-002   3.0732567436285736E-003
  0.55000000000000027        2.4251761904484952E-002   2.8894492413290809E-003
  0.56000000000000028        2.2585766696314388E-002   3.0661633689559975E-003
  0.57000000000000028        2.8204509407617276E-002   6.3717332831912561E-003
  0.58000000000000029        3.2196179254149325E-002   6.0288038437212891E-003
  0.59000000000000030        2.2392680845623687E-002   4.1664727153045865E-003
  0.60000000000000031        1.1183967981553529E-002   1.1900229874839243E-003
  0.61000000000000032        1.8899898788067249E-002   4.0338982400743330E-003
  0.62000000000000033        1.4014043974472932E-002   3.5549595479499839E-003
  0.63000000000000034        1.4332369388325234E-002   3.6835936613763701E-003
  0.64000000000000035        1.0020838644812503E-002   1.5720322768388432E-003
  0.65000000000000036        1.2909633767001842E-002   2.4574747178190688E-003
  0.66000000000000036        1.1194397674370221E-002   2.9155745616602129E-003
  0.67000000000000037        1.1197493015832607E-002   3.7017078162824035E-003
  0.68000000000000038        6.9012498406458940E-003   1.6579526672473644E-003
  0.69000000000000039        1.0037925974648190E-002   3.9821337269411814E-003
  0.70000000000000040        5.7309638615962548E-003   1.5365207648151420E-003
  0.71000000000000041        5.4054738777346506E-003   1.8871833351751847E-003
  0.72000000000000042        2.9646551105448320E-003   1.3275193384982681E-003
  0.73000000000000043        2.7602189259284256E-003   1.9575802555951102E-003
  0.74000000000000044        4.5087374332088609E-004   2.4123339572504197E-004
  0.75000000000000044        0.0000000000000000        0.0000000000000000     
  0.76000000000000045        0.0000000000000000        0.0000000000000000     
  0.77000000000000046        0.0000000000000000        0.0000000000000000     
  0.78000000000000047        0.0000000000000000        0.0000000000000000     
  0.79000000000000048        0.0000000000000000        0.0000000000000000     
  0.80000000000000049        0.0000000000000000        0.0000000000000000     
  0.81000000000000050        0.0000000000000000        0.0000000000000000     
  0.82000000000000051        0.0000000000000000        0.0000000000000000     
  0.83000000000000052        0.0000000000000000        0.0000000000000000     
  0.84000000000000052        0.0000000000000000        0.0000000000000000     
  0.85000000000000053        0.0000000000000000        0.0000000000000000     
  0.86000000000000054        0.0000000000000000        0.0000000000000000     
  0.87000000000000055        0.0000000000000000        0.0000000000000000     
  0.88000000000000056        0.0000000000000000        0.0000000000000000     
  0.89000000000000057        0.0000000000000000        0.0000000000000000     
  0.90000000000000058        0.0000000000000000        0.0000000000000000     
  0.91000000000000059        0.0000000000000000        0.0000000000000000     
  0.92000000000000060        0.0000000000000000        0.0000000000000000     
  0.93000000000000060        0.0000000000000000        0.0000000000000000     
  0.94000000000000061        0.0000000000000000        0.0000000000000000     
  0.95000000000000062        0.0000000000000000        0.0000000000000000     
  0.96000000000000063        0.0000000000000000        0.0000000000000000     
  0.97000000000000064        0.0000000000000000        0.0000000000000000     
  0.98000000000000065        0.0000000000000000        0.0000000000000000     
  0.99000000000000066        0.0000000000000000        0.0000000000000000     
   1.0000000000000007        0.0000000000000000        0.0000000000000000     
   1.0100000000000007        0.0000000000000000        0.0000000000000000     
   1.0200000000000007        0.0000000000000000        0.0000000000000000     
   1.0300000000000007        0.0000000000000000        0.0000000000000000     
   1.0400000000000007        0.0000000000000000        0.0000000000000000     
   1.0500000000000007        0.0000000000000000        0.0000000000000000     
   1.0600000000000007        0.0000000000000000        0.0000000000000000     
   1.0700000000000007        0.0000000000000000        0.0000000000000000     
   1.0800000000000007        0.0000000000000000        0.0000000000000000     
   1.0900000000000007        0.0000000000000000        0.0000000000000000     
   1.1000000000000008        0.0000000000000000        0.0000000000000000     
   1.1100000000000008        0.0000000000000000        0.0000000000000000     
   1.1200000000000008        0.0000000000000000        0.0000000000000000     
   1.1300000000000008        0.0000000000000000        0.0000000000000000     
   1.1400000000000008        0.0000000000000000        0.0000000000000000     
   1.1500000000000008        0.0000000000000000        0.0000000000000000     
   1.1600000000000008        0.0000000000000000        0.0000000000000000     
   1.1700000000000008        0.0000000000000000        0.0000000000000000     
   1.1800000000000008        0.0000000000000000        0.0000000000000000     
   1.1900000000000008        0.0000000000000000        0.0000000000000000     
   1.2000000000000008        0.0000000000000000        0.0000000000000000     
   1.2100000000000009        0.0000000000000000        0.0000000000000000     
   1.2200000000000009        0.0000000000000000        0.0000000000000000     
   1.2300000000000009        0.0000000000000000        0.0000000000000000     
   1.2400000000000009        0.0000000000000000        0.0000000000000000     
   1.2500000000000009        0.0000000000000000        0.0000000000000000     
   1.2600000000000009        0.0000000000000000        0.0000000000000000     
   1.2700000000000009        0.0000000000000000        0.0000000000000000     
   1.2800000000000009        0.0000000000000000        0.0000000000000000     
   1.2900000000000009        0.0000000000000000        0.0000000000000000     
   1.3000000000000009        0.0000000000000000        0.0000000000000000     
   1.3100000000000009        0.0000000000000000        0.0000000000000000     
   1.3200000000000010        0.0000000000000000        0.0000000000000000     
   1.3300000000000010        0.0000000000000000        0.0000000000000000     
   1.3400000000000010        0.0000000000000000        0.0000000000000000     
   1.3500000000000010        0.0000000000000000        0.0000000000000000     
   1.3600000000000010        0.0000000000000000        0.0000000000000000     
   1.3700000000000010        0.0000000000000000        0.0000000000000000     
   1.3800000000000010        0.0000000000000000        0.0000000000000000     
   1.3900000000000010        0.0000000000000000        0.0000000000000000     
   1.4000000000000010        0.0000000000000000        0.0000000000000000     
   1.4100000000000010        0.0000000000000000        0.0000000000000000     
   1.4200000000000010        0.0000000000000000        0.0000000000000000     
   1.4300000000000010        0.0000000000000000        0.0000000000000000     
   1.4400000000000011        0.0000000000000000        0.0000000000000000     
   1.4500000000000011        0.0000000000000000        0.0000000000000000     
   1.4600000000000011        0.0000000000000000        0.0000000000000000     
   1.4700000000000011        0.0000000000000000        0.0000000000000000     
   1.4800000000000011        0.0000000000000000        0.0000000000000000     
   1.4900000000000011        0.0000000000000000        0.0000000000000000     
   1.5000000000000011        0.0000000000000000        0.0000000000000000     
   1.5100000000000011        0.0000000000000000        0.0000000000000000     
   1.5200000000000011        0.0000000000000000        0.0000000000000000     
   1.5300000000000011        0.0000000000000000        0.0000000000000000     
   1.5400000000000011        0.0000000000000000        0.0000000000000000     
   1.5500000000000012        0.0000000000000000        0.0000000000000000     
   1.5600000000000012        0.0000000000000000        0.0000000000000000     
   1.5700000000000012        0.0000000000000000        0.0000000000000000     
   1.5800000000000012        0.0000000000000000        0.0000000000000000     
   1.5900000000000012        0.0000000000000000        0.0000000000000000     
   1.6000000000000012        0.0000000000000000        0.0000000000000000     
   1.6100000000000012        0.0000000000000000        0.0000000000000000     
   1.6200000000000012        0.0000000000000000        0.0000000000000000     
   1.6300000000000012        0.0000000000000000        0.0000000000000000     
   1.6400000000000012        0.0000000000000000        0.0000000000000000     
   1.6500000000000012        0.0000000000000000        0.0000000000000000     
   1.6600000000000013        0.0000000000000000        0.0000000000000000     
   1.6700000000000013        0.0000000000000000        0.0000000000000000     
   1.6800000000000013        0.0000000000000000        0.0000000000000000     
   1.6900000000000013        0.0000000000000000        0.0000000000000000     
   1.7000000000000013        0.0000000000000000        0.0000000000000000     
   1.7100000000000013        0.0000000000000000        0.0000000000000000     
   1.7200000000000013        0.0000000000000000        0.0000000000000000     
   1.7300000000000013        0.0000000000000000        0.0000000000000000     
   1.7400000000000013        0.0000000000000000        0.0000000000000000     
   1.7500000000000013        0.0000000000000000        0.0000000000000000     
   1.7600000000000013        0.0000000000000000        0.0000000000000000     
   1.7700000000000014        0.0000000000000000        0.0000000000000000     
   1.7800000000000014        0.0000000000000000        0.0000000000000000     
   1.7900000000000014        0.0000000000000000        0.0000000000000000     
   1.8000000000000014        0.0000000000000000        0.0000000000000000     
   1.8100000000000014        0.0000000000000000        0.0000000000000000     
   1.8200000000000014        0.0000000000000000        0.0000000000000000     
   1.8300000000000014        0.0000000000000000        0.0000000000000000     
   1.8400000000000014        0.0000000000000000        0.0000000000000000     
   1.8500000000000014        0.0000000000000000        0.0000000000000000     
   1.8600000000000014        0.0000000000000000        0.0000000000000000     
   1.8700000000000014        0.0000000000000000        0.0000000000000000     
   1.8800000000000014        0.0000000000000000        0.0000000000000000     
   1.8900000000000015        0.0000000000000000        0.0000000000000000     
   1.9000000000000015        0.0000000000000000        0.0000000000000000     
   1.9100000000000015        0.0000000000000000        0.0000000000000000     
   1.9200000000000015        0.0000000000000000        0.0000000000000000     
   1.9300000000000015        0.0000000000000000        0.0000000000000000     
   1.9400000000000015        0.0000000000000000        0.0000000000000000     
   1.9500000000000015        0.0000000000000000        0.0000000000000000     
   1.9600000000000015        0.0000000000000000        0.0000000000000000     
   1.9700000000000015        0.0000000000000000        0.0000000000000000     
   1.9800000000000015        0.0000000000000000        0.0000000000000000     
   1.9900000000000013        0.0000000000000000        0.0000000000000000     
