   60.000000000000000        2.8941374892042028E-004   5.2800647519747771E-005
   60.600000000000001        2.5872613993827595E-004   3.4260496646122069E-005
   61.200000000000003        3.2033942762771253E-004   7.7621391109658611E-005
   61.800000000000004        4.1122254169017149E-004   9.9182811158464942E-005
   62.400000000000006        3.9861563497026165E-004   6.8996885619678207E-005
   63.000000000000007        3.1975011789018719E-004   4.6107823315188782E-005
   63.600000000000001        3.9829938902258635E-004   5.0798325994993577E-005
   64.200000000000003        3.4162576362889414E-004   4.1826612824101322E-005
   64.799999999999997        3.6667771430652348E-004   3.4427947743448819E-005
   65.399999999999991        5.2592045367804688E-004   8.0928994248346530E-005
   65.999999999999986        6.4971190159801345E-004   7.9292587411004901E-005
   66.599999999999980        4.9475873929582224E-004   5.6625083566281845E-005
   67.199999999999974        1.0050649502576841E-003   1.8598540702025542E-004
   67.799999999999969        8.7023784677528416E-004   1.2208044325928206E-004
   68.399999999999963        1.3255794318926550E-003   3.6326976176587357E-004
   68.999999999999957        8.7333620293352377E-004   8.3119047471330010E-005
   69.599999999999952        1.3011639514146900E-003   1.6781181285922757E-004
   70.199999999999946        1.5963092774774045E-003   3.0196678174464452E-004
   70.799999999999940        2.1322484299300631E-003   3.7534086194677897E-004
   71.399999999999935        1.5693551979441068E-003   1.2906648123405711E-004
   71.999999999999929        1.5157969613865761E-003   1.2608187116762320E-004
   72.599999999999923        2.3286219027950682E-003   2.9194443343978730E-004
   73.199999999999918        2.1947195105594471E-003   2.2375325853453258E-004
   73.799999999999912        2.2623219792703036E-003   3.3057328616444009E-004
   74.399999999999906        2.5297194751430674E-003   1.9113470467838680E-004
   74.999999999999901        3.1771022740807505E-003   3.3082790537910476E-004
   75.599999999999895        4.5808432062810862E-003   9.9638344804190695E-004
   76.199999999999889        3.4504696731596407E-003   5.7118292616582008E-004
   76.799999999999883        4.1609257137048810E-003   5.4825386716822781E-004
   77.399999999999878        3.9904495018411876E-003   4.7651576799548952E-004
   77.999999999999872        4.5647090531449452E-003   3.7353848436474691E-004
   78.599999999999866        7.2381814591055511E-003   1.0062313078521964E-003
   79.199999999999861        5.2432537684906780E-003   3.2246156328586290E-004
   79.799999999999855        6.0324825823371850E-003   7.3136723727782404E-004
   80.399999999999849        7.2195148141539541E-003   6.9691487953924425E-004
   80.999999999999844        6.7826377057523899E-003   5.6456689472277933E-004
   81.599999999999838        8.1093645731324156E-003   5.1698537478464166E-004
   82.199999999999832        1.0447656349231499E-002   1.2252864890343097E-003
   82.799999999999827        1.1325777620492540E-002   7.1187104755591677E-004
   83.399999999999821        1.1205794590099212E-002   5.3430141399755276E-004
   83.999999999999815        1.5494740228595762E-002   1.2708375007834762E-003
   84.599999999999810        1.6975819246555293E-002   1.0964046269218658E-003
   85.199999999999804        1.9668881649545888E-002   1.4061316435474507E-003
   85.799999999999798        2.4146206225796590E-002   1.6429957002389419E-003
   86.399999999999793        2.6293529924551605E-002   1.0948411199958015E-003
   86.999999999999787        3.6076537930279914E-002   1.7848977640280450E-003
   87.599999999999781        4.5091918902027517E-002   1.4787215706973504E-003
   88.199999999999775        6.3274307199683924E-002   2.1874518307084560E-003
   88.799999999999770        9.7046327991606521E-002   3.2276726546849486E-003
   89.399999999999764       0.13401039603239065        3.2280249207113755E-003
   89.999999999999758       0.19455503559032439        3.5690055966082312E-003
   90.599999999999753       0.26595414570390569        4.5524024982597734E-003
   91.199999999999747       0.25434399589227275        4.3443515941088817E-003
   91.799999999999741       0.18021134889124163        3.8748347935969765E-003
   92.399999999999736       0.11250380683418541        2.5895799337935510E-003
   92.999999999999730        7.4334174233345221E-002   2.2229985264621099E-003
   93.599999999999724        5.0494788633277353E-002   1.6331520347499210E-003
   94.199999999999719        3.7411144031134866E-002   1.6764099301537843E-003
   94.799999999999713        2.9507886688808285E-002   1.4736780083460868E-003
   95.399999999999707        2.0167745586578752E-002   8.3493659594395292E-004
   95.999999999999702        1.6711312153624727E-002   8.7168265057461700E-004
   96.599999999999696        1.5633716580764106E-002   1.0417073959179497E-003
   97.199999999999690        1.1866341512238414E-002   5.5647573319340200E-004
   97.799999999999685        1.0790541957554616E-002   6.0227125516261557E-004
   98.399999999999679        9.7771397270900052E-003   5.5621358292159235E-004
   98.999999999999673        9.6981417787590871E-003   9.5299201815961839E-004
   99.599999999999667        7.9329836967280774E-003   7.3102032211398152E-004
   100.19999999999966        7.2402700053633582E-003   7.3483505763982128E-004
   100.79999999999966        6.6298689520979601E-003   7.7827809361417130E-004
   101.39999999999965        5.6940398575874599E-003   4.0222530630829544E-004
   101.99999999999964        6.0395117969391544E-003   5.6987577457036029E-004
   102.59999999999964        3.8625991414532666E-003   1.8813705074511626E-004
   103.19999999999963        3.9271189036419350E-003   2.8573145330803310E-004
   103.79999999999963        3.3373494098439226E-003   1.9707926850834364E-004
   104.39999999999962        4.0891095167452981E-003   3.8900929259997095E-004
   104.99999999999962        3.9234391519351510E-003   4.1026446644051330E-004
   105.59999999999961        2.9439258371070655E-003   2.0685501300778654E-004
   106.19999999999960        2.9098675021596767E-003   3.4369015949856806E-004
   106.79999999999960        2.7198428518406884E-003   1.6216940127416845E-004
   107.39999999999959        2.6216531406401816E-003   1.8280853604018657E-004
   107.99999999999959        2.6503254854771535E-003   2.3336128360159131E-004
   108.59999999999958        2.7669100852942934E-003   3.9449783919802807E-004
   109.19999999999958        2.1191820620794261E-003   1.6153789823508644E-004
   109.79999999999957        2.5281606037486646E-003   3.5498157403847797E-004
   110.39999999999957        1.8693821344998259E-003   1.2597857382290505E-004
   110.99999999999956        2.5706591177735339E-003   3.1249974001185165E-004
   111.59999999999955        1.8580767382373078E-003   1.7053541893528716E-004
   112.19999999999955        2.0274971530493523E-003   2.4688955975914087E-004
   112.79999999999954        2.1435533379000676E-003   3.1113000166505786E-004
   113.39999999999954        1.7436316080706995E-003   1.3597572720594128E-004
   113.99999999999953        1.5421330238181426E-003   1.2640411098559787E-004
   114.59999999999953        1.4131151854877143E-003   8.6867811880863015E-005
   115.19999999999952        1.3823056143356456E-003   1.5127024435731144E-004
   115.79999999999951        1.5915254738048360E-003   1.3954381503746685E-004
   116.39999999999951        1.3015453089893320E-003   8.0502858148982453E-005
   116.99999999999950        1.1478275358089848E-003   6.4424982946180469E-005
   117.59999999999950        1.2128872579833670E-003   9.5531892517225698E-005
   118.19999999999949        1.2527919910978126E-003   9.3243031153716950E-005
   118.79999999999949        1.1874374050480281E-003   7.7681811329392494E-005
   119.39999999999948        1.2132840987638680E-003   9.0006165847763859E-005
   119.99999999999947        1.3915766232156256E-003   1.6716627025041214E-004
   120.59999999999947        1.1960927676960057E-003   1.0299873428123727E-004
   121.19999999999946        1.3806093230334746E-003   1.7164478037783276E-004
   121.79999999999946        1.2540528305663805E-003   1.0055595894806027E-004
   122.39999999999945        1.0941761358256234E-003   8.2678026918222720E-005
   122.99999999999945        9.6137577587113328E-004   8.0575572053925910E-005
   123.59999999999944        1.1309635384665682E-003   1.0922581197481572E-004
   124.19999999999943        1.0299323029757748E-003   7.2389591599366894E-005
   124.79999999999943        1.0624115011296838E-003   7.2495822453544210E-005
   125.39999999999942        9.9676974147656916E-004   7.6212708220648517E-005
   125.99999999999942        8.3592164644715318E-004   5.0396769283308167E-005
   126.59999999999941        1.0572749478724853E-003   1.2045765503830050E-004
   127.19999999999941        1.0518868025549144E-003   1.2478793167773435E-004
   127.79999999999941        9.8972673953573193E-004   9.8476153418295195E-005
   128.39999999999941        9.1073881671109613E-004   6.6053075397447928E-005
   128.99999999999940        8.1362047106536654E-004   5.0688628158315131E-005
   129.59999999999940        8.7795556251452588E-004   5.6818476245242126E-005
   130.19999999999939        7.6253571391032067E-004   4.3627631073663088E-005
   130.79999999999939        8.5046305384202489E-004   5.4296636689191661E-005
   131.39999999999938        8.5375914859818849E-004   6.2683249442444587E-005
   131.99999999999937        8.6686814543580004E-004   7.4999355291008546E-005
   132.59999999999937        7.1963749980519796E-004   4.3509373973318519E-005
   133.19999999999936        9.1642960815925155E-004   7.9504188233548299E-005
   133.79999999999936        8.0100418148392155E-004   5.7699745611673556E-005
   134.39999999999935        6.6817683572735205E-004   3.4420123089139730E-005
   134.99999999999935        8.1272702142553774E-004   5.6417215850381242E-005
   135.59999999999934        8.2179884244045897E-004   6.2880956828159315E-005
   136.19999999999933        8.6079040687471562E-004   6.0283822695420616E-005
   136.79999999999933        7.0009429438689904E-004   4.7917389784012652E-005
   137.39999999999932        8.4094226752415714E-004   7.2910247157900406E-005
   137.99999999999932        7.0719141755288303E-004   3.7258927223371455E-005
   138.59999999999931        6.7374983849879098E-004   3.2601318476122280E-005
   139.19999999999931        6.5635078477780935E-004   3.4285818527872355E-005
   139.79999999999930        6.9503897308937886E-004   4.8272572162526486E-005
   140.39999999999930        7.1727365837438088E-004   5.3384682679010323E-005
   140.99999999999929        7.4183243823191950E-004   4.5169704536811311E-005
   141.59999999999928        7.5045347543025516E-004   5.8353408437921514E-005
   142.19999999999928        7.9748073898124766E-004   6.2163980077027260E-005
   142.79999999999927        7.1508376078459953E-004   5.1806480995736172E-005
   143.39999999999927        6.5343714174163621E-004   4.3561279827518164E-005
   143.99999999999926        6.6345638665539410E-004   4.2821958112413940E-005
   144.59999999999926        6.5896106975725402E-004   3.1588122668011087E-005
   145.19999999999925        6.8495527544337070E-004   3.8373240313498308E-005
   145.79999999999924        6.7599176467039788E-004   3.9838713183928011E-005
   146.39999999999924        6.9687022552482791E-004   4.0189144273374041E-005
   146.99999999999923        6.7197317839138334E-004   3.6508989131247432E-005
   147.59999999999923        6.1904726594544986E-004   2.7084191042427012E-005
   148.19999999999922        6.2822254514793732E-004   3.1780518298512260E-005
   148.79999999999922        6.8552237991783530E-004   4.4243872691890855E-005
   149.39999999999921        6.8366330383920189E-004   4.0560607644731574E-005
   149.99999999999920        6.0356656572741970E-004   3.6092058167063084E-005
   150.59999999999920        6.1610094680572547E-004   3.0935587048283656E-005
   151.19999999999919        6.7410793855009351E-004   3.4914917100144936E-005
   151.79999999999919        5.8137319727457303E-004   2.6268162112872283E-005
   152.39999999999918        6.0921438947047265E-004   2.6583679872243087E-005
   152.99999999999918        6.3503129816717854E-004   2.8954958260497609E-005
   153.59999999999917        6.2709387752071550E-004   3.1744050267685386E-005
   154.19999999999916        6.3930211845658581E-004   2.8327216907815180E-005
   154.79999999999916        6.7388719260945103E-004   3.2226041984870590E-005
   155.39999999999915        6.2435777697383659E-004   3.0251667775337165E-005
   155.99999999999915        6.7641090802898307E-004   3.2254817865599443E-005
   156.59999999999914        6.5236394603761434E-004   2.8533390668338661E-005
   157.19999999999914        6.5068326226227482E-004   2.7639123244020886E-005
   157.79999999999913        6.4044952582063602E-004   2.9711659999859578E-005
   158.39999999999912        6.7795515492528717E-004   2.8300999944507889E-005
   158.99999999999912        7.2989167430608578E-004   3.3326720652363006E-005
   159.59999999999911        6.6478203099959660E-004   2.7911358797167122E-005
   160.19999999999911        6.7457312872342952E-004   2.3722126740067589E-005
   160.79999999999910        6.7013605242887320E-004   2.6466530541174534E-005
   161.39999999999910        6.6047232344668583E-004   2.5853227287742170E-005
   161.99999999999909        6.7370102342038203E-004   2.7252985944592857E-005
   162.59999999999908        6.6579864890610766E-004   2.4519817970534757E-005
   163.19999999999908        6.7904612055343907E-004   2.4200960065572711E-005
   163.79999999999907        6.5041958716025895E-004   2.2792050418721967E-005
   164.39999999999907        6.9368662243575355E-004   2.3546018668418975E-005
   164.99999999999906        7.3047958944444879E-004   2.6071015947588581E-005
   165.59999999999906        6.8025657215379219E-004   2.1113217111203852E-005
   166.19999999999905        7.3394320775275405E-004   2.3897758192776102E-005
   166.79999999999905        7.0857829612371850E-004   2.2979342824221351E-005
   167.39999999999904        6.6104973152726133E-004   1.7736904324091337E-005
   167.99999999999903        7.6967939772700465E-004   2.4166341641238288E-005
   168.59999999999903        7.6295045990992327E-004   2.5413026576640898E-005
   169.19999999999902        7.6244853630000017E-004   2.3138140230934467E-005
   169.79999999999902        7.5723025361748597E-004   2.2293700037594514E-005
   170.39999999999901        7.9403710112948796E-004   2.2262531833657952E-005
   170.99999999999901        8.0106097867473568E-004   2.3810079977079918E-005
   171.59999999999900        7.8358653691744905E-004   2.1558298123249370E-005
   172.19999999999899        7.6024584873574574E-004   1.9555140864258177E-005
   172.79999999999899        8.2795745519372314E-004   2.1949052945290949E-005
   173.39999999999898        8.4940140575983866E-004   2.1904288317746230E-005
   173.99999999999898        8.4569255778025568E-004   2.1102854270220622E-005
   174.59999999999897        8.6143268269109677E-004   2.1260458062816179E-005
   175.19999999999897        9.1309522258923876E-004   2.1121870364540988E-005
   175.79999999999896        9.0482701270010819E-004   2.0238159957743945E-005
   176.39999999999895        9.3243483009230381E-004   2.0151654326699411E-005
   176.99999999999895        9.3255523546769488E-004   1.8903492005082026E-005
   177.59999999999894        9.5540475836278541E-004   1.8425629360784822E-005
   178.19999999999894        9.9760602414483311E-004   1.9205613423635414E-005
   178.79999999999893        9.8892290680313057E-004   1.6865611858558860E-005
   179.39999999999893        1.0762072808130096E-003   1.9407913827386160E-005
