   20.000000000000000        0.0000000000000000        0.0000000000000000     
   20.199999999999999        0.0000000000000000        0.0000000000000000     
   20.399999999999999        0.0000000000000000        0.0000000000000000     
   20.599999999999998        0.0000000000000000        0.0000000000000000     
   20.799999999999997        0.0000000000000000        0.0000000000000000     
   20.999999999999996        0.0000000000000000        0.0000000000000000     
   21.199999999999996        0.0000000000000000        0.0000000000000000     
   21.399999999999995        0.0000000000000000        0.0000000000000000     
   21.599999999999994        0.0000000000000000        0.0000000000000000     
   21.799999999999994        0.0000000000000000        0.0000000000000000     
   21.999999999999993        0.0000000000000000        0.0000000000000000     
   22.199999999999992        0.0000000000000000        0.0000000000000000     
   22.399999999999991        0.0000000000000000        0.0000000000000000     
   22.599999999999991        0.0000000000000000        0.0000000000000000     
   22.799999999999990        0.0000000000000000        0.0000000000000000     
   22.999999999999989        0.0000000000000000        0.0000000000000000     
   23.199999999999989        0.0000000000000000        0.0000000000000000     
   23.399999999999988        0.0000000000000000        0.0000000000000000     
   23.599999999999987        0.0000000000000000        0.0000000000000000     
   23.799999999999986        0.0000000000000000        0.0000000000000000     
   23.999999999999986        0.0000000000000000        0.0000000000000000     
   24.199999999999985        0.0000000000000000        0.0000000000000000     
   24.399999999999984        0.0000000000000000        0.0000000000000000     
   24.599999999999984        0.0000000000000000        0.0000000000000000     
   24.799999999999983        0.0000000000000000        0.0000000000000000     
   24.999999999999982       0.38958407016554941       0.17263539371988526     
   25.199999999999982       0.18761391332070740        7.8555548394759186E-002
   25.399999999999981        9.9735874329292401E-002   2.1943745415069115E-002
   25.599999999999980       0.20518338724828583        6.2038633574338420E-002
   25.799999999999979       0.29480654974208326       0.16235628806501354     
   25.999999999999979       0.21272270738115109        8.6231595477409634E-002
   26.199999999999978       0.20264555970508422        4.8156399760593369E-002
   26.399999999999977       0.31348733546650598       0.11579616297293183     
   26.599999999999977       0.37549439381682309       0.16913413397117796     
   26.799999999999976       0.19044890203225251        4.5510052083371333E-002
   26.999999999999975       0.32783608521016622       0.14595488457600561     
   27.199999999999974       0.16961043507718029        4.4169383703012710E-002
   27.399999999999974       0.26931723186347106        6.3753011579687907E-002
   27.599999999999973       0.60795506698654389       0.43631578921449465     
   27.799999999999972       0.31747649999615069       0.13274326001822798     
   27.999999999999972       0.22297327215726362        4.5594899889554424E-002
   28.199999999999971       0.57698176191728190       0.34796287265721193     
   28.399999999999970       0.60112797419577479       0.26373647833616953     
   28.599999999999969       0.40417889193825529       0.13218529882151331     
   28.799999999999969       0.25954506995379761       0.10443744921414977     
   28.999999999999968       0.22966608765254382        4.3269678826028682E-002
   29.199999999999967       0.15743231680284211        3.2779805108276189E-002
   29.399999999999967       0.31516843458031174       0.22503185459810923     
   29.599999999999966       0.22195177093713289        4.6839591872947665E-002
   29.799999999999965       0.23060092415740402        5.8621328497744554E-002
   29.999999999999964       0.48375295363332321       0.29460794411776337     
   30.199999999999964       0.24570892659248958        5.2668636673594810E-002
   30.399999999999963       0.30520385305270237        7.7844018690709421E-002
   30.599999999999962       0.30624475898625975        7.3915755021670498E-002
   30.799999999999962       0.27316266823121466        6.2562731189227949E-002
   30.999999999999961       0.30054268573125226       0.11444429749730896     
   31.199999999999960       0.25913871753745321        6.1956262283136540E-002
   31.399999999999959       0.75564067582863681       0.32895062249895707     
   31.599999999999959       0.26553223001375476        7.2158192279923594E-002
   31.799999999999958       0.34625862448107575       0.11195064641988049     
   31.999999999999961       0.87249543224558834       0.49330802623151709     
   32.199999999999960       0.19814170172297402        4.1558720899949518E-002
   32.399999999999963       0.37378207360268334       0.10107462214139255     
   32.599999999999966       0.47491561641692254       0.11345809156727275     
   32.799999999999969       0.42122961629079786       0.12507942738999434     
   32.999999999999972       0.37885397114291119       0.11323678946959041     
   33.199999999999974       0.20819847816103970        4.1810829068319906E-002
   33.399999999999977       0.36624578462388691        9.7022384083832527E-002
   33.599999999999980       0.30037667673169582        6.4016237837385678E-002
   33.799999999999983        1.1122297676175121       0.82939893675193099     
   33.999999999999986       0.30193867701746563        5.1502284980358443E-002
   34.199999999999989       0.24320546244951985        6.6918489101365844E-002
   34.399999999999991       0.33848219363782245       0.14247910081498910     
   34.599999999999994       0.31582591746527866        6.6145494388800408E-002
   34.799999999999997       0.20288180426545588        3.6436784435950061E-002
   35.000000000000000        1.8546386610002148       0.79726518174085725     
   35.200000000000003       0.35823858734298764        7.1626211743985202E-002
   35.400000000000006       0.76293504016556690       0.48452392906543262     
   35.600000000000009       0.56230172637147291       0.21893310732534213     
   35.800000000000011       0.24160409653642576        3.9499027263546517E-002
   36.000000000000014       0.40683077483977337       0.14783922896565582     
   36.200000000000017       0.25016183301095668        4.4364315015427667E-002
   36.400000000000020       0.62641797012447076       0.33332000073697993     
   36.600000000000023       0.22361647453967809        4.1914755810083443E-002
   36.800000000000026       0.45144722307516405       0.17431914040014854     
   37.000000000000028       0.29474203402625393        4.7009466053742878E-002
   37.200000000000031       0.29711878121484708        5.1947124820091423E-002
   37.400000000000034       0.19376389603585112        3.9742546885865725E-002
   37.600000000000037       0.52360431697159682       0.19835201310402314     
   37.800000000000040       0.75815037954668107       0.25001388040612343     
   38.000000000000043       0.27202079925464595        4.3623657612340827E-002
   38.200000000000045       0.35658350794717997        5.7854132452433732E-002
   38.400000000000048       0.29208051166005483        5.0152402060374024E-002
   38.600000000000051       0.77656547228572959       0.24032611587488450     
   38.800000000000054       0.70009522913870348       0.25783079940049747     
   39.000000000000057       0.51654539001778377        9.3538046720548162E-002
   39.200000000000060       0.35666376002801414        4.4166847341956236E-002
   39.400000000000063       0.43363914692804861       0.10685491387575895     
   39.600000000000065       0.76741216320765027       0.28011448639522851     
   39.800000000000068       0.29415552811163354        4.6466092561919733E-002
   40.000000000000071       0.55768681758195204       0.15539385680436471     
   40.200000000000074       0.44140314473413172       0.11613052786421899     
   40.400000000000077       0.48793064075988946       0.12380971459342252     
   40.600000000000080       0.43746745670487380        6.9046602802224771E-002
   40.800000000000082       0.50242087431012494       0.16034676797634745     
   41.000000000000085       0.33248967447380490        5.5564284479130359E-002
   41.200000000000088       0.72157783256311259       0.39805781017840947     
   41.400000000000091       0.39765234766547636        6.5442837399494191E-002
   41.600000000000094       0.51277701870505255       0.13626654732182608     
   41.800000000000097       0.51293734622352816        9.8311133837206410E-002
   42.000000000000099       0.43623278761661405        5.9337696238034233E-002
   42.200000000000102       0.70395366605182064       0.11303635814698680     
   42.400000000000105        1.1426571612578584       0.52463979420804852     
   42.600000000000108       0.46662208322947135        8.3318388641722071E-002
   42.800000000000111       0.37240434908088671        6.0774285634302587E-002
   43.000000000000114       0.95039514961779181       0.40085402002987713     
   43.200000000000117       0.82146015282624307       0.13797997098416909     
   43.400000000000119       0.61755330972005540        9.9181415327012065E-002
   43.600000000000122        1.3466543167309493       0.56079884337081021     
   43.800000000000125       0.78257919107374907       0.13779532479644904     
   44.000000000000128       0.65214181317330422        8.5538551102506938E-002
   44.200000000000131       0.89324609528574228       0.15249007915625115     
   44.400000000000134       0.77093519304924552       0.11393379534001793     
   44.600000000000136        1.3444135201321687       0.54505244854171020     
   44.800000000000139       0.86784861933300139       0.19093984519199056     
   45.000000000000142        1.2503743455927221       0.42456636185777957     
   45.200000000000145       0.84659911019434253       0.10400458378931395     
   45.400000000000148        1.3422458416020389       0.56317047847131563     
   45.600000000000151        1.8291898003401874       0.71738675649031824     
   45.800000000000153       0.47401631824675666        5.9855167116831309E-002
   46.000000000000156       0.36802910731392113        4.9195653979687289E-002
   46.200000000000159       0.42638976205024592       0.11383003111575696     
   46.400000000000162       0.37611148970411445       0.14556585291206051     
   46.600000000000165       0.31992624867671537        7.9948801809822043E-002
   46.800000000000168       0.29231736890274601        6.8736302845103486E-002
   47.000000000000171       0.57775067536625557       0.18410039516531435     
   47.200000000000173       0.17072139918292936        2.6985924544212170E-002
   47.400000000000176       0.20354205066904743        3.4089004462926467E-002
   47.600000000000179       0.23984360938730734        4.9618454643089269E-002
   47.800000000000182       0.16941070743474004        3.4724126116198878E-002
   48.000000000000185       0.15419949519368900        2.6037211926843436E-002
   48.200000000000188       0.18104202878413406        4.3380960060925920E-002
   48.400000000000190       0.20818396890366830        5.3662952488348285E-002
   48.600000000000193       0.16659674364295629        3.2576191906966742E-002
   48.800000000000196       0.16274678820921482        2.5027760033270514E-002
   49.000000000000199       0.19020433550204502        4.0032713905113468E-002
   49.200000000000202       0.14960117575797749        2.3501813403578913E-002
   49.400000000000205       0.11838589668794645        1.7940641854223727E-002
   49.600000000000207       0.17256357569586905        2.9864331998436130E-002
   49.800000000000210       0.14498181566950871        1.8312482665855771E-002
   50.000000000000213        0.0000000000000000        0.0000000000000000     
   50.200000000000216        0.0000000000000000        0.0000000000000000     
   50.400000000000219        0.0000000000000000        0.0000000000000000     
   50.600000000000222        0.0000000000000000        0.0000000000000000     
   50.800000000000225        0.0000000000000000        0.0000000000000000     
   51.000000000000227        0.0000000000000000        0.0000000000000000     
   51.200000000000230        0.0000000000000000        0.0000000000000000     
   51.400000000000233        0.0000000000000000        0.0000000000000000     
   51.600000000000236        0.0000000000000000        0.0000000000000000     
   51.800000000000239        0.0000000000000000        0.0000000000000000     
   52.000000000000242        0.0000000000000000        0.0000000000000000     
   52.200000000000244        0.0000000000000000        0.0000000000000000     
   52.400000000000247        0.0000000000000000        0.0000000000000000     
   52.600000000000250        0.0000000000000000        0.0000000000000000     
   52.800000000000253        0.0000000000000000        0.0000000000000000     
   53.000000000000256        0.0000000000000000        0.0000000000000000     
   53.200000000000259        0.0000000000000000        0.0000000000000000     
   53.400000000000261        0.0000000000000000        0.0000000000000000     
   53.600000000000264        0.0000000000000000        0.0000000000000000     
   53.800000000000267        0.0000000000000000        0.0000000000000000     
   54.000000000000270        0.0000000000000000        0.0000000000000000     
   54.200000000000273        0.0000000000000000        0.0000000000000000     
   54.400000000000276        0.0000000000000000        0.0000000000000000     
   54.600000000000279        0.0000000000000000        0.0000000000000000     
   54.800000000000281        0.0000000000000000        0.0000000000000000     
   55.000000000000284        0.0000000000000000        0.0000000000000000     
   55.200000000000287        0.0000000000000000        0.0000000000000000     
   55.400000000000290        0.0000000000000000        0.0000000000000000     
   55.600000000000293        0.0000000000000000        0.0000000000000000     
   55.800000000000296        0.0000000000000000        0.0000000000000000     
   56.000000000000298        0.0000000000000000        0.0000000000000000     
   56.200000000000301        0.0000000000000000        0.0000000000000000     
   56.400000000000304        0.0000000000000000        0.0000000000000000     
   56.600000000000307        0.0000000000000000        0.0000000000000000     
   56.800000000000310        0.0000000000000000        0.0000000000000000     
   57.000000000000313        0.0000000000000000        0.0000000000000000     
   57.200000000000315        0.0000000000000000        0.0000000000000000     
   57.400000000000318        0.0000000000000000        0.0000000000000000     
   57.600000000000321        0.0000000000000000        0.0000000000000000     
   57.800000000000324        0.0000000000000000        0.0000000000000000     
   58.000000000000327        0.0000000000000000        0.0000000000000000     
   58.200000000000330        0.0000000000000000        0.0000000000000000     
   58.400000000000333        0.0000000000000000        0.0000000000000000     
   58.600000000000335        0.0000000000000000        0.0000000000000000     
   58.800000000000338        0.0000000000000000        0.0000000000000000     
   59.000000000000341        0.0000000000000000        0.0000000000000000     
   59.200000000000344        0.0000000000000000        0.0000000000000000     
   59.400000000000347        0.0000000000000000        0.0000000000000000     
   59.600000000000350        0.0000000000000000        0.0000000000000000     
   59.800000000000352        0.0000000000000000        0.0000000000000000     
