   40.000000000000000        0.0000000000000000        0.0000000000000000     
   40.299999999999997        0.0000000000000000        0.0000000000000000     
   40.599999999999994        0.0000000000000000        0.0000000000000000     
   40.899999999999991        2.3873577023287321E-006   1.7339033164978502E-006
   41.199999999999989        1.4826198995036762E-005   1.4826198463089185E-005
   41.499999999999986        0.0000000000000000        0.0000000000000000     
   41.799999999999983        0.0000000000000000        0.0000000000000000     
   42.099999999999980        8.1938675515464652E-006   6.2455498424009853E-006
   42.399999999999977        1.0468972168013156E-006   1.0468971792398043E-006
   42.699999999999974        0.0000000000000000        0.0000000000000000     
   42.999999999999972        3.1272277628055427E-005   2.2192027055863975E-005
   43.299999999999969        2.3825695852172681E-006   2.3825694997333144E-006
   43.599999999999966        7.1679318491344760E-006   5.9341657811132679E-006
   43.899999999999963        1.2709725213310641E-005   1.2709724757299795E-005
   44.199999999999960        4.0592502943711099E-005   3.9120023393703551E-005
   44.499999999999957        2.0573259132986393E-006   2.0573258394840675E-006
   44.799999999999955        6.8171470971798458E-006   4.4001464754319637E-006
   45.099999999999952        4.9421132186453181E-004   4.8625131226154208E-004
   45.399999999999949        1.3029260541454273E-005   6.5831359600182185E-006
   45.699999999999946        3.9717504388663849E-006   2.0709551865288472E-006
   45.999999999999943        1.1527453707506945E-005   5.7640642254195301E-006
   46.299999999999940        1.4816517058465336E-005   8.2206659842681717E-006
   46.599999999999937        2.5494656270579313E-005   1.3077575552899613E-005
   46.899999999999935        1.4072645023974179E-005   6.9873551698421647E-006
   47.199999999999932        1.5305157504285534E-005   7.4936785030366524E-006
   47.499999999999929        1.6619816930829229E-005   6.7860593237005031E-006
   47.799999999999926        7.4050740182205076E-005   2.7746381219910469E-005
   48.099999999999923        6.5820212026635767E-005   2.2463534933420474E-005
   48.399999999999920        1.1330069452018972E-004   6.1990937232474078E-005
   48.699999999999918        1.3293241864990549E-003   1.2168850227020386E-003
   48.999999999999915        1.5776892159183168E-004   7.8817110323843757E-005
   49.299999999999912        1.4430985014875751E-004   4.5947684972654347E-005
   49.599999999999909        9.7219827007302408E-005   3.3534083884232982E-005
   49.899999999999906        8.2257213386390818E-002   2.8795256436427350E-003
   50.199999999999903       0.12383017237520115        3.4327015222534751E-003
   50.499999999999901       0.13169109882430627        3.3617924467846155E-003
   50.799999999999898       0.13644485728145678        3.4905606616325692E-003
   51.099999999999895       0.13440158326867685        3.0374149319566690E-003
   51.399999999999892       0.14729573306975402        4.0527653939369844E-003
   51.699999999999889       0.14495871217824349        4.6746050470404385E-003
   51.999999999999886       0.15053190865598742        3.6343225000401592E-003
   52.299999999999883       0.15011426926220064        4.0770686128820590E-003
   52.599999999999881       0.15454287027352107        4.1691111703208387E-003
   52.899999999999878       0.15179288870758761        3.7539355296789256E-003
   53.199999999999875       0.14704565323811350        3.3088728533129156E-003
   53.499999999999872       0.15645448294421005        4.0398495940048270E-003
   53.799999999999869       0.16093339218008437        4.1646064259737272E-003
   54.099999999999866       0.15612327739370685        4.2801755876856456E-003
   54.399999999999864       0.15604897222874933        3.5705185331716301E-003
   54.699999999999861       0.16152120056009969        3.9413251870174248E-003
   54.999999999999858       0.16642764085635320        3.9543421408960461E-003
   55.299999999999855       0.16000900371184759        3.9193772507771299E-003
   55.599999999999852       0.16292113982547890        3.3294238922458035E-003
   55.899999999999849       0.16828632109515185        3.8978559625535811E-003
   56.199999999999847       0.16396533947308525        3.5856880791066388E-003
   56.499999999999844       0.17789165700020693        4.8020951547006127E-003
   56.799999999999841       0.16676318165547233        3.5636862045287242E-003
   57.099999999999838       0.17540698504907923        4.4278491136322141E-003
   57.399999999999835       0.17207721575946239        4.2481006412687719E-003
   57.699999999999832       0.16804393005895638        3.9749957712139341E-003
   57.999999999999829       0.18057011690304914        4.5275077066791901E-003
   58.299999999999827       0.17205882750645354        3.8098612248384598E-003
   58.599999999999824       0.17339504109983386        3.8293242391635321E-003
   58.899999999999821       0.18530352177700327        5.0724795278025295E-003
   59.199999999999818       0.18589816676824247        4.2109585774688617E-003
   59.499999999999815       0.17965774084127126        3.7208704891408930E-003
   59.799999999999812       0.17627502851748697        3.4239021731304413E-003
   60.099999999999810       0.18362625339918623        3.6930413974680045E-003
   60.399999999999807       0.18723886779272192        4.0582413859964698E-003
   60.699999999999804       0.18701149689902555        4.1745066179444297E-003
   60.999999999999801       0.17756251926758887        3.3496461738992825E-003
   61.299999999999798       0.18432292754967675        3.6151928308690781E-003
   61.599999999999795       0.18166999682798679        3.3048889506868111E-003
   61.899999999999793       0.19083928715923665        4.3789994733872415E-003
   62.199999999999790       0.20144619508661882        6.3979274895259826E-003
   62.499999999999787       0.20173117274854985        4.6177156333525038E-003
   62.799999999999784       0.19467081349755791        3.9023973670636700E-003
   63.099999999999781       0.20104125697010927        5.0933445743897264E-003
   63.399999999999778       0.20170387586916672        4.7855874502600072E-003
   63.699999999999775       0.20442395333832450        4.3467496210369914E-003
   63.999999999999773       0.20340873950081365        4.3105432031591302E-003
   64.299999999999770       0.20682046212973731        4.5886584470545919E-003
   64.599999999999767       0.20543830157439183        4.5800694770040118E-003
   64.899999999999764       0.20577869123609988        4.3226367769668471E-003
   65.199999999999761       0.21011548864209775        4.8881857582106685E-003
   65.499999999999758       0.21905063468384114        5.0848303285012057E-003
   65.799999999999756       0.21079636422959208        4.2445198687032963E-003
   66.099999999999753       0.21434677341688083        4.5809887602317615E-003
   66.399999999999750       0.21398940416097206        4.5165199364782197E-003
   66.699999999999747       0.22914759018634678        5.7777095652514123E-003
   66.999999999999744       0.21694519419411376        4.5405424892044684E-003
   67.299999999999741       0.22379678677069159        4.5887965481272086E-003
   67.599999999999739       0.22316078613000959        4.8257162762237156E-003
   67.899999999999736       0.22736726163957074        4.3115370151846017E-003
   68.199999999999733       0.22520444352007130        4.7412587103046085E-003
   68.499999999999730       0.22419527665696379        4.7248055556811880E-003
   68.799999999999727       0.22736824175709924        5.0363378164453888E-003
   69.099999999999724       0.22989591746870297        4.4232380360835445E-003
   69.399999999999721       0.23470265125238196        4.8457523825620420E-003
   69.699999999999719       0.23086172654851059        4.4539304909497575E-003
   69.999999999999716       0.23486604970236213        4.5079114325914556E-003
   70.299999999999713       0.23337158384986309        4.5117653217674816E-003
   70.599999999999710       0.23709091075017494        4.2810979461633241E-003
   70.899999999999707       0.24469140343672660        5.2189592310240319E-003
   71.199999999999704       0.23512743193323254        4.1778233592205949E-003
   71.499999999999702       0.24168729897190061        4.3098782224265308E-003
   71.799999999999699       0.24339943609756740        4.7543849620060854E-003
   72.099999999999696       0.24140411513245641        5.0008748713330047E-003
   72.399999999999693       0.24425972689828848        4.6581873903045953E-003
   72.699999999999690       0.25227675773915137        5.1707861912060069E-003
   72.999999999999687       0.24721670018028361        4.6727290470429932E-003
   73.299999999999685       0.25370591892768102        4.9049879516676964E-003
   73.599999999999682       0.25605752313280622        4.7915608921732748E-003
   73.899999999999679       0.25538608187600093        4.6699176716427379E-003
   74.199999999999676       0.25567351556588691        4.7030560091824982E-003
   74.499999999999673       0.26021577380902983        4.8666993687059819E-003
   74.799999999999670       0.25985031516267065        4.8955686583871108E-003
   75.099999999999667       0.25975667131197899        4.6385884028516964E-003
   75.399999999999665       0.26245943083835627        4.6005806684133871E-003
   75.699999999999662       0.26359586054031120        4.6382628569825923E-003
   75.999999999999659       0.27462916599911202        5.1100927183908157E-003
   76.299999999999656       0.26694350958133672        4.5075901651914045E-003
   76.599999999999653       0.26522591118668648        4.9660638542285912E-003
   76.899999999999650       0.28936900780713581        7.2783469526568828E-003
   77.199999999999648       0.28249061427446504        5.4480492003060729E-003
   77.499999999999645       0.27758863990949684        4.8427176340501673E-003
   77.799999999999642       0.28447658290898148        5.4138398263619937E-003
   78.099999999999639       0.28222905943493370        4.8660404845999906E-003
   78.399999999999636       0.28860097925284295        5.1825605564567792E-003
   78.699999999999633       0.29558431261707124        5.5947994578140281E-003
   78.999999999999631       0.30217545157950820        5.3523984570535352E-003
   79.299999999999628       0.28734044429027877        5.1010031829686114E-003
   79.599999999999625       0.29520250229576644        4.9671593829228103E-003
   79.899999999999622       0.29681464790353063        5.0740380487341464E-003
   80.199999999999619       0.29893791313809004        4.9022062703855769E-003
   80.499999999999616       0.30734153887823845        5.3242624959288784E-003
   80.799999999999613       0.30936666255988782        5.0180538381009668E-003
   81.099999999999611       0.31950002538986538        5.3328360553632709E-003
   81.399999999999608       0.32326418125553996        5.4446648633750799E-003
   81.699999999999605       0.32359879739924496        5.1135425598994285E-003
   81.999999999999602       0.32961822731078316        5.4679561418039665E-003
   82.299999999999599       0.33543058725840458        5.8351757063407755E-003
   82.599999999999596       0.32777487511005798        5.6563348127756687E-003
   82.899999999999594       0.34211758004645171        6.5175242164739015E-003
   83.199999999999591       0.34689997387758387        5.5079295665966758E-003
   83.499999999999588       0.35151109980070039        5.6577742768371374E-003
   83.799999999999585       0.35557270337547991        5.3608106497671070E-003
   84.099999999999582       0.36103427255900478        5.5236486499194515E-003
   84.399999999999579       0.36789929323094189        5.4581777217158085E-003
   84.699999999999577       0.38131556219627272        5.9929843314062833E-003
   84.999999999999574       0.38508575098666342        6.2410935494914164E-003
   85.299999999999571       0.39164316595634896        5.8150526601929283E-003
   85.599999999999568       0.40395981533458769        7.8084917189006160E-003
   85.899999999999565       0.41677888170200300        6.4783558257172670E-003
   86.199999999999562       0.41611640247642384        5.7858110117156259E-003
   86.499999999999559       0.43626239381617399        6.7094408287038543E-003
   86.799999999999557       0.44384742530866084        6.6664870770136182E-003
   87.099999999999554       0.45468965576021647        7.0761411126033912E-003
   87.399999999999551       0.46175429613345326        6.4034289504706641E-003
   87.699999999999548       0.47676463031512867        6.5326337673495237E-003
   87.999999999999545       0.49620315576941326        6.4077754844067535E-003
   88.299999999999542       0.52052843445534036        6.9418151152109012E-003
   88.599999999999540       0.53544227891704821        7.3569884469489753E-003
   88.899999999999537       0.55157692941796421        7.3825296346285083E-003
   89.199999999999534       0.57670222511828828        7.6843254328794351E-003
   89.499999999999531       0.58595698324551748        7.2444945178455917E-003
   89.799999999999528       0.59887401049063871        7.5287571192596391E-003
   90.099999999999525       0.60542589551590853        8.4958224770057614E-003
   90.399999999999523       0.59639185754318913        7.9624350179944656E-003
   90.699999999999520       0.54411845703211414        7.2086306602193286E-003
   90.999999999999517       0.49105563327066581        6.8097936270044030E-003
   91.299999999999514       0.44487865755040479        7.1653576850112975E-003
   91.599999999999511       0.35915461389956421        5.3289537831266703E-003
   91.899999999999508       0.30840709694758589        5.0370842774828664E-003
   92.199999999999505       0.26258148976339879        4.2349533410300415E-003
   92.499999999999503       0.23336886688180408        3.7668062071555481E-003
   92.799999999999500       0.20343702408164324        3.5869193645703297E-003
   93.099999999999497       0.18059357807231877        3.2964510840634582E-003
   93.399999999999494       0.16718546499613607        2.9411989026399883E-003
   93.699999999999491       0.14753617598618668        2.2168053615883253E-003
   93.999999999999488       0.13878712654205244        2.3244425370980018E-003
   94.299999999999486       0.12947929735489455        2.2421777117367782E-003
   94.599999999999483       0.12193724937627046        2.1784903111882574E-003
   94.899999999999480       0.11466902424935298        1.9705869569469200E-003
   95.199999999999477       0.10578384765331339        1.7012430827924648E-003
   95.499999999999474       0.10409644119740559        1.8484686695035952E-003
   95.799999999999471        9.7583939848627718E-002   1.4497282453563374E-003
   96.099999999999469        9.4690217428130580E-002   1.4156293029534736E-003
   96.399999999999466        8.8027633568083200E-002   1.1452310759598708E-003
   96.699999999999463        8.7004141773136506E-002   1.1290111664409045E-003
   96.999999999999460        8.5495950870923029E-002   1.2061666564579308E-003
   97.299999999999457        8.1901448162433443E-002   1.0328918105283274E-003
   97.599999999999454        8.0418397996654914E-002   9.5636296088159477E-004
   97.899999999999451        7.7241326598593674E-002   8.6623572950136635E-004
   98.199999999999449        7.5176422885921981E-002   7.9465440017241940E-004
   98.499999999999446        7.3303454556127592E-002   7.3427970921523126E-004
   98.799999999999443        7.1922266675816873E-002   6.7731026170291019E-004
   99.099999999999440        6.8563205833329574E-002   5.6485301074812476E-004
   99.399999999999437        6.4674496710085877E-002   4.7068597438655965E-004
   99.699999999999434        4.7751942860908822E-002   3.1013572321856973E-004
