   40.000000000000000        0.0000000000000000        0.0000000000000000     
   40.299999999999997        4.3159789224697882E-007   4.3159787656351778E-007
   40.599999999999994        0.0000000000000000        0.0000000000000000     
   40.899999999999991        0.0000000000000000        0.0000000000000000     
   41.199999999999989        1.5665296668013014E-006   1.5665296098765401E-006
   41.499999999999986        0.0000000000000000        0.0000000000000000     
   41.799999999999983        7.7803998833424916E-006   3.9013705296677624E-006
   42.099999999999980        0.0000000000000000        0.0000000000000000     
   42.399999999999977        1.4525436309984472E-006   1.4525435782157257E-006
   42.699999999999974        0.0000000000000000        0.0000000000000000     
   42.999999999999972        8.2434581255067207E-005   7.7626759786859667E-005
   43.299999999999969        2.8139641687714489E-005   1.8418372270851893E-005
   43.599999999999966        9.2049055613802906E-007   9.2049052268912212E-007
   43.899999999999963        3.1554947926809048E-004   3.1337143825766438E-004
   44.199999999999960        9.4954133491806499E-006   4.7568964848328711E-006
   44.499999999999957        4.0301411694065902E-005   2.1780105873114012E-005
   44.799999999999955        2.5616392508754401E-005   1.1483057953597018E-005
   45.099999999999952        3.9586488337199722E-006   2.1087694978924244E-006
   45.399999999999949        5.5530797824834948E-006   4.1119200250838009E-006
   45.699999999999946        4.5887049918474142E-005   2.2761797613197760E-005
   45.999999999999943        2.4105187716745719E-005   1.4120146976525762E-005
   46.299999999999940        1.3548874799755211E-005   6.1540426589167575E-006
   46.599999999999937        1.8509595705325439E-005   6.0486247628885806E-006
   46.899999999999935        3.7932062025185771E-005   2.1866926839051125E-005
   47.199999999999932        3.4004210425476761E-005   1.1205948616625159E-005
   47.499999999999929        4.8661719151593995E-005   1.5144517518406732E-005
   47.799999999999926        1.7608753171506484E-004   8.0351705835231819E-005
   48.099999999999923        7.5627442559120060E-005   3.7737492103121756E-005
   48.399999999999920        1.2159151803168474E-004   7.4176275521419552E-005
   48.699999999999918        8.0764497776580996E-005   2.0877236744734704E-005
   48.999999999999915        3.6475898052253845E-004   2.5388372829354016E-004
   49.299999999999912        2.2066374520824872E-004   7.9868809548549875E-005
   49.599999999999909        2.2643819556459599E-004   7.8464085908327055E-005
   49.899999999999906        6.7132748779057283E-002   1.9148061397501457E-003
   50.199999999999903       0.11264144796608870        2.8170610495706016E-003
   50.499999999999901       0.11788432189948300        2.9320104983571629E-003
   50.799999999999898       0.11793119634541856        2.5170827336655883E-003
   51.099999999999895       0.12137772224096953        2.5822445443831193E-003
   51.399999999999892       0.12347804679908071        2.5925008770636446E-003
   51.699999999999889       0.12921250663270595        2.8782813180275695E-003
   51.999999999999886       0.12463774867800187        2.6074596816001313E-003
   52.299999999999883       0.13044128009409042        2.7221632944463155E-003
   52.599999999999881       0.13200344320811414        2.9033615657734204E-003
   52.899999999999878       0.13013037022978682        2.5469387334577844E-003
   53.199999999999875       0.13524307422433712        2.8601851898603149E-003
   53.499999999999872       0.13849330294190093        3.2652990440971445E-003
   53.799999999999869       0.13774023660314422        2.8648973812963074E-003
   54.099999999999866       0.13893621761984543        2.9036735992733487E-003
   54.399999999999864       0.13938495003968684        2.8443051366418073E-003
   54.699999999999861       0.14689622871457486        3.0665798082613665E-003
   54.999999999999858       0.14756748483665075        3.1845834551191472E-003
   55.299999999999855       0.13944707487804525        2.6868869960981695E-003
   55.599999999999852       0.14462489224694050        3.1296117696079134E-003
   55.899999999999849       0.15226151800277263        3.2695358675586491E-003
   56.199999999999847       0.14536174826085344        2.7906185209387664E-003
   56.499999999999844       0.14760937887479497        2.6656643704965443E-003
   56.799999999999841       0.14770504360321837        3.0662615022912479E-003
   57.099999999999838       0.15335215683903070        3.2260136807406156E-003
   57.399999999999835       0.15937056287474186        3.4620006965151006E-003
   57.699999999999832       0.15169220133215175        2.9345868247793970E-003
   57.999999999999829       0.15469544080287292        3.1769852648161285E-003
   58.299999999999827       0.15563942267991904        3.0437740121282511E-003
   58.599999999999824       0.15611305116323670        2.9635641487662542E-003
   58.899999999999821       0.16186452477220117        3.1648044713810126E-003
   59.199999999999818       0.15457350075537857        2.9056644581039893E-003
   59.499999999999815       0.16820181219496619        3.4844509395418615E-003
   59.799999999999812       0.16420359097264997        3.1977082688705032E-003
   60.099999999999810       0.16168418555650096        3.0203705114778250E-003
   60.399999999999807       0.16752508244589837        3.4665809593904490E-003
   60.699999999999804       0.16565876473399327        3.2123023932187039E-003
   60.999999999999801       0.16171153696326804        2.9575103261140902E-003
   61.299999999999798       0.16923371825431394        3.3793998577337017E-003
   61.599999999999795       0.16879068041934395        3.2556940055896376E-003
   61.899999999999793       0.16808214108964278        3.1208254989654469E-003
   62.199999999999790       0.17369032161082645        3.5016111962465277E-003
   62.499999999999787       0.17599523655835517        3.5721300717902415E-003
   62.799999999999784       0.16739024650488390        3.0148424875020082E-003
   63.099999999999781       0.17482203265633262        3.2752579508968970E-003
   63.399999999999778       0.17947922053898063        3.3008651932417967E-003
   63.699999999999775       0.18118224835667085        3.3631039669120137E-003
   63.999999999999773       0.17546945428791416        3.0646835589595179E-003
   64.299999999999770       0.17913491067111545        3.1928970162445475E-003
   64.599999999999767       0.18333859845959474        3.3896439213160919E-003
   64.899999999999764       0.18488528306570368        3.2763678661649784E-003
   65.199999999999761       0.18316081630373793        3.2213672192180232E-003
   65.499999999999758       0.18666798712125204        3.2668360553654071E-003
   65.799999999999756       0.18657131713686001        3.3001240789481846E-003
   66.099999999999753       0.18472727929249425        3.1196082368775946E-003
   66.399999999999750       0.18873328482131815        3.1038644610658249E-003
   66.699999999999747       0.18908985386718374        3.2808401602214287E-003
   66.999999999999744       0.19462182193016142        3.3729789183214861E-003
   67.299999999999741       0.19675225893697806        3.3073227013995831E-003
   67.599999999999739       0.19791333037596773        3.5548642468891225E-003
   67.899999999999736       0.19956046503892574        3.5012721617144818E-003
   68.199999999999733       0.19932057319411844        3.5990594859689126E-003
   68.499999999999730       0.20492784428227623        3.5753856819974342E-003
   68.799999999999727       0.19644877903707433        3.1068976068799057E-003
   69.099999999999724       0.20481062804920211        3.3007827069347633E-003
   69.399999999999721       0.20383286150688334        3.5096298140019594E-003
   69.699999999999719       0.20399810086347536        3.4461264660310739E-003
   69.999999999999716       0.20834858652056462        3.6026534878201419E-003
   70.299999999999713       0.21634761102114095        3.8895991365601170E-003
   70.599999999999710       0.21546172314643752        3.7466298649093876E-003
   70.899999999999707       0.20758909223061844        3.4068160893370100E-003
   71.199999999999704       0.21717728021506530        3.8342345240050457E-003
   71.499999999999702       0.21272065733111195        3.7116979830527238E-003
   71.799999999999699       0.21926143685027402        3.6311471556248203E-003
   72.099999999999696       0.21654977803360181        3.5405132172703722E-003
   72.399999999999693       0.22063390419630990        3.6679121068922192E-003
   72.699999999999690       0.21724706128045768        3.5396862457723597E-003
   72.999999999999687       0.22943879595234890        4.0144094606232817E-003
   73.299999999999685       0.22396532067628069        3.7501856220021525E-003
   73.599999999999682       0.22519563234063444        3.6092439878717183E-003
   73.899999999999679       0.22173596446793939        3.4696983912026265E-003
   74.199999999999676       0.23009020542420533        3.9724244599673181E-003
   74.499999999999673       0.22972280142224988        3.8065061004961143E-003
   74.799999999999670       0.23812906840001710        3.9607188910558292E-003
   75.099999999999667       0.23011653177890889        3.6284041615233225E-003
   75.399999999999665       0.23761878836038186        3.8789084320309621E-003
   75.699999999999662       0.24126843172260562        3.8759532071787990E-003
   75.999999999999659       0.23710766391610225        3.5419372011825847E-003
   76.299999999999656       0.24682845591217978        4.0822696309892994E-003
   76.599999999999653       0.23629253200930464        3.4594001706508147E-003
   76.899999999999650       0.25110216892820969        4.0186721826361623E-003
   77.199999999999648       0.24446514315485815        3.7187974893755412E-003
   77.499999999999645       0.24747624378448460        3.7802130053113049E-003
   77.799999999999642       0.24271241309854144        3.4432188056485388E-003
   78.099999999999639       0.25430006475006844        3.9987454505549420E-003
   78.399999999999636       0.25454909833441897        3.8810931253384644E-003
   78.699999999999633       0.26117629233912909        3.8566156556801212E-003
   78.999999999999631       0.26220793994601216        3.7406398628540712E-003
   79.299999999999628       0.26225879807326941        3.8728410232289619E-003
   79.599999999999625       0.26416049550118037        3.9002881815281688E-003
   79.899999999999622       0.27158244719625158        4.2653595512315047E-003
   80.199999999999619       0.27473725124106546        4.0651193769454122E-003
   80.499999999999616       0.27258658023095084        4.0074628315720324E-003
   80.799999999999613       0.27912633843281481        3.9582424707589577E-003
   81.099999999999611       0.28781918414345053        4.4513239946412922E-003
   81.399999999999608       0.29758935541888248        4.5205651841934190E-003
   81.699999999999605       0.29494325064297311        4.4647905749265046E-003
   81.999999999999602       0.28396098968961919        4.0086652477540462E-003
   82.299999999999599       0.29293347998151686        4.3964603334226398E-003
   82.599999999999596       0.30002214698570462        4.2609723035059235E-003
   82.899999999999594       0.30268685339185003        4.2827844323350293E-003
   83.199999999999591       0.32026758746240380        4.7418851646248974E-003
   83.499999999999588       0.31770897603645731        4.4326153195272831E-003
   83.799999999999585       0.31817821920509171        4.5197774933716560E-003
   84.099999999999582       0.32413244557341025        4.4009587464077932E-003
   84.399999999999579       0.33606325620353839        4.6960654515898776E-003
   84.699999999999577       0.33205096168136855        4.3846809810583649E-003
   84.999999999999574       0.34566736688982330        4.6204631777912444E-003
   85.299999999999571       0.34814987414047699        4.7796755232574597E-003
   85.599999999999568       0.35612671566274717        4.6969045854144504E-003
   85.899999999999565       0.36844321090343912        4.7763647455655433E-003
   86.199999999999562       0.36788837525727391        4.6853084636297778E-003
   86.499999999999559       0.38789451799050090        4.9974052907478467E-003
   86.799999999999557       0.39333757186243540        4.8844759398217526E-003
   87.099999999999554       0.40923571434907041        5.2125546720919631E-003
   87.399999999999551       0.41950336468925203        5.1918687861944226E-003
   87.699999999999548       0.43867857937047677        5.4391753307174657E-003
   87.999999999999545       0.43528436278134996        5.0583355772571359E-003
   88.299999999999542       0.46313738510383423        5.5237518398147884E-003
   88.599999999999540       0.46951361041927692        5.3106334419504905E-003
   88.899999999999537       0.48980341646527503        5.4622886341208531E-003
   89.199999999999534       0.50450681967623046        5.5161567885244457E-003
   89.499999999999531       0.51088026197957093        5.5012485747672783E-003
   89.799999999999528       0.54087734699357803        6.2420089577290387E-003
   90.099999999999525       0.52282031703630261        5.6395443653967630E-003
   90.399999999999523       0.50598761163441985        5.8610304975767243E-003
   90.699999999999520       0.47115448201291710        5.4974169495269577E-003
   90.999999999999517       0.40335291458513622        4.8966560376422445E-003
   91.299999999999514       0.34810577322495245        4.5003743205855309E-003
   91.599999999999511       0.29797678960632762        3.8121484440040913E-003
   91.899999999999508       0.25209489505329280        3.4218519206542061E-003
   92.199999999999505       0.21726641257380752        3.0504248417618967E-003
   92.499999999999503       0.19243564249372244        2.8025526920026208E-003
   92.799999999999500       0.17576255303835003        2.6297928264540698E-003
   93.099999999999497       0.15511553800456684        2.2747448740564778E-003
   93.399999999999494       0.14031935743145013        2.0173706092142299E-003
   93.699999999999491       0.12903677122329321        1.8800034127571439E-003
   93.999999999999488       0.12118080090870434        1.8139621177167484E-003
   94.299999999999486       0.11049213353357351        1.6197280257131119E-003
   94.599999999999483       0.10661076840404625        1.5060724536020396E-003
   94.899999999999480        9.9560228248322169E-002   1.3316908156066488E-003
   95.199999999999477        9.3472516097184308E-002   1.2106942943595996E-003
   95.499999999999474        8.7218878787641285E-002   1.0795377803052492E-003
   95.799999999999471        8.5789079045201042E-002   1.0111799333383615E-003
   96.099999999999469        8.3967518623577597E-002   9.9693215050881447E-004
   96.399999999999466        8.1293865990379549E-002   9.6943232571884751E-004
   96.699999999999463        7.7873319935745658E-002   8.4187484027133910E-004
   96.999999999999460        7.4402825188040228E-002   7.8131529774023956E-004
   97.299999999999457        7.3340803327312867E-002   7.5127503580656890E-004
   97.599999999999454        6.9294876973909875E-002   6.5455837723762597E-004
   97.899999999999451        6.9644446270390015E-002   6.3173056822490208E-004
   98.199999999999449        6.7876134557814757E-002   5.9040949790040967E-004
   98.499999999999446        6.5384704687126469E-002   5.2608226721859836E-004
   98.799999999999443        6.3754386352597892E-002   4.7498087078862091E-004
   99.099999999999440        6.2940333531578144E-002   4.3157039996770359E-004
   99.399999999999437        6.0454212929403103E-002   3.5921292952166518E-004
   99.699999999999434        4.5263101741005597E-002   2.4231333942680434E-004
