  -6.0000000000000000        0.0000000000000000        0.0000000000000000     
  -5.9000000000000004        6.5193951561584827E-003   8.7093713189759713E-004
  -5.8000000000000007       0.40742713334223374        9.4061764736498230E-003
  -5.7000000000000011       0.70146977342983752        1.0532573370950291E-002
  -5.6000000000000014       0.68600209305337445        1.0385648616746675E-002
  -5.5000000000000018       0.70467537584075335        1.0495663395635190E-002
  -5.4000000000000021       0.74483429999983219        1.2108463058838073E-002
  -5.3000000000000025       0.74021022391701441        1.1919238475464521E-002
  -5.2000000000000028       0.73368047639987888        1.1097930752437099E-002
  -5.1000000000000032       0.75024130281672441        1.1397434225770964E-002
  -5.0000000000000036       0.76391246131812185        1.1763172090762221E-002
  -4.9000000000000039       0.79208395563430611        1.2317944438269994E-002
  -4.8000000000000043       0.79602869342768512        1.1778284715216206E-002
  -4.7000000000000046       0.77469870704938248        1.0684303541848671E-002
  -4.6000000000000050       0.81104031869508786        1.1719434558404971E-002
  -4.5000000000000053       0.83786798096861703        1.3103763437646373E-002
  -4.4000000000000057       0.81845053861913986        1.1351868607823333E-002
  -4.3000000000000060       0.84269255748476612        1.2308722837721874E-002
  -4.2000000000000064       0.85533510567110771        1.2576198936995376E-002
  -4.1000000000000068       0.87089032919683462        1.2967276889751130E-002
  -4.0000000000000071       0.86116486811994331        1.2210823221118650E-002
  -3.9000000000000070       0.90395504548647587        1.3441760180651912E-002
  -3.8000000000000069       0.87997827842238407        1.1924431846950186E-002
  -3.7000000000000068       0.89871576697083000        1.2365846807925565E-002
  -3.6000000000000068       0.90382039503757672        1.1884886714518017E-002
  -3.5000000000000067       0.91404575984638070        1.2434275824415890E-002
  -3.4000000000000066       0.91877557645274943        1.2220058254727236E-002
  -3.3000000000000065       0.94028863997457202        1.2588339003137980E-002
  -3.2000000000000064       0.95242564505456007        1.2746181106552235E-002
  -3.1000000000000063       0.96586664632108232        1.2678849970464316E-002
  -3.0000000000000062       0.94879461009785060        1.2498621351114575E-002
  -2.9000000000000061       0.98901245182487529        1.2930234432490986E-002
  -2.8000000000000060       0.99837084371685847        1.3668403699168486E-002
  -2.7000000000000060       0.99719016950165595        1.3124610122069660E-002
  -2.6000000000000059        1.0155882566160856        1.3017847807300647E-002
  -2.5000000000000058        1.0349970341400778        1.3350286218699318E-002
  -2.4000000000000057        1.0509984433517372        1.4053547675337870E-002
  -2.3000000000000056        1.0639372908749261        1.3544037904471678E-002
  -2.2000000000000055        1.0487866807503747        1.3312228564433056E-002
  -2.1000000000000054        1.0616223635046207        1.3373753141601382E-002
  -2.0000000000000053        1.1026861721144747        1.5096278149538978E-002
  -1.9000000000000052        1.0784574521911663        1.3253015982556718E-002
  -1.8000000000000052        1.1027187408463961        1.4530686998208473E-002
  -1.7000000000000051        1.0931670534374482        1.4081448573607462E-002
  -1.6000000000000050        1.1063556876860643        1.4156620738242521E-002
  -1.5000000000000049        1.1057411230918075        1.4420253970756329E-002
  -1.4000000000000048        1.0887044966537620        1.3764342274376312E-002
  -1.3000000000000047        1.1034162278286126        1.4136616229189710E-002
  -1.2000000000000046        1.0633067821210560        1.3640958214630286E-002
  -1.1000000000000045        1.0266238478284795        1.2513051512825113E-002
  -1.0000000000000044        1.0092747461161475        1.3036946886085088E-002
 -0.90000000000000446       0.94966111500553485        1.3130528291961555E-002
 -0.80000000000000449       0.87199708536430531        1.2606998221498402E-002
 -0.70000000000000451       0.71036189250429427        1.1110588839141136E-002
 -0.60000000000000453       0.41551051180129217        7.9010257608454915E-003
 -0.50000000000000455       0.23382084605656278        6.4824581575925492E-003
 -0.40000000000000457        4.9505455996469848E-002   2.7960475338269556E-003
 -0.30000000000000460        1.4243408871203733E-003   2.5081702913666391E-004
 -0.20000000000000459        0.0000000000000000        0.0000000000000000     
 -0.10000000000000459        0.0000000000000000        0.0000000000000000     
  -4.5796699765787707E-015   60.797534943199040       0.10197067366914192     
   9.9999999999995426E-002   0.0000000000000000        0.0000000000000000     
  0.19999999999999543        0.0000000000000000        0.0000000000000000     
  0.29999999999999549        0.0000000000000000        0.0000000000000000     
  0.39999999999999547        0.0000000000000000        0.0000000000000000     
  0.49999999999999545        7.6673183211141421E-006   7.6673180424981192E-006
  0.59999999999999543        0.0000000000000000        0.0000000000000000     
  0.69999999999999540        0.0000000000000000        0.0000000000000000     
  0.79999999999999538        0.0000000000000000        0.0000000000000000     
  0.89999999999999536        0.0000000000000000        0.0000000000000000     
  0.99999999999999545        0.0000000000000000        0.0000000000000000     
   1.0999999999999954        0.0000000000000000        0.0000000000000000     
   1.1999999999999955        0.0000000000000000        0.0000000000000000     
   1.2999999999999956        0.0000000000000000        0.0000000000000000     
   1.3999999999999957        0.0000000000000000        0.0000000000000000     
   1.4999999999999958        0.0000000000000000        0.0000000000000000     
   1.5999999999999959        0.0000000000000000        0.0000000000000000     
   1.6999999999999960        0.0000000000000000        0.0000000000000000     
   1.7999999999999960        0.0000000000000000        0.0000000000000000     
   1.8999999999999961        0.0000000000000000        0.0000000000000000     
   1.9999999999999960        0.0000000000000000        0.0000000000000000     
   2.0999999999999961        0.0000000000000000        0.0000000000000000     
   2.1999999999999962        0.0000000000000000        0.0000000000000000     
   2.2999999999999963        0.0000000000000000        0.0000000000000000     
   2.3999999999999964        0.0000000000000000        0.0000000000000000     
   2.4999999999999964        0.0000000000000000        0.0000000000000000     
   2.5999999999999965        0.0000000000000000        0.0000000000000000     
   2.6999999999999966        0.0000000000000000        0.0000000000000000     
   2.7999999999999967        0.0000000000000000        0.0000000000000000     
   2.8999999999999968        0.0000000000000000        0.0000000000000000     
   2.9999999999999969        0.0000000000000000        0.0000000000000000     
   3.0999999999999970        0.0000000000000000        0.0000000000000000     
   3.1999999999999971        0.0000000000000000        0.0000000000000000     
   3.2999999999999972        0.0000000000000000        0.0000000000000000     
   3.3999999999999972        0.0000000000000000        0.0000000000000000     
   3.4999999999999973        0.0000000000000000        0.0000000000000000     
   3.5999999999999974        0.0000000000000000        0.0000000000000000     
   3.6999999999999975        0.0000000000000000        0.0000000000000000     
   3.7999999999999976        0.0000000000000000        0.0000000000000000     
   3.8999999999999977        0.0000000000000000        0.0000000000000000     
   3.9999999999999978        0.0000000000000000        0.0000000000000000     
   4.0999999999999979        0.0000000000000000        0.0000000000000000     
   4.1999999999999975        0.0000000000000000        0.0000000000000000     
   4.2999999999999972        0.0000000000000000        0.0000000000000000     
   4.3999999999999968        0.0000000000000000        0.0000000000000000     
   4.4999999999999964        0.0000000000000000        0.0000000000000000     
   4.5999999999999961        0.0000000000000000        0.0000000000000000     
   4.6999999999999957        0.0000000000000000        0.0000000000000000     
   4.7999999999999954        0.0000000000000000        0.0000000000000000     
   4.8999999999999950        0.0000000000000000        0.0000000000000000     
   4.9999999999999947        0.0000000000000000        0.0000000000000000     
   5.0999999999999943        0.0000000000000000        0.0000000000000000     
   5.1999999999999940        0.0000000000000000        0.0000000000000000     
   5.2999999999999936        0.0000000000000000        0.0000000000000000     
   5.3999999999999932        0.0000000000000000        0.0000000000000000     
   5.4999999999999929        0.0000000000000000        0.0000000000000000     
   5.5999999999999925        0.0000000000000000        0.0000000000000000     
   5.6999999999999922        0.0000000000000000        0.0000000000000000     
   5.7999999999999918        0.0000000000000000        0.0000000000000000     
   5.8999999999999915        0.0000000000000000        0.0000000000000000     
   5.9999999999999911        0.0000000000000000        0.0000000000000000     
   6.0999999999999908        0.0000000000000000        0.0000000000000000     
   6.1999999999999904        0.0000000000000000        0.0000000000000000     
   6.2999999999999901        0.0000000000000000        0.0000000000000000     
   6.3999999999999897        0.0000000000000000        0.0000000000000000     
   6.4999999999999893        0.0000000000000000        0.0000000000000000     
   6.5999999999999890        0.0000000000000000        0.0000000000000000     
   6.6999999999999886        0.0000000000000000        0.0000000000000000     
   6.7999999999999883        0.0000000000000000        0.0000000000000000     
   6.8999999999999879        0.0000000000000000        0.0000000000000000     
   6.9999999999999876        0.0000000000000000        0.0000000000000000     
   7.0999999999999872        0.0000000000000000        0.0000000000000000     
   7.1999999999999869        0.0000000000000000        0.0000000000000000     
   7.2999999999999865        0.0000000000000000        0.0000000000000000     
   7.3999999999999861        0.0000000000000000        0.0000000000000000     
   7.4999999999999858        0.0000000000000000        0.0000000000000000     
   7.5999999999999854        0.0000000000000000        0.0000000000000000     
   7.6999999999999851        0.0000000000000000        0.0000000000000000     
   7.7999999999999847        0.0000000000000000        0.0000000000000000     
   7.8999999999999844        0.0000000000000000        0.0000000000000000     
   7.9999999999999840        0.0000000000000000        0.0000000000000000     
   8.0999999999999837        0.0000000000000000        0.0000000000000000     
   8.1999999999999833        0.0000000000000000        0.0000000000000000     
   8.2999999999999829        0.0000000000000000        0.0000000000000000     
   8.3999999999999826        0.0000000000000000        0.0000000000000000     
   8.4999999999999822        0.0000000000000000        0.0000000000000000     
   8.5999999999999819        0.0000000000000000        0.0000000000000000     
   8.6999999999999815        0.0000000000000000        0.0000000000000000     
   8.7999999999999812        0.0000000000000000        0.0000000000000000     
   8.8999999999999808        0.0000000000000000        0.0000000000000000     
   8.9999999999999805        0.0000000000000000        0.0000000000000000     
   9.0999999999999801        0.0000000000000000        0.0000000000000000     
   9.1999999999999797        0.0000000000000000        0.0000000000000000     
   9.2999999999999794        0.0000000000000000        0.0000000000000000     
   9.3999999999999790        0.0000000000000000        0.0000000000000000     
   9.4999999999999787        0.0000000000000000        0.0000000000000000     
   9.5999999999999783        0.0000000000000000        0.0000000000000000     
   9.6999999999999780        0.0000000000000000        0.0000000000000000     
   9.7999999999999776        0.0000000000000000        0.0000000000000000     
   9.8999999999999773        0.0000000000000000        0.0000000000000000     
   9.9999999999999769        0.0000000000000000        0.0000000000000000     
   10.099999999999977        0.0000000000000000        0.0000000000000000     
   10.199999999999976        0.0000000000000000        0.0000000000000000     
   10.299999999999976        0.0000000000000000        0.0000000000000000     
   10.399999999999975        0.0000000000000000        0.0000000000000000     
   10.499999999999975        0.0000000000000000        0.0000000000000000     
   10.599999999999975        0.0000000000000000        0.0000000000000000     
   10.699999999999974        0.0000000000000000        0.0000000000000000     
   10.799999999999974        0.0000000000000000        0.0000000000000000     
   10.899999999999974        0.0000000000000000        0.0000000000000000     
   10.999999999999973        0.0000000000000000        0.0000000000000000     
   11.099999999999973        0.0000000000000000        0.0000000000000000     
   11.199999999999973        0.0000000000000000        0.0000000000000000     
   11.299999999999972        0.0000000000000000        0.0000000000000000     
   11.399999999999972        0.0000000000000000        0.0000000000000000     
   11.499999999999972        0.0000000000000000        0.0000000000000000     
   11.599999999999971        0.0000000000000000        0.0000000000000000     
   11.699999999999971        0.0000000000000000        0.0000000000000000     
   11.799999999999971        0.0000000000000000        0.0000000000000000     
   11.899999999999970        0.0000000000000000        0.0000000000000000     
   11.999999999999970        0.0000000000000000        0.0000000000000000     
   12.099999999999969        0.0000000000000000        0.0000000000000000     
   12.199999999999969        0.0000000000000000        0.0000000000000000     
   12.299999999999969        0.0000000000000000        0.0000000000000000     
   12.399999999999968        0.0000000000000000        0.0000000000000000     
   12.499999999999968        0.0000000000000000        0.0000000000000000     
   12.599999999999968        0.0000000000000000        0.0000000000000000     
   12.699999999999967        0.0000000000000000        0.0000000000000000     
   12.799999999999967        0.0000000000000000        0.0000000000000000     
   12.899999999999967        0.0000000000000000        0.0000000000000000     
   12.999999999999966        0.0000000000000000        0.0000000000000000     
   13.099999999999966        0.0000000000000000        0.0000000000000000     
   13.199999999999966        0.0000000000000000        0.0000000000000000     
   13.299999999999965        0.0000000000000000        0.0000000000000000     
   13.399999999999965        0.0000000000000000        0.0000000000000000     
   13.499999999999964        0.0000000000000000        0.0000000000000000     
   13.599999999999964        0.0000000000000000        0.0000000000000000     
   13.699999999999964        0.0000000000000000        0.0000000000000000     
   13.799999999999963        0.0000000000000000        0.0000000000000000     
   13.899999999999963        0.0000000000000000        0.0000000000000000     
