  0.59999999999999998        3.0503634158231496E-002   1.2802154579605703E-004
  0.60599999999999998        3.0358996812419416E-002   1.2649870083134679E-004
  0.61199999999999999        3.0780665337416694E-002   1.2684273489440637E-004
  0.61799999999999999        3.1153950826409996E-002   1.2686760091471690E-004
  0.62400000000000000        3.0968436904447578E-002   1.2566051996970047E-004
  0.63000000000000000        3.1054205712326904E-002   1.2530682776223386E-004
  0.63600000000000001        3.1250021766445805E-002   1.2498458526391933E-004
  0.64200000000000002        3.1469509323437964E-002   1.2497584318529607E-004
  0.64800000000000002        3.1536882989292220E-002   1.2463449286413607E-004
  0.65400000000000003        3.1662436977128373E-002   1.2448071983338878E-004
  0.66000000000000003        3.2122370917862512E-002   1.2502676735775127E-004
  0.66600000000000004        3.1835339550866579E-002   1.2385859454526374E-004
  0.67200000000000004        3.1992178429278019E-002   1.2368359428757141E-004
  0.67800000000000005        3.2454160625012947E-002   1.2443298712065909E-004
  0.68400000000000005        3.2789133086400600E-002   1.2484626707086633E-004
  0.69000000000000006        3.2593569982064925E-002   1.2411010118612811E-004
  0.69600000000000006        3.3109738695622309E-002   1.2480038459107611E-004
  0.70200000000000007        3.3030997943947572E-002   1.2434802155256074E-004
  0.70800000000000007        3.3449018361769951E-002   1.2488074537169127E-004
  0.71400000000000008        3.3701625044155727E-002   1.2519093132754681E-004
  0.72000000000000008        3.4088282891223926E-002   1.2580355133844030E-004
  0.72600000000000009        3.4255717328890864E-002   1.2589897012795737E-004
  0.73200000000000010        3.4433956671492516E-002   1.2616171786120355E-004
  0.73800000000000010        3.4716478411955215E-002   1.2643158830376384E-004
  0.74400000000000011        3.5208403373767114E-002   1.2725553114549244E-004
  0.75000000000000011        3.5530197378344910E-002   1.2785374572552187E-004
  0.75600000000000012        3.5937821416213281E-002   1.2846587162354824E-004
  0.76200000000000012        3.6101949312150355E-002   1.2858975519223768E-004
  0.76800000000000013        3.6456401168286121E-002   1.2904477534771770E-004
  0.77400000000000013        3.6710055578252458E-002   1.2939284087426620E-004
  0.78000000000000014        3.7087203469684894E-002   1.3005635457476333E-004
  0.78600000000000014        3.7179830786145236E-002   1.3010139731841204E-004
  0.79200000000000015        3.7915000328844366E-002   1.3143489254919752E-004
  0.79800000000000015        3.8161875745544686E-002   1.3177233552943477E-004
  0.80400000000000016        3.8234738391458842E-002   1.3185399303365409E-004
  0.81000000000000016        3.9110364755710517E-002   1.3344829999070281E-004
  0.81600000000000017        3.9395458631731765E-002   1.3380580954827975E-004
  0.82200000000000017        4.0150685890135158E-002   1.3516397431995853E-004
  0.82800000000000018        4.0693155580007488E-002   1.3597011449982175E-004
  0.83400000000000019        4.0958887739895838E-002   1.3646383517417320E-004
  0.84000000000000019        4.1409481367407255E-002   1.3721888120071408E-004
  0.84600000000000020        4.1847989658449346E-002   1.3806855079638822E-004
  0.85200000000000020        4.2575393519143474E-002   1.3918080708908548E-004
  0.85800000000000021        4.3267442155743019E-002   1.4029631907157712E-004
  0.86400000000000021        4.3915131314963267E-002   1.4137174110696201E-004
  0.87000000000000022        4.4749928142916590E-002   1.4274422572491935E-004
  0.87600000000000022        4.5129484684325066E-002   1.4345720551681298E-004
  0.88200000000000023        4.6465668821544827E-002   1.4568561121529983E-004
  0.88800000000000023        4.7271084244024382E-002   1.4692990400377263E-004
  0.89400000000000024        4.8033005023703897E-002   1.4815248086644993E-004
  0.90000000000000024        4.9302810073315939E-002   1.5019953831449089E-004
  0.90600000000000025        5.0158102216270817E-002   1.5146176288969454E-004
  0.91200000000000025        5.1357642308428868E-002   1.5325994760904767E-004
  0.91800000000000026        5.3158346309980453E-002   1.5596401884944981E-004
  0.92400000000000027        5.4425594092980756E-002   1.5781082829293644E-004
  0.93000000000000027        5.6148404439644396E-002   1.6035363963451654E-004
  0.93600000000000028        5.7449188296187080E-002   1.6206739216745016E-004
  0.94200000000000028        6.0117867462240800E-002   1.6565553069619376E-004
  0.94800000000000029        6.2072778476369932E-002   1.6796982357385621E-004
  0.95400000000000029        6.5202425700797650E-002   1.7187537691805901E-004
  0.96000000000000030        6.7975851645674795E-002   1.7482620394954895E-004
  0.96600000000000030        7.1353621720707902E-002   1.7814661000228974E-004
  0.97200000000000031        7.5381183764598597E-002   1.8150577549897330E-004
  0.97800000000000031        7.8879237472492147E-002   1.8336511825402466E-004
  0.98400000000000032        8.1184623414554291E-002   1.8210498570202566E-004
  0.99000000000000032        7.8213447463127070E-002   1.7270713955412620E-004
  0.99600000000000022        6.3487653843846248E-002   1.4696031510836523E-004
   1.0020000000000002        4.1058701743634435E-002   1.0789551217229857E-004
   1.0080000000000002        2.2406463027329737E-002   6.9549667005601123E-005
   1.0140000000000002        1.1110756603704260E-002   4.0465627512262448E-005
   1.0200000000000002        5.2141807784386552E-003   2.1393199208107841E-005
   1.0260000000000002        2.1020204732380226E-003   9.3797210393085003E-006
   1.0320000000000003        5.7346784940899304E-004   2.7866377416865962E-006
   1.0380000000000003        2.5290204560356731E-005   1.9302229748129472E-007
   1.0440000000000003        0.0000000000000000        0.0000000000000000     
   1.0500000000000003        0.0000000000000000        0.0000000000000000     
   1.0560000000000003        0.0000000000000000        0.0000000000000000     
   1.0620000000000003        0.0000000000000000        0.0000000000000000     
   1.0680000000000003        0.0000000000000000        0.0000000000000000     
   1.0740000000000003        0.0000000000000000        0.0000000000000000     
   1.0800000000000003        0.0000000000000000        0.0000000000000000     
   1.0860000000000003        0.0000000000000000        0.0000000000000000     
   1.0920000000000003        0.0000000000000000        0.0000000000000000     
   1.0980000000000003        0.0000000000000000        0.0000000000000000     
   1.1040000000000003        0.0000000000000000        0.0000000000000000     
   1.1100000000000003        0.0000000000000000        0.0000000000000000     
   1.1160000000000003        0.0000000000000000        0.0000000000000000     
   1.1220000000000003        0.0000000000000000        0.0000000000000000     
   1.1280000000000003        0.0000000000000000        0.0000000000000000     
   1.1340000000000003        0.0000000000000000        0.0000000000000000     
   1.1400000000000003        0.0000000000000000        0.0000000000000000     
   1.1460000000000004        0.0000000000000000        0.0000000000000000     
   1.1520000000000004        0.0000000000000000        0.0000000000000000     
   1.1580000000000004        0.0000000000000000        0.0000000000000000     
   1.1640000000000004        0.0000000000000000        0.0000000000000000     
   1.1700000000000004        0.0000000000000000        0.0000000000000000     
   1.1760000000000004        0.0000000000000000        0.0000000000000000     
   1.1820000000000004        0.0000000000000000        0.0000000000000000     
   1.1880000000000004        0.0000000000000000        0.0000000000000000     
   1.1940000000000004        0.0000000000000000        0.0000000000000000     
   1.2000000000000004        0.0000000000000000        0.0000000000000000     
   1.2060000000000004        0.0000000000000000        0.0000000000000000     
   1.2120000000000004        0.0000000000000000        0.0000000000000000     
   1.2180000000000004        0.0000000000000000        0.0000000000000000     
   1.2240000000000004        0.0000000000000000        0.0000000000000000     
   1.2300000000000004        0.0000000000000000        0.0000000000000000     
   1.2360000000000004        0.0000000000000000        0.0000000000000000     
   1.2420000000000004        0.0000000000000000        0.0000000000000000     
   1.2480000000000004        0.0000000000000000        0.0000000000000000     
   1.2540000000000004        0.0000000000000000        0.0000000000000000     
   1.2600000000000005        0.0000000000000000        0.0000000000000000     
   1.2660000000000005        0.0000000000000000        0.0000000000000000     
   1.2720000000000005        0.0000000000000000        0.0000000000000000     
   1.2780000000000005        0.0000000000000000        0.0000000000000000     
   1.2840000000000005        0.0000000000000000        0.0000000000000000     
   1.2900000000000005        0.0000000000000000        0.0000000000000000     
   1.2960000000000005        0.0000000000000000        0.0000000000000000     
   1.3020000000000005        0.0000000000000000        0.0000000000000000     
   1.3080000000000005        0.0000000000000000        0.0000000000000000     
   1.3140000000000005        0.0000000000000000        0.0000000000000000     
   1.3200000000000005        0.0000000000000000        0.0000000000000000     
   1.3260000000000005        0.0000000000000000        0.0000000000000000     
   1.3320000000000005        0.0000000000000000        0.0000000000000000     
   1.3380000000000005        0.0000000000000000        0.0000000000000000     
   1.3440000000000005        0.0000000000000000        0.0000000000000000     
   1.3500000000000005        0.0000000000000000        0.0000000000000000     
   1.3560000000000005        0.0000000000000000        0.0000000000000000     
   1.3620000000000005        0.0000000000000000        0.0000000000000000     
   1.3680000000000005        0.0000000000000000        0.0000000000000000     
   1.3740000000000006        0.0000000000000000        0.0000000000000000     
   1.3800000000000006        0.0000000000000000        0.0000000000000000     
   1.3860000000000006        0.0000000000000000        0.0000000000000000     
   1.3920000000000006        0.0000000000000000        0.0000000000000000     
   1.3980000000000006        0.0000000000000000        0.0000000000000000     
   1.4040000000000006        0.0000000000000000        0.0000000000000000     
   1.4100000000000006        0.0000000000000000        0.0000000000000000     
   1.4160000000000006        0.0000000000000000        0.0000000000000000     
   1.4220000000000006        0.0000000000000000        0.0000000000000000     
   1.4280000000000006        0.0000000000000000        0.0000000000000000     
   1.4340000000000006        0.0000000000000000        0.0000000000000000     
   1.4400000000000006        0.0000000000000000        0.0000000000000000     
   1.4460000000000006        0.0000000000000000        0.0000000000000000     
   1.4520000000000006        0.0000000000000000        0.0000000000000000     
   1.4580000000000006        0.0000000000000000        0.0000000000000000     
   1.4640000000000006        0.0000000000000000        0.0000000000000000     
   1.4700000000000006        0.0000000000000000        0.0000000000000000     
   1.4760000000000006        0.0000000000000000        0.0000000000000000     
   1.4820000000000007        0.0000000000000000        0.0000000000000000     
   1.4880000000000007        0.0000000000000000        0.0000000000000000     
   1.4940000000000007        0.0000000000000000        0.0000000000000000     
   1.5000000000000007        0.0000000000000000        0.0000000000000000     
   1.5060000000000007        0.0000000000000000        0.0000000000000000     
   1.5120000000000007        0.0000000000000000        0.0000000000000000     
   1.5180000000000007        0.0000000000000000        0.0000000000000000     
   1.5240000000000007        0.0000000000000000        0.0000000000000000     
   1.5300000000000007        0.0000000000000000        0.0000000000000000     
   1.5360000000000007        0.0000000000000000        0.0000000000000000     
   1.5420000000000007        0.0000000000000000        0.0000000000000000     
   1.5480000000000007        0.0000000000000000        0.0000000000000000     
   1.5540000000000007        0.0000000000000000        0.0000000000000000     
   1.5600000000000007        0.0000000000000000        0.0000000000000000     
   1.5660000000000007        0.0000000000000000        0.0000000000000000     
   1.5720000000000007        0.0000000000000000        0.0000000000000000     
   1.5780000000000007        0.0000000000000000        0.0000000000000000     
   1.5840000000000007        0.0000000000000000        0.0000000000000000     
   1.5900000000000007        0.0000000000000000        0.0000000000000000     
   1.5960000000000008        0.0000000000000000        0.0000000000000000     
   1.6020000000000008        0.0000000000000000        0.0000000000000000     
   1.6080000000000008        0.0000000000000000        0.0000000000000000     
   1.6140000000000008        0.0000000000000000        0.0000000000000000     
   1.6200000000000008        0.0000000000000000        0.0000000000000000     
   1.6260000000000008        0.0000000000000000        0.0000000000000000     
   1.6320000000000008        0.0000000000000000        0.0000000000000000     
   1.6380000000000008        0.0000000000000000        0.0000000000000000     
   1.6440000000000008        0.0000000000000000        0.0000000000000000     
   1.6500000000000008        0.0000000000000000        0.0000000000000000     
   1.6560000000000008        0.0000000000000000        0.0000000000000000     
   1.6620000000000008        0.0000000000000000        0.0000000000000000     
   1.6680000000000008        0.0000000000000000        0.0000000000000000     
   1.6740000000000008        0.0000000000000000        0.0000000000000000     
   1.6800000000000008        0.0000000000000000        0.0000000000000000     
   1.6860000000000008        0.0000000000000000        0.0000000000000000     
   1.6920000000000008        0.0000000000000000        0.0000000000000000     
   1.6980000000000008        0.0000000000000000        0.0000000000000000     
   1.7040000000000008        0.0000000000000000        0.0000000000000000     
   1.7100000000000009        0.0000000000000000        0.0000000000000000     
   1.7160000000000009        0.0000000000000000        0.0000000000000000     
   1.7220000000000009        0.0000000000000000        0.0000000000000000     
   1.7280000000000009        0.0000000000000000        0.0000000000000000     
   1.7340000000000009        0.0000000000000000        0.0000000000000000     
   1.7400000000000009        0.0000000000000000        0.0000000000000000     
   1.7460000000000009        0.0000000000000000        0.0000000000000000     
   1.7520000000000009        0.0000000000000000        0.0000000000000000     
   1.7580000000000009        0.0000000000000000        0.0000000000000000     
   1.7640000000000009        0.0000000000000000        0.0000000000000000     
   1.7700000000000009        0.0000000000000000        0.0000000000000000     
   1.7760000000000009        0.0000000000000000        0.0000000000000000     
   1.7820000000000009        0.0000000000000000        0.0000000000000000     
   1.7880000000000009        0.0000000000000000        0.0000000000000000     
   1.7940000000000009        0.0000000000000000        0.0000000000000000     
