  -2.0000000000000000        0.0000000000000000        0.0000000000000000     
  -1.9800000000000000        0.0000000000000000        0.0000000000000000     
  -1.9600000000000000        0.0000000000000000        0.0000000000000000     
  -1.9399999999999999        0.0000000000000000        0.0000000000000000     
  -1.9199999999999999        0.0000000000000000        0.0000000000000000     
  -1.8999999999999999        0.0000000000000000        0.0000000000000000     
  -1.8799999999999999        0.0000000000000000        0.0000000000000000     
  -1.8599999999999999        0.0000000000000000        0.0000000000000000     
  -1.8399999999999999        0.0000000000000000        0.0000000000000000     
  -1.8199999999999998        0.0000000000000000        0.0000000000000000     
  -1.7999999999999998        0.0000000000000000        0.0000000000000000     
  -1.7799999999999998        0.0000000000000000        0.0000000000000000     
  -1.7599999999999998        0.0000000000000000        0.0000000000000000     
  -1.7399999999999998        0.0000000000000000        0.0000000000000000     
  -1.7199999999999998        0.0000000000000000        0.0000000000000000     
  -1.6999999999999997        0.0000000000000000        0.0000000000000000     
  -1.6799999999999997        0.0000000000000000        0.0000000000000000     
  -1.6599999999999997        0.0000000000000000        0.0000000000000000     
  -1.6399999999999997        0.0000000000000000        0.0000000000000000     
  -1.6199999999999997        0.0000000000000000        0.0000000000000000     
  -1.5999999999999996        0.0000000000000000        0.0000000000000000     
  -1.5799999999999996        0.0000000000000000        0.0000000000000000     
  -1.5599999999999996        0.0000000000000000        0.0000000000000000     
  -1.5399999999999996        0.0000000000000000        0.0000000000000000     
  -1.5199999999999996        0.0000000000000000        0.0000000000000000     
  -1.4999999999999996        0.0000000000000000        0.0000000000000000     
  -1.4799999999999995        0.0000000000000000        0.0000000000000000     
  -1.4599999999999995        0.0000000000000000        0.0000000000000000     
  -1.4399999999999995        0.0000000000000000        0.0000000000000000     
  -1.4199999999999995        0.0000000000000000        0.0000000000000000     
  -1.3999999999999995        0.0000000000000000        0.0000000000000000     
  -1.3799999999999994        0.0000000000000000        0.0000000000000000     
  -1.3599999999999994        0.0000000000000000        0.0000000000000000     
  -1.3399999999999994        0.0000000000000000        0.0000000000000000     
  -1.3199999999999994       0.12167904132166156        7.2146124085347273E-003
  -1.2999999999999994       0.65927291870685722        2.5269293193890988E-002
  -1.2799999999999994       0.92464413129133816        2.7458841141557146E-002
  -1.2599999999999993        1.0657228532585665        2.9081117197353998E-002
  -1.2399999999999993        1.1888108270512594        2.6076231091181686E-002
  -1.2199999999999993        1.3232162739049085        2.8346541699326055E-002
  -1.1999999999999993        1.4843336308366879        3.1360106793994286E-002
  -1.1799999999999993        1.5558220441305970        2.7062121004655167E-002
  -1.1599999999999993        1.7958762113969982        3.3244820824052307E-002
  -1.1399999999999992        2.0449477573778720        3.7827066338491415E-002
  -1.1199999999999992        2.2196487342150193        3.8148086693677891E-002
  -1.0999999999999992        2.3658330956195108        3.9376696524752591E-002
  -1.0799999999999992        2.5119967560855208        4.3549597746026465E-002
  -1.0599999999999992        2.6239487122004519        4.3775719312118273E-002
  -1.0399999999999991        2.6785114969363732        4.5463658052509667E-002
  -1.0199999999999991        2.7578824282548724        4.4190600684135509E-002
 -0.99999999999999911        2.8631054468462374        4.5057533227876541E-002
 -0.97999999999999909        2.8095588687754423        4.1400238370919579E-002
 -0.95999999999999908        2.9906099144091431        4.7243986604766086E-002
 -0.93999999999999906        3.0220694534657153        4.6879588293194496E-002
 -0.91999999999999904        2.9795113460587492        4.2524595752203180E-002
 -0.89999999999999902        3.0993245273524006        4.5099462921401878E-002
 -0.87999999999999901        3.2272997400319485        4.6848587389227411E-002
 -0.85999999999999899        3.2271502883805860        4.7136326696643874E-002
 -0.83999999999999897        3.3300680200295032        4.9491853737354950E-002
 -0.81999999999999895        3.4793594434105888        5.1510035364636053E-002
 -0.79999999999999893        3.4423914554976500        4.8053115209990428E-002
 -0.77999999999999892        3.4428124921971142        4.8795452201948281E-002
 -0.75999999999999890        3.6298492759829180        5.2603588415967573E-002
 -0.73999999999999888        3.5960920820539979        4.7963997152318437E-002
 -0.71999999999999886        3.7026780993236712        4.9710031772264233E-002
 -0.69999999999999885        3.7557341899933609        5.1900420937053965E-002
 -0.67999999999999883        3.7729429993252204        5.1794892666037838E-002
 -0.65999999999999881        3.8851327600471843        5.0296031207892854E-002
 -0.63999999999999879        3.8677610462009584        5.0721723586137940E-002
 -0.61999999999999877        4.0160359334373572        5.4302618536345985E-002
 -0.59999999999999876        3.9838513104276574        5.0902778425537053E-002
 -0.57999999999999874        4.1512512410754931        5.4385623562757356E-002
 -0.55999999999999872        4.1011919040840148        5.4209147058528639E-002
 -0.53999999999999870        4.1049164707734409        5.0618202254388990E-002
 -0.51999999999999869        4.1746789480037405        5.5502093856704821E-002
 -0.49999999999999867        4.1777065474729236        5.0605102026543093E-002
 -0.47999999999999865        4.2764818913005520        5.3382697230252865E-002
 -0.45999999999999863        4.3191517390728613        5.4377454209971324E-002
 -0.43999999999999861        4.5256254136705767        6.0271590272666216E-002
 -0.41999999999999860        4.4928413305188819        5.7792602633196369E-002
 -0.39999999999999858        4.5392478200267865        5.9510053899608839E-002
 -0.37999999999999856        4.6969960300896156        6.4591043999651349E-002
 -0.35999999999999854        4.6127960044483203        5.9724369806942977E-002
 -0.33999999999999853        4.7092988168550400        6.2127529081888226E-002
 -0.31999999999999851        4.8625240908201892        6.3983231842770577E-002
 -0.29999999999999849        4.7776292349539906        6.1029683151734994E-002
 -0.27999999999999847        4.6756579670725680        5.7087023167508723E-002
 -0.25999999999999845        4.7233244610119112        5.7497929980977573E-002
 -0.23999999999999846        4.8749163250830740        6.1487635317071056E-002
 -0.21999999999999847        4.9382573040803077        6.3612920954830579E-002
 -0.19999999999999848        4.8939572801780562        6.2678714061043139E-002
 -0.17999999999999849        4.9212617942019019        6.0709206587768391E-002
 -0.15999999999999850        5.0033515837974027        6.1449656498055664E-002
 -0.13999999999999851        5.0853415965061153        6.5092561696031115E-002
 -0.11999999999999851        5.0903706012586589        6.5121720362628796E-002
  -9.9999999999998507E-002   5.0669780195758527        6.2226352110270618E-002
  -7.9999999999998503E-002   5.2116965613535822        6.6117607741881385E-002
  -5.9999999999998499E-002   5.3004016223965662        6.4092133643441782E-002
  -3.9999999999998495E-002   5.2813060472983135        6.5337983375395856E-002
  -1.9999999999998495E-002   5.2726263016217620        6.4069304353053941E-002
   1.5057399771478686E-015   5.4303338175041462        6.8065704337412172E-002
   2.0000000000001506E-002   5.4101013238105864        6.7293747263737783E-002
   4.0000000000001507E-002   5.4677532923550274        6.5875870975412656E-002
   6.0000000000001510E-002   5.5452653879209315        6.8518701650498393E-002
   8.0000000000001514E-002   5.7719523425105761        7.3402700033465787E-002
  0.10000000000000152        5.7578540052858509        7.4020277451101416E-002
  0.12000000000000151        5.6149067102807937        7.0721026538678039E-002
  0.14000000000000151        5.5904858482277486        6.9182697076828684E-002
  0.16000000000000150        5.7728662160057027        6.9649447606220175E-002
  0.18000000000000149        5.5894807874098387        6.6251658921898424E-002
  0.20000000000000148        5.8118247344094272        7.2488665327555032E-002
  0.22000000000000147        5.7344684287900227        6.7225678155902205E-002
  0.24000000000000146        5.9201652952578456        7.4395792730817645E-002
  0.26000000000000145        5.9186102138589938        7.4411701472307412E-002
  0.28000000000000147        5.9444425412261213        7.4890761366371808E-002
  0.30000000000000149        5.9020232734474627        7.3109651688295585E-002
  0.32000000000000151        6.0186824514438708        7.5902343235843675E-002
  0.34000000000000152        6.1039536382113706        7.8079550239895268E-002
  0.36000000000000154        6.0915008006963927        7.5902397295887547E-002
  0.38000000000000156        5.9919299244036992        7.2978140890808840E-002
  0.40000000000000158        6.0822642598630958        7.7884128240289771E-002
  0.42000000000000159        6.0123166181096259        7.7798004424499426E-002
  0.44000000000000161        5.9555379521900615        7.4669876724189135E-002
  0.46000000000000163        6.0189142892616863        7.6708334515806387E-002
  0.48000000000000165        6.0479805871058625        7.5424304426493338E-002
  0.50000000000000167        5.8851280501594152        7.5343528750851443E-002
  0.52000000000000168        5.9627249560350375        7.7035895114544048E-002
  0.54000000000000170        5.9574196305244582        7.6966003927167292E-002
  0.56000000000000172        5.8514253073110591        7.6406258911954697E-002
  0.58000000000000174        5.9119167976809130        7.7242044168543703E-002
  0.60000000000000175        5.8155820043476130        7.5794830775579469E-002
  0.62000000000000177        5.7053781359112401        7.4786801617628657E-002
  0.64000000000000179        5.7133362022821634        7.5770004896196966E-002
  0.66000000000000181        5.7105225033027471        7.6560973750873895E-002
  0.68000000000000183        5.6803906262144359        7.7755371539962675E-002
  0.70000000000000184        5.5516518499120018        7.5505731707273191E-002
  0.72000000000000186        5.4508235329439936        7.1079253523455885E-002
  0.74000000000000188        5.2927092134544251        7.1379910276655301E-002
  0.76000000000000190        5.3263681543751478        7.1248682713099518E-002
  0.78000000000000191        5.0997133548189160        6.9098164778780696E-002
  0.80000000000000193        5.0988585381474785        6.9833111886981450E-002
  0.82000000000000195        5.0939151004124605        7.1883294343429216E-002
  0.84000000000000197        4.9680649826760970        6.9631266210282511E-002
  0.86000000000000199        4.9382462687797428        6.9966884708214175E-002
  0.88000000000000200        4.8297478480697649        6.9013410497513028E-002
  0.90000000000000202        4.6358010334256221        6.5994908460464394E-002
  0.92000000000000204        4.6257144445923659        6.5886618352285625E-002
  0.94000000000000206        4.4985090630996929        6.4066243057523495E-002
  0.96000000000000207        4.3963086812937346        6.5347772171559348E-002
  0.98000000000000198        4.2945759628367952        6.3433125319968406E-002
   1.0000000000000020        4.2240792253621384        6.4206776226590448E-002
   1.0200000000000020        4.0787302953347364        6.1016715271678929E-002
   1.0400000000000020        3.9488960856198720        6.1009379667934342E-002
   1.0600000000000021        3.6796429959994859        5.6537746007837432E-002
   1.0800000000000021        3.6738024140166718        5.7445682641247275E-002
   1.1000000000000021        3.4414367727150181        5.2882497982560617E-002
   1.1200000000000021        3.0307158171619544        4.6509482787346790E-002
   1.1400000000000021        2.8368388170021159        4.9972246881406328E-002
   1.1600000000000021        2.5863244175589011        4.6795027644915395E-002
   1.1800000000000022        2.3391361741952674        4.3843876240540466E-002
   1.2000000000000022        2.1630698382222198        4.5077989028400510E-002
   1.2200000000000022        1.9350908172619616        4.0423375747613045E-002
   1.2400000000000022        1.7689266790151184        4.0097147891687869E-002
   1.2600000000000022        1.5296993050458036        3.9779719579147950E-002
   1.2800000000000022        1.0940758631653638        3.6350580075080817E-002
   1.3000000000000023       0.24954729985323976        1.2759520268679122E-002
   1.3200000000000023        0.0000000000000000        0.0000000000000000     
   1.3400000000000023        0.0000000000000000        0.0000000000000000     
   1.3600000000000023        0.0000000000000000        0.0000000000000000     
   1.3800000000000023        0.0000000000000000        0.0000000000000000     
   1.4000000000000024        0.0000000000000000        0.0000000000000000     
   1.4200000000000024        0.0000000000000000        0.0000000000000000     
   1.4400000000000024        0.0000000000000000        0.0000000000000000     
   1.4600000000000024        0.0000000000000000        0.0000000000000000     
   1.4800000000000024        0.0000000000000000        0.0000000000000000     
   1.5000000000000024        0.0000000000000000        0.0000000000000000     
   1.5200000000000025        0.0000000000000000        0.0000000000000000     
   1.5400000000000025        0.0000000000000000        0.0000000000000000     
   1.5600000000000025        0.0000000000000000        0.0000000000000000     
   1.5800000000000025        0.0000000000000000        0.0000000000000000     
   1.6000000000000025        0.0000000000000000        0.0000000000000000     
   1.6200000000000025        0.0000000000000000        0.0000000000000000     
   1.6400000000000026        0.0000000000000000        0.0000000000000000     
   1.6600000000000026        0.0000000000000000        0.0000000000000000     
   1.6800000000000026        0.0000000000000000        0.0000000000000000     
   1.7000000000000026        0.0000000000000000        0.0000000000000000     
   1.7200000000000026        0.0000000000000000        0.0000000000000000     
   1.7400000000000027        0.0000000000000000        0.0000000000000000     
   1.7600000000000027        0.0000000000000000        0.0000000000000000     
   1.7800000000000027        0.0000000000000000        0.0000000000000000     
   1.8000000000000027        0.0000000000000000        0.0000000000000000     
   1.8200000000000027        0.0000000000000000        0.0000000000000000     
   1.8400000000000027        0.0000000000000000        0.0000000000000000     
   1.8600000000000028        0.0000000000000000        0.0000000000000000     
   1.8800000000000028        0.0000000000000000        0.0000000000000000     
   1.9000000000000028        0.0000000000000000        0.0000000000000000     
   1.9200000000000028        0.0000000000000000        0.0000000000000000     
   1.9400000000000028        0.0000000000000000        0.0000000000000000     
   1.9600000000000029        0.0000000000000000        0.0000000000000000     
   1.9800000000000026        0.0000000000000000        0.0000000000000000     
