   20.000000000000000        0.0000000000000000        0.0000000000000000     
   20.199999999999999        0.0000000000000000        0.0000000000000000     
   20.399999999999999        0.0000000000000000        0.0000000000000000     
   20.599999999999998        0.0000000000000000        0.0000000000000000     
   20.799999999999997        0.0000000000000000        0.0000000000000000     
   20.999999999999996        0.0000000000000000        0.0000000000000000     
   21.199999999999996        0.0000000000000000        0.0000000000000000     
   21.399999999999995        0.0000000000000000        0.0000000000000000     
   21.599999999999994        0.0000000000000000        0.0000000000000000     
   21.799999999999994        0.0000000000000000        0.0000000000000000     
   21.999999999999993        0.0000000000000000        0.0000000000000000     
   22.199999999999992        0.0000000000000000        0.0000000000000000     
   22.399999999999991        0.0000000000000000        0.0000000000000000     
   22.599999999999991        0.0000000000000000        0.0000000000000000     
   22.799999999999990        0.0000000000000000        0.0000000000000000     
   22.999999999999989        0.0000000000000000        0.0000000000000000     
   23.199999999999989        0.0000000000000000        0.0000000000000000     
   23.399999999999988        0.0000000000000000        0.0000000000000000     
   23.599999999999987        0.0000000000000000        0.0000000000000000     
   23.799999999999986        0.0000000000000000        0.0000000000000000     
   23.999999999999986        0.0000000000000000        0.0000000000000000     
   24.199999999999985        0.0000000000000000        0.0000000000000000     
   24.399999999999984        0.0000000000000000        0.0000000000000000     
   24.599999999999984        0.0000000000000000        0.0000000000000000     
   24.799999999999983        0.0000000000000000        0.0000000000000000     
   24.999999999999982       0.41279869221093707       0.17397058901437698     
   25.199999999999982       0.18775374081605750        7.8738193183062605E-002
   25.399999999999981        9.5750096369036197E-002   2.1562852027250713E-002
   25.599999999999980       0.20899977976006953        6.2072613039607115E-002
   25.799999999999979       0.29236143458892627       0.16234652459751209     
   25.999999999999979       0.21542927823793023        8.6490120613451377E-002
   26.199999999999978       0.19972602892123517        4.8033258589283076E-002
   26.399999999999977       0.31625144095554808       0.11583039329491548     
   26.599999999999977       0.37512716452062034       0.16886047319677094     
   26.799999999999976       0.19021260180821595        4.5437061378765096E-002
   26.999999999999975       0.32748516471436917       0.14568904006679401     
   27.199999999999974       0.16955197051991736        4.4189941968762053E-002
   27.399999999999974       0.26902406210737678        6.3651131280702294E-002
   27.599999999999973       0.60794247506391641       0.43638629611235674     
   27.799999999999972       0.31741129827545833       0.13273029145872789     
   27.999999999999972       0.22279218228749495        4.5551663868949481E-002
   28.199999999999971       0.57639064090274206       0.34749613848560623     
   28.399999999999970       0.60098974537956851       0.26379884275503573     
   28.599999999999969       0.40385359661680043       0.13197316301360781     
   28.799999999999969       0.25941064226715355       0.10442539312913915     
   28.999999999999968       0.22531864271347285        4.3078480134996357E-002
   29.199999999999967       0.16160263196317975        3.2996752768147765E-002
   29.399999999999967       0.31188020381606585       0.22509657211849135     
   29.599999999999966       0.22523689613699088        4.6909177263841771E-002
   29.799999999999965       0.23042315186351148        5.8537012705590308E-002
   29.999999999999964       0.47408277194774717       0.29327215377228083     
   30.199999999999964       0.24319720910425635        5.2868258526699158E-002
   30.399999999999963       0.30700169044856734        7.7683070955783154E-002
   30.599999999999962       0.31487962299316435        7.4341122438445359E-002
   30.799999999999962       0.27306930002502211        6.2561603144959857E-002
   30.999999999999961       0.30024488266180055       0.11430465597116943     
   31.199999999999960       0.25911409360191123        6.1981862386948486E-002
   31.399999999999959       0.74876695749115396       0.32824262759433515     
   31.599999999999959       0.27119378660377141        7.2295915325890608E-002
   31.799999999999958       0.34597612677438488       0.11179250360481212     
   31.999999999999961       0.87235794043031456       0.49324795870756277     
   32.199999999999960       0.19807743363454014        4.1543180514399106E-002
   32.399999999999963       0.37213833126876794       0.10096142812407731     
   32.599999999999966       0.47943323067769406       0.11347122189239345     
   32.799999999999969       0.41361217467139838       0.12480932961150121     
   32.999999999999972       0.38374213136506719       0.11326807315420424     
   33.199999999999974       0.20744502504201723        4.1768310441617301E-002
   33.399999999999977       0.36648201556822985        9.6977997302343050E-002
   33.599999999999980       0.30270846798296130        6.3970827814136905E-002
   33.799999999999983        1.1100234282818717       0.82729288995516581     
   33.999999999999986       0.28150675389038099        4.9344913959741582E-002
   34.199999999999989       0.26339566955579291        6.8553658820366015E-002
   34.399999999999991       0.33825359124897475       0.14227491037106618     
   34.599999999999994       0.30584851402508134        6.5784152305703364E-002
   34.799999999999997       0.20713835859849489        3.6870744889392099E-002
   35.000000000000000        1.8511615785281603       0.79636153524470255     
   35.200000000000003       0.36107919207119127        7.1614156754174998E-002
   35.400000000000006       0.76669235771630362       0.48446844895098218     
   35.600000000000009       0.54893405230771930       0.21857692276578750     
   35.800000000000011       0.25465598864638217        4.1602750190042510E-002
   36.000000000000014       0.40657082485137291       0.14774390830578346     
   36.200000000000017       0.24569213534734841        4.4257885278979787E-002
   36.400000000000020       0.63023551030953939       0.33258757164876623     
   36.600000000000023       0.22400608335955513        4.1936846058854324E-002
   36.800000000000026       0.44520919980477064       0.17381913245277131     
   37.000000000000028       0.30033393386371349        4.7598460537150916E-002
   37.200000000000031       0.29925805723353932        5.1961510112475850E-002
   37.400000000000034       0.19106795996019701        3.9634772061556273E-002
   37.600000000000037       0.52577824224869774       0.19817714161052330     
   37.800000000000040       0.75737293377623149       0.24974970772771235     
   38.000000000000043       0.24844412048906683        3.6809872869276047E-002
   38.200000000000045       0.37131943134995732        6.2128666548005328E-002
   38.400000000000048       0.30051234396837656        5.0450581346007030E-002
   38.600000000000051       0.77610169006336094       0.24007902739351461     
   38.800000000000054       0.69745435742722517       0.25773761708448056     
   39.000000000000057       0.50055732239472261        9.1800503987624488E-002
   39.200000000000060       0.35882369125513325        4.6902282744827745E-002
   39.400000000000063       0.44880947541889821       0.10703222932992992     
   39.600000000000065       0.63175420727387688       0.24792443560348831     
   39.800000000000068       0.40772203296111303       0.13694289788316805     
   40.000000000000071       0.56806312715262397       0.15552698640611237     
   40.200000000000074       0.44491987728546861       0.11606572026073686     
   40.400000000000077       0.49399292684020618       0.12393095626716398     
   40.600000000000080       0.43361899252489250        6.8943922897988744E-002
   40.800000000000082       0.49023690406475279       0.15959046694389972     
   41.000000000000085       0.33479407798415273        5.7324661520693911E-002
   41.200000000000088       0.73133753005676827       0.39798695802346473     
   41.400000000000091       0.37513635484154545        6.0438017942053578E-002
   41.600000000000094       0.53783467485195313       0.13854528682560194     
   41.800000000000097       0.50094299409842191        9.7852397813161698E-002
   42.000000000000099       0.44440275683817604        5.9797908799537447E-002
   42.200000000000102       0.69017548454042676       0.11210639013311280     
   42.400000000000105        1.1514339514019312       0.52463659806032825     
   42.600000000000108       0.46356228030522661        8.3246760839931461E-002
   42.800000000000111       0.38197355742799360        6.0992137749895099E-002
   43.000000000000114       0.93858168346525417       0.40061791697882426     
   43.200000000000117       0.78506914856176868       0.13200863686739600     
   43.400000000000119       0.66038366291013795       0.10697798430451776     
   43.600000000000122        1.3458688100932004       0.55978969183389471     
   43.800000000000125       0.76980770486825145       0.13751468152360699     
   44.000000000000128       0.65314412124693810        8.5430247800887246E-002
   44.200000000000131       0.90339192623468312       0.15258551022989919     
   44.400000000000134       0.75595327425248082       0.11336087192738349     
   44.600000000000136        1.3517717677189112       0.54459705594149588     
   44.800000000000139       0.85520997005450738       0.19054259994210798     
   45.000000000000142        1.2369475974647566       0.42339306265947146     
   45.200000000000145       0.86528317583298919       0.10705627860857596     
   45.400000000000148        1.3395363047570112       0.56218643050052475     
   45.600000000000151        1.8359966591073911       0.71647276620968225     
   45.800000000000153       0.44553742214433767        5.7168424665492615E-002
   46.000000000000156       0.39632769144137009        5.2266704460263755E-002
   46.200000000000159       0.35313106026922231        8.7169856577995850E-002
   46.400000000000162       0.44227291641528216       0.16288240764166101     
   46.600000000000165       0.32704525325399142        8.0079180958032181E-002
   46.800000000000168       0.29238940338470237        6.8736254416836215E-002
   47.000000000000171       0.53459078892615530       0.18005231659752857     
   47.200000000000173       0.21408244931066275        4.6995623734839252E-002
   47.400000000000176       0.20369246595270551        3.4123791061342883E-002
   47.600000000000179       0.23996340611270217        4.9634066733446509E-002
   47.800000000000182       0.16944773685993128        3.4687301695556484E-002
   48.000000000000185       0.15419037279176553        2.5993329515155643E-002
   48.200000000000188       0.18113324799428926        4.3400276136010066E-002
   48.400000000000190       0.20826552188121594        5.3652313686446192E-002
   48.600000000000193       0.16669784077117272        3.2596600078421051E-002
   48.800000000000196       0.15977495650564111        2.4853653787540095E-002
   49.000000000000199       0.19338176397299800        4.0169060500213717E-002
   49.200000000000202       0.14969086270911072        2.3514817433229879E-002
   49.400000000000205       0.11722649620063627        1.7910522385616006E-002
   49.600000000000207       0.17266696657871189        2.9882386141686333E-002
   49.800000000000210       0.14506228248378122        1.8322543244629712E-002
   50.000000000000213        0.0000000000000000        0.0000000000000000     
   50.200000000000216        0.0000000000000000        0.0000000000000000     
   50.400000000000219        0.0000000000000000        0.0000000000000000     
   50.600000000000222        0.0000000000000000        0.0000000000000000     
   50.800000000000225        0.0000000000000000        0.0000000000000000     
   51.000000000000227        0.0000000000000000        0.0000000000000000     
   51.200000000000230        0.0000000000000000        0.0000000000000000     
   51.400000000000233        0.0000000000000000        0.0000000000000000     
   51.600000000000236        0.0000000000000000        0.0000000000000000     
   51.800000000000239        0.0000000000000000        0.0000000000000000     
   52.000000000000242        0.0000000000000000        0.0000000000000000     
   52.200000000000244        0.0000000000000000        0.0000000000000000     
   52.400000000000247        0.0000000000000000        0.0000000000000000     
   52.600000000000250        0.0000000000000000        0.0000000000000000     
   52.800000000000253        0.0000000000000000        0.0000000000000000     
   53.000000000000256        0.0000000000000000        0.0000000000000000     
   53.200000000000259        0.0000000000000000        0.0000000000000000     
   53.400000000000261        0.0000000000000000        0.0000000000000000     
   53.600000000000264        0.0000000000000000        0.0000000000000000     
   53.800000000000267        0.0000000000000000        0.0000000000000000     
   54.000000000000270        0.0000000000000000        0.0000000000000000     
   54.200000000000273        0.0000000000000000        0.0000000000000000     
   54.400000000000276        0.0000000000000000        0.0000000000000000     
   54.600000000000279        0.0000000000000000        0.0000000000000000     
   54.800000000000281        0.0000000000000000        0.0000000000000000     
   55.000000000000284        0.0000000000000000        0.0000000000000000     
   55.200000000000287        0.0000000000000000        0.0000000000000000     
   55.400000000000290        0.0000000000000000        0.0000000000000000     
   55.600000000000293        0.0000000000000000        0.0000000000000000     
   55.800000000000296        0.0000000000000000        0.0000000000000000     
   56.000000000000298        0.0000000000000000        0.0000000000000000     
   56.200000000000301        0.0000000000000000        0.0000000000000000     
   56.400000000000304        0.0000000000000000        0.0000000000000000     
   56.600000000000307        0.0000000000000000        0.0000000000000000     
   56.800000000000310        0.0000000000000000        0.0000000000000000     
   57.000000000000313        0.0000000000000000        0.0000000000000000     
   57.200000000000315        0.0000000000000000        0.0000000000000000     
   57.400000000000318        0.0000000000000000        0.0000000000000000     
   57.600000000000321        0.0000000000000000        0.0000000000000000     
   57.800000000000324        0.0000000000000000        0.0000000000000000     
   58.000000000000327        0.0000000000000000        0.0000000000000000     
   58.200000000000330        0.0000000000000000        0.0000000000000000     
   58.400000000000333        0.0000000000000000        0.0000000000000000     
   58.600000000000335        0.0000000000000000        0.0000000000000000     
   58.800000000000338        0.0000000000000000        0.0000000000000000     
   59.000000000000341        0.0000000000000000        0.0000000000000000     
   59.200000000000344        0.0000000000000000        0.0000000000000000     
   59.400000000000347        0.0000000000000000        0.0000000000000000     
   59.600000000000350        0.0000000000000000        0.0000000000000000     
   59.800000000000352        0.0000000000000000        0.0000000000000000     
