  -2.0000000000000000        0.0000000000000000        0.0000000000000000     
  -1.9800000000000000        0.0000000000000000        0.0000000000000000     
  -1.9600000000000000        0.0000000000000000        0.0000000000000000     
  -1.9399999999999999        0.0000000000000000        0.0000000000000000     
  -1.9199999999999999        0.0000000000000000        0.0000000000000000     
  -1.8999999999999999        0.0000000000000000        0.0000000000000000     
  -1.8799999999999999        0.0000000000000000        0.0000000000000000     
  -1.8599999999999999        0.0000000000000000        0.0000000000000000     
  -1.8399999999999999        0.0000000000000000        0.0000000000000000     
  -1.8199999999999998        0.0000000000000000        0.0000000000000000     
  -1.7999999999999998        0.0000000000000000        0.0000000000000000     
  -1.7799999999999998        0.0000000000000000        0.0000000000000000     
  -1.7599999999999998        0.0000000000000000        0.0000000000000000     
  -1.7399999999999998        0.0000000000000000        0.0000000000000000     
  -1.7199999999999998        0.0000000000000000        0.0000000000000000     
  -1.6999999999999997        0.0000000000000000        0.0000000000000000     
  -1.6799999999999997        0.0000000000000000        0.0000000000000000     
  -1.6599999999999997        0.0000000000000000        0.0000000000000000     
  -1.6399999999999997        0.0000000000000000        0.0000000000000000     
  -1.6199999999999997        0.0000000000000000        0.0000000000000000     
  -1.5999999999999996        0.0000000000000000        0.0000000000000000     
  -1.5799999999999996        0.0000000000000000        0.0000000000000000     
  -1.5599999999999996        0.0000000000000000        0.0000000000000000     
  -1.5399999999999996        0.0000000000000000        0.0000000000000000     
  -1.5199999999999996        0.0000000000000000        0.0000000000000000     
  -1.4999999999999996        0.0000000000000000        0.0000000000000000     
  -1.4799999999999995        0.0000000000000000        0.0000000000000000     
  -1.4599999999999995        0.0000000000000000        0.0000000000000000     
  -1.4399999999999995        0.0000000000000000        0.0000000000000000     
  -1.4199999999999995        0.0000000000000000        0.0000000000000000     
  -1.3999999999999995        0.0000000000000000        0.0000000000000000     
  -1.3799999999999994        0.0000000000000000        0.0000000000000000     
  -1.3599999999999994        0.0000000000000000        0.0000000000000000     
  -1.3399999999999994        0.0000000000000000        0.0000000000000000     
  -1.3199999999999994        7.3212072650863741E-002   3.6756277241256682E-003
  -1.2999999999999994       0.52428423666183022        2.4173315611812178E-002
  -1.2799999999999994       0.75902760319460338        2.6523594391607910E-002
  -1.2599999999999993       0.89223732573076520        2.6945223156318681E-002
  -1.2399999999999993       0.94724570817698461        2.1492768217251337E-002
  -1.2199999999999993        1.1427118214189707        2.6838125229205995E-002
  -1.1999999999999993        1.2080440048294845        2.5253785427128864E-002
  -1.1799999999999993        1.3497803432635176        2.8312478480732383E-002
  -1.1599999999999993        1.5519072957415534        3.0394020423628397E-002
  -1.1399999999999992        1.6890478755436340        3.0650096568933451E-002
  -1.1199999999999992        1.9077424290285410        3.4721115765216339E-002
  -1.0999999999999992        2.0619385756730892        3.5165585291286716E-002
  -1.0799999999999992        2.2504991636961713        3.9464054452750919E-002
  -1.0599999999999992        2.2791529849024195        3.7848563387184855E-002
  -1.0399999999999991        2.3435249484975444        3.9062976794456902E-002
  -1.0199999999999991        2.4020082637925784        3.6637727883752656E-002
 -0.99999999999999911        2.5652282939148461        4.2457422570927467E-002
 -0.97999999999999909        2.6470453379652028        4.3242776433296368E-002
 -0.95999999999999908        2.7237291977432441        4.3644078590742409E-002
 -0.93999999999999906        2.7755134254337284        4.3822841409223823E-002
 -0.91999999999999904        2.9229155995663105        4.5267907728622700E-002
 -0.89999999999999902        2.9186395109623384        4.4869148250290612E-002
 -0.87999999999999901        3.0817649924777717        4.9013524789766165E-002
 -0.85999999999999899        3.0412161561805950        4.4299311078127082E-002
 -0.83999999999999897        3.0794748879997980        4.4703086925091742E-002
 -0.81999999999999895        3.2280222159660128        4.8401767690669499E-002
 -0.79999999999999893        3.2170047047432990        4.7460528173203530E-002
 -0.77999999999999892        3.2594431793279881        4.5127598950787932E-002
 -0.75999999999999890        3.4474092570841863        4.9482937340260408E-002
 -0.73999999999999888        3.4297162626223230        4.7116103408493967E-002
 -0.71999999999999886        3.4849716490825120        4.9927970212836750E-002
 -0.69999999999999885        3.5714962555771876        5.0765186258126871E-002
 -0.67999999999999883        3.5754215504664675        4.7875618043634882E-002
 -0.65999999999999881        3.7392496789054284        5.3290705836234922E-002
 -0.63999999999999879        3.8015897723462797        5.1426357747583328E-002
 -0.61999999999999877        3.8142148639798692        5.1436856397600920E-002
 -0.59999999999999876        3.8708752426261683        5.1074029208033930E-002
 -0.57999999999999874        3.9160307036139685        5.3131299730709035E-002
 -0.55999999999999872        3.9173439644254611        5.1209817917231358E-002
 -0.53999999999999870        3.8812258277360607        4.9021020570795160E-002
 -0.51999999999999869        4.0628248945868490        5.3935610654860758E-002
 -0.49999999999999867        4.0703714149605483        5.3837528054206787E-002
 -0.47999999999999865        4.1011096092480628        5.2413204891498748E-002
 -0.45999999999999863        4.1960111413729937        5.6466648841611379E-002
 -0.43999999999999861        4.2169638731636354        5.3615274194949353E-002
 -0.41999999999999860        4.2908943590587256        5.2842442662761301E-002
 -0.39999999999999858        4.3785604740295705        5.5704559489602866E-002
 -0.37999999999999856        4.4632231792156176        5.6813627352293512E-002
 -0.35999999999999854        4.4510644619958102        5.5978623713881182E-002
 -0.33999999999999853        4.4860388662470827        5.9684641713149050E-002
 -0.31999999999999851        4.6554310230037128        6.1262275438145081E-002
 -0.29999999999999849        4.6687292508526186        6.1052976035092868E-002
 -0.27999999999999847        4.6706807627205063        5.9727715518679593E-002
 -0.25999999999999845        4.6590148928203350        5.7974326753299846E-002
 -0.23999999999999846        4.6832895407644992        5.7778793565840279E-002
 -0.21999999999999847        4.7984989499062287        5.9364399046779558E-002
 -0.19999999999999848        4.7842445510240905        5.9471333978488777E-002
 -0.17999999999999849        4.8802944759016738        6.1003335883649777E-002
 -0.15999999999999850        4.9004316034205031        6.0484505454187383E-002
 -0.13999999999999851        4.9254939910174969        5.9364371023975064E-002
 -0.11999999999999851        4.9786013678998602        6.0551663605604676E-002
  -9.9999999999998507E-002   4.9678392246634919        6.0485385224233641E-002
  -7.9999999999998503E-002   5.1348914027511174        6.3989052214809800E-002
  -5.9999999999998499E-002   5.1522560083345823        6.5503552075706836E-002
  -3.9999999999998495E-002   5.2225166106648437        6.1862379747332684E-002
  -1.9999999999998495E-002   5.3417324156485151        6.7098563765588912E-002
   1.5057399771478686E-015   5.2631469513374753        6.2832568891164370E-002
   2.0000000000001506E-002   5.4522375425912140        6.9550548228949280E-002
   4.0000000000001507E-002   5.4743451742319014        6.9000848088994038E-002
   6.0000000000001510E-002   5.4842910139199352        6.6927955866489933E-002
   8.0000000000001514E-002   5.5516723271123940        6.8785442441208225E-002
  0.10000000000000152        5.5839777800007324        6.9043340001950462E-002
  0.12000000000000151        5.6328301130411473        6.7617398346265303E-002
  0.14000000000000151        5.5786337123857459        6.7073860034996852E-002
  0.16000000000000150        5.6934507570975947        6.8322978690626743E-002
  0.18000000000000149        5.8302669744326545        7.3983334516699195E-002
  0.20000000000000148        5.7122182389710163        6.8388696260779896E-002
  0.22000000000000147        5.8295024106721893        7.1806345985697920E-002
  0.24000000000000146        5.9604164842766370        7.4943785955089215E-002
  0.26000000000000145        5.8227367139303903        7.1615756150790827E-002
  0.28000000000000147        5.8874269337114375        7.2426735298194753E-002
  0.30000000000000149        5.8689203999199426        7.1788614294919686E-002
  0.32000000000000151        5.9822092961368503        7.5113764532199534E-002
  0.34000000000000152        5.8885747146592227        7.1852566149698996E-002
  0.36000000000000154        6.0332196146364669        7.5492635923879128E-002
  0.38000000000000156        5.9347830348833011        7.4504714060362173E-002
  0.40000000000000158        5.9255112658953673        7.4594731218587979E-002
  0.42000000000000159        6.0656416664033639        7.6403761705231638E-002
  0.44000000000000161        6.1811947901998217        8.2604219988279673E-002
  0.46000000000000163        6.0467300374766939        7.6737126703438907E-002
  0.48000000000000165        5.9388517653844222        7.4819452258153896E-002
  0.50000000000000167        5.9710895968723792        7.6481845448615124E-002
  0.52000000000000168        5.8076063307129644        7.1861527579940090E-002
  0.54000000000000170        5.8637120996558698        7.4826969589592784E-002
  0.56000000000000172        5.9228835362079932        7.6617483540892040E-002
  0.58000000000000174        5.8505232936382505        7.8517480903737225E-002
  0.60000000000000175        5.8022737788136416        7.6372888700155836E-002
  0.62000000000000177        5.6928634472636093        7.2487367480918080E-002
  0.64000000000000179        5.6207418872394470        7.2984824779051188E-002
  0.66000000000000181        5.5593917224244604        7.3272234236209585E-002
  0.68000000000000183        5.5449329478693477        7.5666184809060941E-002
  0.70000000000000184        5.4367013797817529        7.4460155499533331E-002
  0.72000000000000186        5.3740505347248275        7.1190721320874423E-002
  0.74000000000000188        5.3343820071560621        7.1452338098601839E-002
  0.76000000000000190        5.1689711187258629        6.8097875528298477E-002
  0.78000000000000191        5.0697685813681144        6.6813858186835176E-002
  0.80000000000000193        4.9447476244773796        6.4496711914647245E-002
  0.82000000000000195        4.9418498186626225        6.9963581006476705E-002
  0.84000000000000197        4.8572992241001280        7.1799824931928741E-002
  0.86000000000000199        4.7747564245190794        6.8980468418954805E-002
  0.88000000000000200        4.6418511340884772        6.7719739741531171E-002
  0.90000000000000202        4.5500530153221277        6.5497836683030691E-002
  0.92000000000000204        4.4686242626887269        6.7424459804793543E-002
  0.94000000000000206        4.2625641574782644        5.9409929507579111E-002
  0.96000000000000207        4.3095751189924858        6.1503432366997103E-002
  0.98000000000000198        4.2292122516719530        6.5173131938066772E-002
   1.0000000000000020        4.0766662941695531        6.5293194740883367E-002
   1.0200000000000020        3.9332119246485124        6.0082388406511505E-002
   1.0400000000000020        3.8232146176540485        6.2965515612707565E-002
   1.0600000000000021        3.6539776771588381        6.3429579674480541E-002
   1.0800000000000021        3.4728837091761755        6.1058396994593742E-002
   1.1000000000000021        3.1601617243263354        5.2001814045889681E-002
   1.1200000000000021        2.8261070117796971        4.7635946951120375E-002
   1.1400000000000021        2.5477222222251723        4.5218241742230214E-002
   1.1600000000000021        2.3211345080248247        4.6116843558152792E-002
   1.1800000000000022        2.1918516564574761        4.7642438385812710E-002
   1.2000000000000022        2.0059516791450220        4.6863560082295946E-002
   1.2200000000000022        1.7265338040706606        4.2320228302166661E-002
   1.2400000000000022        1.5493421878471758        4.1965384532365077E-002
   1.2600000000000022        1.2603627139026305        3.7049340612301154E-002
   1.2800000000000022       0.87269944763744434        2.9044481591946041E-002
   1.3000000000000023       0.16318204373664241        6.6812317643366497E-003
   1.3200000000000023        0.0000000000000000        0.0000000000000000     
   1.3400000000000023        0.0000000000000000        0.0000000000000000     
   1.3600000000000023        0.0000000000000000        0.0000000000000000     
   1.3800000000000023        0.0000000000000000        0.0000000000000000     
   1.4000000000000024        0.0000000000000000        0.0000000000000000     
   1.4200000000000024        0.0000000000000000        0.0000000000000000     
   1.4400000000000024        0.0000000000000000        0.0000000000000000     
   1.4600000000000024        0.0000000000000000        0.0000000000000000     
   1.4800000000000024        0.0000000000000000        0.0000000000000000     
   1.5000000000000024        0.0000000000000000        0.0000000000000000     
   1.5200000000000025        0.0000000000000000        0.0000000000000000     
   1.5400000000000025        0.0000000000000000        0.0000000000000000     
   1.5600000000000025        0.0000000000000000        0.0000000000000000     
   1.5800000000000025        0.0000000000000000        0.0000000000000000     
   1.6000000000000025        0.0000000000000000        0.0000000000000000     
   1.6200000000000025        0.0000000000000000        0.0000000000000000     
   1.6400000000000026        0.0000000000000000        0.0000000000000000     
   1.6600000000000026        0.0000000000000000        0.0000000000000000     
   1.6800000000000026        0.0000000000000000        0.0000000000000000     
   1.7000000000000026        0.0000000000000000        0.0000000000000000     
   1.7200000000000026        0.0000000000000000        0.0000000000000000     
   1.7400000000000027        0.0000000000000000        0.0000000000000000     
   1.7600000000000027        0.0000000000000000        0.0000000000000000     
   1.7800000000000027        0.0000000000000000        0.0000000000000000     
   1.8000000000000027        0.0000000000000000        0.0000000000000000     
   1.8200000000000027        0.0000000000000000        0.0000000000000000     
   1.8400000000000027        0.0000000000000000        0.0000000000000000     
   1.8600000000000028        0.0000000000000000        0.0000000000000000     
   1.8800000000000028        0.0000000000000000        0.0000000000000000     
   1.9000000000000028        0.0000000000000000        0.0000000000000000     
   1.9200000000000028        0.0000000000000000        0.0000000000000000     
   1.9400000000000028        0.0000000000000000        0.0000000000000000     
   1.9600000000000029        0.0000000000000000        0.0000000000000000     
   1.9800000000000026        0.0000000000000000        0.0000000000000000     
