   86.000000000000000       0.16920461870744224        9.0557618801932974E-003
   86.049999999999997       0.17144854801687931        8.0769887721884245E-003
   86.099999999999994       0.15698649600181688        6.0621149890946980E-003
   86.149999999999991       0.18373670177996210        8.9910382637157678E-003
   86.199999999999989       0.16149935151627653        6.2127820504894356E-003
   86.249999999999986       0.16996379208358339        7.3140108608991854E-003
   86.299999999999983       0.18625224556938555        7.9954038104845960E-003
   86.349999999999980       0.17020250581096338        6.9029271527153886E-003
   86.399999999999977       0.17942833806912001        7.6382436324651734E-003
   86.449999999999974       0.18123896486467680        7.5187440483375032E-003
   86.499999999999972       0.19261088496191389        8.4954325029559154E-003
   86.549999999999969       0.19591382224903456        8.3662284629368901E-003
   86.599999999999966       0.19468745638397469        7.4683523643810186E-003
   86.649999999999963       0.21001082755753661        9.0327611341390716E-003
   86.699999999999960       0.19018706906285723        7.5597806495396429E-003
   86.749999999999957       0.20611698382843094        7.7338907133654867E-003
   86.799999999999955       0.20866703518587884        8.0601311292414317E-003
   86.849999999999952       0.21078029032258150        8.8367331145443890E-003
   86.899999999999949       0.21934894955803766        8.9696571346184646E-003
   86.949999999999946       0.22789150468534417        9.5048684838541543E-003
   86.999999999999943       0.23690614356928841        1.0757357053400982E-002
   87.049999999999940       0.24134514145962060        9.4795372235638442E-003
   87.099999999999937       0.21827443416088557        7.6440575897107369E-003
   87.149999999999935       0.26135356146712202        9.2303343353116237E-003
   87.199999999999932       0.24590097834535440        9.0962277271644694E-003
   87.249999999999929       0.24001945300882063        8.2468754082574668E-003
   87.299999999999926       0.24550893663199394        9.7573992661813234E-003
   87.349999999999923       0.25727753863454295        9.2383612233796920E-003
   87.399999999999920       0.27030386578261584        1.0031423298252965E-002
   87.449999999999918       0.26443774909967621        9.0753299696298140E-003
   87.499999999999915       0.26873501888005208        9.2563963585046184E-003
   87.549999999999912       0.28759762566215508        1.1979914929897733E-002
   87.599999999999909       0.29067611105044355        1.0111235408768139E-002
   87.649999999999906       0.30502470077124993        1.1184907629104787E-002
   87.699999999999903       0.29955591598650771        9.9239883925768581E-003
   87.749999999999901       0.31001508223850405        1.1385765854476074E-002
   87.799999999999898       0.30128278127077557        9.6541213526647393E-003
   87.849999999999895       0.32152331375657711        1.1736058935095604E-002
   87.899999999999892       0.33925059894105603        1.1319446136616802E-002
   87.949999999999889       0.32998986991369800        1.1714845559017485E-002
   87.999999999999886       0.34690606957782771        1.2038712408222234E-002
   88.049999999999883       0.36046484907914850        1.2567580813609924E-002
   88.099999999999881       0.36989423462333731        1.3530258418035715E-002
   88.149999999999878       0.36477035744504765        1.1932598085864499E-002
   88.199999999999875       0.38984354785149944        1.3333148433007966E-002
   88.249999999999872       0.39421570204084005        1.3091091455179744E-002
   88.299999999999869       0.38646517471542358        1.2460753857049554E-002
   88.349999999999866       0.41385347151445551        1.4226597996535445E-002
   88.399999999999864       0.40600291681842093        1.1743985751226120E-002
   88.449999999999861       0.43798581090445565        1.4203120637150448E-002
   88.499999999999858       0.40692420306608368        1.2127572242508237E-002
   88.549999999999855       0.42266541435901867        1.3534195776943925E-002
   88.599999999999852       0.46386053251589809        1.4130205459298557E-002
   88.649999999999849       0.47581407870708481        1.4976737821491601E-002
   88.699999999999847       0.48502452919411532        1.4657368292367976E-002
   88.749999999999844       0.48333061230952362        1.2397719270441093E-002
   88.799999999999841       0.50211113939376328        1.3531331551895809E-002
   88.849999999999838       0.49675084035633754        1.2613545804505927E-002
   88.899999999999835       0.53384296414207155        1.5020926183260079E-002
   88.949999999999832       0.54708376966029892        1.4031583562831523E-002
   88.999999999999829       0.56300953474865678        1.6764064978481655E-002
   89.049999999999827       0.58699085237168913        1.6840023220143167E-002
   89.099999999999824       0.61177377652021792        1.6492785003637690E-002
   89.149999999999821       0.60912232152341550        1.4870273115830345E-002
   89.199999999999818       0.65354534251674878        1.8980605778537520E-002
   89.249999999999815       0.64689656224335979        1.6533657640557576E-002
   89.299999999999812       0.68921821924198801        1.8158967379977950E-002
   89.349999999999810       0.70142336114365766        1.7602884733704291E-002
   89.399999999999807       0.74810844452453928        1.9799058036841677E-002
   89.449999999999804       0.75999480422524701        1.9073629872351814E-002
   89.499999999999801       0.75380700142261048        1.8763677756408827E-002
   89.549999999999798       0.81549169302742608        1.9688705721096766E-002
   89.599999999999795       0.81161544691413368        1.8331916909251272E-002
   89.649999999999793       0.86479794502948903        1.9943345518190745E-002
   89.699999999999790       0.88399758345383395        2.0548560310960577E-002
   89.749999999999787       0.93687409270440447        2.3020831599571703E-002
   89.799999999999784       0.91387292747046844        1.9773059446368594E-002
   89.849999999999781       0.98034603428751221        2.2355139172743108E-002
   89.899999999999778        1.0159940233892431        2.2169473589372431E-002
   89.949999999999775        1.0841443028397690        2.4406561223345041E-002
   89.999999999999773        1.1360975496938208        2.5470219099702093E-002
   90.049999999999770        1.1411987933287058        2.3751466390390163E-002
   90.099999999999767        1.2008379831350804        2.5232516028150614E-002
   90.149999999999764        1.2576915011512160        2.7695864874005386E-002
   90.199999999999761        1.2794220072935685        2.5678758311497837E-002
   90.249999999999758        1.3409741416074747        2.8067218842091672E-002
   90.299999999999756        1.3632115110883432        2.6673080116165527E-002
   90.349999999999753        1.4017828977511253        2.6301408810686638E-002
   90.399999999999750        1.4717141038471351        2.7846385610281257E-002
   90.449999999999747        1.5314908530711051        2.8904864615668942E-002
   90.499999999999744        1.5887755711426859        2.9083566805317086E-002
   90.549999999999741        1.6936970380129379        3.3464827486981985E-002
   90.599999999999739        1.6612344007843887        2.8817179285630400E-002
   90.649999999999736        1.7768202774109134        3.0794319884987990E-002
   90.699999999999733        1.8623644120746821        3.3210965036746760E-002
   90.749999999999730        1.9360440115098878        3.3310080850023564E-002
   90.799999999999727        1.9917208323845175        3.2862544807840795E-002
   90.849999999999724        1.9878769164307901        3.1749757707427322E-002
   90.899999999999721        2.1790326327454705        3.8333457748504808E-002
   90.949999999999719        2.1885408437213498        3.5914547641003700E-002
   90.999999999999716        2.2446901536017636        3.7335791690425786E-002
   91.049999999999713        2.2400841174474873        3.3919734322188769E-002
   91.099999999999710        2.3581768002881978        3.7659209850043833E-002
   91.149999999999707        2.3766322956786556        3.7240107412713476E-002
   91.199999999999704        2.4219598828363744        3.8319224918042238E-002
   91.249999999999702        2.5082283534640704        3.7943937719204492E-002
   91.299999999999699        2.5861849356045750        4.0274618627810205E-002
   91.349999999999696        2.5915226678660086        4.0377584843230521E-002
   91.399999999999693        2.5879728735675336        3.8198292834585028E-002
   91.449999999999690        2.6452429012156164        4.0551140769405608E-002
   91.499999999999687        2.5888275946462205        3.8116347235018389E-002
   91.549999999999685        2.6300407594560684        3.9002626557631190E-002
   91.599999999999682        2.5879039040258465        3.9643405791172363E-002
   91.649999999999679        2.6356668349648054        4.1473138770048247E-002
   91.699999999999676        2.6660162541035564        4.1219923889381754E-002
   91.749999999999673        2.5384828380242594        3.7215866966790204E-002
   91.799999999999670        2.4951164328679902        3.8327100838308856E-002
   91.849999999999667        2.4785649094717388        3.8084740244994073E-002
   91.899999999999665        2.3941289757201565        3.5344436649548366E-002
   91.949999999999662        2.3911350316652404        3.6057183450545656E-002
   91.999999999999659        2.3299911106065907        3.6287247876072661E-002
   92.049999999999656        2.3452125979640357        3.7718208577223661E-002
   92.099999999999653        2.2196142470405666        3.5576856310111926E-002
   92.149999999999650        2.1701752714637181        3.5650718997800653E-002
   92.199999999999648        2.0769591003735548        3.3214900634821291E-002
   92.249999999999645        2.0584140380271361        3.4800140275170713E-002
   92.299999999999642        2.0252204709617603        3.4518173671590373E-002
   92.349999999999639        1.9003600553878963        3.1366077424661569E-002
   92.399999999999636        1.8725291375964008        3.4152989151368718E-002
   92.449999999999633        1.8331785000329843        3.2362288542390143E-002
   92.499999999999631        1.7460410410517733        3.1288265214116540E-002
   92.549999999999628        1.7243687737692894        3.1114730392263239E-002
   92.599999999999625        1.6590690556269334        3.0892851818150692E-002
   92.649999999999622        1.6243765716090950        3.2254446283484214E-002
   92.699999999999619        1.5372000361201865        2.8290460010416910E-002
   92.749999999999616        1.5092784745089314        2.8469654978255918E-002
   92.799999999999613        1.4689916463364427        2.9035897048677557E-002
   92.849999999999611        1.3789232392218598        2.7183235161276402E-002
   92.899999999999608        1.3455516289561740        2.6060831079929889E-002
   92.949999999999605        1.2867990497099424        2.5391962514104242E-002
   92.999999999999602        1.2797686050702062        2.7276576382270178E-002
   93.049999999999599        1.2353451055133589        2.5772354397712263E-002
   93.099999999999596        1.2042997963466264        2.5292996826793375E-002
   93.149999999999594        1.1917485171189388        2.5593896946252599E-002
   93.199999999999591        1.1131242757891759        2.4056719949101919E-002
   93.249999999999588        1.0502485489068556        2.1419976878419896E-002
   93.299999999999585        1.0679011962161733        2.3980387991416021E-002
   93.349999999999582        1.0613406014117472        2.4186147915096084E-002
   93.399999999999579        1.0568042633156787        2.5164632983941122E-002
   93.449999999999577       0.92276909676245500        1.9042101789996397E-002
   93.499999999999574       0.93333987717039690        2.1589163598338072E-002
   93.549999999999571       0.93810575247413686        2.1918568470605179E-002
   93.599999999999568       0.88336109422646536        2.0659723446224382E-002
   93.649999999999565       0.88405674491947706        2.2191932496978543E-002
   93.699999999999562       0.86445596235808220        2.0121454017807593E-002
   93.749999999999559       0.82252046792383060        1.9521237814264146E-002
   93.799999999999557       0.81574608029170470        1.9619399345539149E-002
   93.849999999999554       0.74462559950829232        1.6630897765428650E-002
   93.899999999999551       0.77154331732725745        1.9438929250407282E-002
   93.949999999999548       0.75188458353442322        1.7801603085734832E-002
   93.999999999999545       0.70846698226481253        1.6582547702988479E-002
   94.049999999999542       0.71755809222989342        1.7973475049458745E-002
   94.099999999999540       0.69384983102755549        1.7037600812168850E-002
   94.149999999999537       0.69960520822898975        1.8063050913939952E-002
   94.199999999999534       0.65127676427829317        1.7068037430533676E-002
   94.249999999999531       0.66934177382206494        1.6598354035982751E-002
   94.299999999999528       0.64974695520864467        1.7256252851652543E-002
   94.349999999999525       0.61668382034940494        1.5966383716817776E-002
   94.399999999999523       0.62335476781718180        1.6246268030266076E-002
   94.449999999999520       0.61422289157746113        1.7106586574029345E-002
   94.499999999999517       0.59779099860770424        1.6548193277979004E-002
   94.549999999999514       0.54821350741035058        1.3546043069777775E-002
   94.599999999999511       0.59175731791543140        1.6149131718573725E-002
   94.649999999999508       0.55313476119867533        1.4569964167276522E-002
   94.699999999999505       0.56474977686182903        1.4649827084332358E-002
   94.749999999999503       0.54354950544409242        1.4487318871094461E-002
   94.799999999999500       0.52331618666904656        1.4048878945080947E-002
   94.849999999999497       0.52116580827504788        1.4088029348565708E-002
   94.899999999999494       0.52302719239869810        1.4492401154282889E-002
   94.949999999999491       0.49797468801303835        1.2770503050146166E-002
   94.999999999999488       0.48511293986135456        1.3264787845376970E-002
   95.049999999999486       0.48104468860616600        1.1575838126245890E-002
   95.099999999999483       0.48436213071978029        1.2928333659310447E-002
   95.149999999999480       0.47349015830204016        1.2413005382412289E-002
   95.199999999999477       0.48452111004633802        1.3162315069152289E-002
   95.249999999999474       0.44733911857082814        1.0939017703582918E-002
   95.299999999999471       0.46124125378647463        1.1933577260278636E-002
   95.349999999999469       0.45296392935214980        1.1435502116384914E-002
   95.399999999999466       0.43031370305535183        1.0556910457747868E-002
   95.449999999999463       0.43738460899965681        1.1593128759656039E-002
   95.499999999999460       0.41495761651443325        1.0058495191707073E-002
   95.549999999999457       0.42724714271826197        1.1058637466843388E-002
   95.599999999999454       0.42811246517269247        1.1413089716107579E-002
   95.649999999999451       0.40783671474198796        1.0660715908013069E-002
   95.699999999999449       0.42086551168933167        1.1315451798723869E-002
   95.749999999999446       0.41408616579043050        1.0880040537887978E-002
   95.799999999999443       0.39931382920259928        1.0375866038131558E-002
   95.849999999999440       0.39826287510315905        9.8306253045623848E-003
   95.899999999999437       0.37950472760052112        9.0934310881214918E-003
   95.949999999999434       0.39123772755222508        9.9277292560985640E-003
