   80.000000000000000        4.0819135626917913E-002   2.4953876803496871E-003
   80.099999999999994        4.5534473555548856E-002   2.6071711422900206E-003
   80.199999999999989        4.5723321286666861E-002   2.8614223897727160E-003
   80.299999999999983        4.3691862491023817E-002   2.0268288663532414E-003
   80.399999999999977        4.3729327617226900E-002   2.2693016878809844E-003
   80.499999999999972        4.2438541146275502E-002   2.1087114335826781E-003
   80.599999999999966        4.8663052089449710E-002   2.4744839644955650E-003
   80.699999999999960        5.6231050609409514E-002   3.4948410505266001E-003
   80.799999999999955        4.4942403839647038E-002   1.6529594436097883E-003
   80.899999999999949        5.2531155565497506E-002   2.9462867013353143E-003
   80.999999999999943        4.8220944743709179E-002   2.0920992781449797E-003
   81.099999999999937        5.4593446167382965E-002   3.8088655216146684E-003
   81.199999999999932        4.8105500563275089E-002   2.1811783874975269E-003
   81.299999999999926        5.4793277369408339E-002   2.5655388005424861E-003
   81.399999999999920        5.1695438620545708E-002   2.5456675473985620E-003
   81.499999999999915        5.3624897744842928E-002   2.3153621756980339E-003
   81.599999999999909        5.8184781633756746E-002   3.2207577662575161E-003
   81.699999999999903        6.0519718744479874E-002   2.7989475146272943E-003
   81.799999999999898        5.7790339692506396E-002   3.0910518155656272E-003
   81.899999999999892        5.9036010440921355E-002   2.8640150559593471E-003
   81.999999999999886        5.8024384691707113E-002   2.3332839221962731E-003
   82.099999999999881        6.4278111648436498E-002   3.3182345358947090E-003
   82.199999999999875        6.2738021554396173E-002   3.0886549081379439E-003
   82.299999999999869        6.0772806326722856E-002   2.7537984956805843E-003
   82.399999999999864        6.3224267794424360E-002   2.6856451992997230E-003
   82.499999999999858        6.4899651675565814E-002   2.8140468216201284E-003
   82.599999999999852        6.7074838760695157E-002   2.6892913092223434E-003
   82.699999999999847        7.0571037150022331E-002   2.9914928566231397E-003
   82.799999999999841        7.1464007631760224E-002   3.3916194472714345E-003
   82.899999999999835        6.8111362502274161E-002   3.0939536704490647E-003
   82.999999999999829        7.4190135442008073E-002   3.5006578882942488E-003
   83.099999999999824        7.2412480334126075E-002   2.8183751643083127E-003
   83.199999999999818        7.4418338077242990E-002   3.0712429790543867E-003
   83.299999999999812        7.5983441737041579E-002   3.0950908652998851E-003
   83.399999999999807        7.6271895100995801E-002   2.8427380344360044E-003
   83.499999999999801        7.9321080324649212E-002   3.3172324116438577E-003
   83.599999999999795        8.1070003887868919E-002   3.1739132083741448E-003
   83.699999999999790        8.0141399858611614E-002   3.2202937545292710E-003
   83.799999999999784        9.2469652984723844E-002   3.8880818727878483E-003
   83.899999999999778        8.9980047264163074E-002   3.4898797923615206E-003
   83.999999999999773        9.0687853350225986E-002   3.3394931934037520E-003
   84.099999999999767        9.5277747810627256E-002   3.7913654686552991E-003
   84.199999999999761        9.4107977817565303E-002   3.6137698897701223E-003
   84.299999999999756        9.8876372018388836E-002   3.5325275370617876E-003
   84.399999999999750        9.8913564823274069E-002   4.1535612863671410E-003
   84.499999999999744       0.10580055399509974        4.5291123487194397E-003
   84.599999999999739       0.10519374786856835        3.8154531318103147E-003
   84.699999999999733       0.10619765901873657        3.5340406752904941E-003
   84.799999999999727       0.10760802023082681        3.7619293401598866E-003
   84.899999999999721       0.11024695622220353        3.3960610953835272E-003
   84.999999999999716       0.11970024289644939        4.3062086254126433E-003
   85.099999999999710       0.11960803921177555        4.1464771815419429E-003
   85.199999999999704       0.11931438539520633        4.0093733192747647E-003
   85.299999999999699       0.12865919643467819        4.2953269714082701E-003
   85.399999999999693       0.13167384735191329        4.3008476717869108E-003
   85.499999999999687       0.12528864039183965        3.8581598416258904E-003
   85.599999999999682       0.13721899492427223        4.3088206549346019E-003
   85.699999999999676       0.13455130114261432        3.8743712590994530E-003
   85.799999999999670       0.14777197030492856        4.8238158512281335E-003
   85.899999999999665       0.14694709309957657        4.1492336906520629E-003
   85.999999999999659       0.15299143549591140        4.6874117777225589E-003
   86.099999999999653       0.16041179279420453        5.1933672670885795E-003
   86.199999999999648       0.15827486493157394        4.5641808672606818E-003
   86.299999999999642       0.17347827703902846        5.2938427435912727E-003
   86.399999999999636       0.17020522745807884        5.1439682002624894E-003
   86.499999999999631       0.18135787728016489        4.8938462845726340E-003
   86.599999999999625       0.19385848984393411        5.4022275177895923E-003
   86.699999999999619       0.19844484895533482        5.2128313675652970E-003
   86.799999999999613       0.19524890055601865        5.4083327781751398E-003
   86.899999999999608       0.20746208306430383        5.3932622095233260E-003
   86.999999999999602       0.21354998437584957        5.6235397657665919E-003
   87.099999999999596       0.21662215185963515        5.2643268792571824E-003
   87.199999999999591       0.23596999229500790        6.3222170175170908E-003
   87.299999999999585       0.24038322542143586        5.6923739007357392E-003
   87.399999999999579       0.25055434947897232        6.1803959841238995E-003
   87.499999999999574       0.25765166141920098        6.1162182324270920E-003
   87.599999999999568       0.27866057224951640        7.0596801340091940E-003
   87.699999999999562       0.29057659662978658        7.1797132319889496E-003
   87.799999999999557       0.29321405603586176        6.4741466563241947E-003
   87.899999999999551       0.29937335853228242        6.2896152858431618E-003
   87.999999999999545       0.33457641354706413        7.9812957027937687E-003
   88.099999999999540       0.33645100716437498        7.5519229784395117E-003
   88.199999999999534       0.35672136757579598        7.3257591487081910E-003
   88.299999999999528       0.37438112141137103        8.2024606571173397E-003
   88.399999999999523       0.39723377737160437        8.1361037717780377E-003
   88.499999999999517       0.41761232845316798        8.3545363370908267E-003
   88.599999999999511       0.44456271281694532        9.4623643431471886E-003
   88.699999999999505       0.46713469147938358        8.7506268451143007E-003
   88.799999999999500       0.47551172219573412        8.5814214069335672E-003
   88.899999999999494       0.50412020523359713        8.7935800490165795E-003
   88.999999999999488       0.55784429392446711        1.0192588743407191E-002
   89.099999999999483       0.58696827405651153        1.0243339882703630E-002
   89.199999999999477       0.63562750905343524        1.1358949303134325E-002
   89.299999999999471       0.66143463761393928        1.1051784661896671E-002
   89.399999999999466       0.71179674766060730        1.1245697554774850E-002
   89.499999999999460       0.77826381799844180        1.2362727820217632E-002
   89.599999999999454       0.79622835693216021        1.1866063703244415E-002
   89.699999999999449       0.89578319032273224        1.3522101084009973E-002
   89.799999999999443       0.93167337031899466        1.3082344050505292E-002
   89.899999999999437        1.0196119017944922        1.4354157278019013E-002
   89.999999999999432        1.0943090886281326        1.4802046186380010E-002
   90.099999999999426        1.1566174545369723        1.4957771434000405E-002
   90.199999999999420        1.2390055327376002        1.5270580910615951E-002
   90.299999999999415        1.3473799738813703        1.5638722408605282E-002
   90.399999999999409        1.4538272306799893        1.7346139285296030E-002
   90.499999999999403        1.5433145815324878        1.7011579995888017E-002
   90.599999999999397        1.6499980714660232        1.7819164364801424E-002
   90.699999999999392        1.7976557845151182        1.9442174329007206E-002
   90.799999999999386        1.8727747050598202        1.9086748012909781E-002
   90.899999999999380        1.9847516572045791        2.0370145222587926E-002
   90.999999999999375        2.0947720474630165        2.1192772801371034E-002
   91.099999999999369        2.1279439309539008        2.0342268981630010E-002
   91.199999999999363        2.2295593407198293        2.1566936718298273E-002
   91.299999999999358        2.2398138872633844        2.1215735882970793E-002
   91.399999999999352        2.2379367996549315        2.1394942385446650E-002
   91.499999999999346        2.2346904357051289        2.1533282629597958E-002
   91.599999999999341        2.1817338464429281        2.0740014089441566E-002
   91.699999999999335        2.1601380566460779        2.1166423988469296E-002
   91.799999999999329        2.0655105439647818        2.0676438986883164E-002
   91.899999999999324        1.9599042959839448        1.9920612675836932E-002
   91.999999999999318        1.8573742209645325        1.9215875631088682E-002
   92.099999999999312        1.7314234131815276        1.8239613483117031E-002
   92.199999999999307        1.6676712369740048        1.8612708435824472E-002
   92.299999999999301        1.5626489243929471        1.7522983224207062E-002
   92.399999999999295        1.4324078730336409        1.5998296402977619E-002
   92.499999999999289        1.3424278734465092        1.5672376531837506E-002
   92.599999999999284        1.2685714271112420        1.5419727267334491E-002
   92.699999999999278        1.1786926182292261        1.4650780991338664E-002
   92.799999999999272        1.1024665339251523        1.3897928832962939E-002
   92.899999999999267        1.0433584005443035        1.3823920438838139E-002
   92.999999999999261       0.98931538540315056        1.2956329694185887E-002
   93.099999999999255       0.93227250933953043        1.3056886231146562E-002
   93.199999999999250       0.86543860269519912        1.2220321375760703E-002
   93.299999999999244       0.81474394357885960        1.1702459537175244E-002
   93.399999999999238       0.77706573335848150        1.1779884606811047E-002
   93.499999999999233       0.73428747449172749        1.0683968387721364E-002
   93.599999999999227       0.70610615300244650        1.0578632373079922E-002
   93.699999999999221       0.67202223466433408        1.0596835110021472E-002
   93.799999999999216       0.63854255783994096        1.0246320257600351E-002
   93.899999999999210       0.59630172667890069        9.2569597659762602E-003
   93.999999999999204       0.58277596846995172        8.8667188916096949E-003
   94.099999999999199       0.54138218092984569        8.1260924825120838E-003
   94.199999999999193       0.53414373119126823        8.5386578009536262E-003
   94.299999999999187       0.50681046147964115        8.0991865216448744E-003
   94.399999999999181       0.48460499860686684        7.7229321767429138E-003
   94.499999999999176       0.47611618492356228        7.7568279494118781E-003
   94.599999999999170       0.45028729940608436        7.4600656623717270E-003
   94.699999999999164       0.43097830749355798        7.0811388174910669E-003
   94.799999999999159       0.43716285332634247        7.0931928742560034E-003
   94.899999999999153       0.41942936331766922        7.1181043143722636E-003
   94.999999999999147       0.39644241987311291        6.5216361562478817E-003
   95.099999999999142       0.38638483744511792        6.4449524780847145E-003
   95.199999999999136       0.37243850496037850        6.1353023662245338E-003
   95.299999999999130       0.37003587531949933        6.0337252960676168E-003
   95.399999999999125       0.37632553828921844        6.3637305421955200E-003
   95.499999999999119       0.35652680605747167        5.8980464414968257E-003
   95.599999999999113       0.34093757775663180        5.5528007312459562E-003
   95.699999999999108       0.34620061057248203        5.5825384414638947E-003
   95.799999999999102       0.32243365001492968        4.9202513017517100E-003
   95.899999999999096       0.32420670812157576        5.1321139221690154E-003
   95.999999999999091       0.31446640199096426        4.7411472424063617E-003
   96.099999999999085       0.31894016307601697        4.9509914269148022E-003
   96.199999999999079       0.30440931222244455        4.5659200291800007E-003
   96.299999999999073       0.29936652261550151        4.4787593026474502E-003
   96.399999999999068       0.29609978664680409        4.3432042053603544E-003
   96.499999999999062       0.29787984726208466        4.4550899596788839E-003
   96.599999999999056       0.28927609299583573        4.1945016857530435E-003
   96.699999999999051       0.29060594048748750        4.2065271438549278E-003
   96.799999999999045       0.28572871959093155        3.9250479603270281E-003
   96.899999999999039       0.29016592172458494        3.9944607844021058E-003
   96.999999999999034       0.28027795311432557        3.7315478650610362E-003
   97.099999999999028       0.27991765314768502        3.6686527416754564E-003
   97.199999999999022       0.27439603432662824        3.5248851344983076E-003
   97.299999999999017       0.28014075232440244        3.5652655886122043E-003
   97.399999999999011       0.27975640490306292        3.5629100057556966E-003
   97.499999999999005       0.28422955446074460        3.4634656348351504E-003
   97.599999999999000       0.28086203799209769        3.2886776461055578E-003
   97.699999999998994       0.28170053503554959        3.2493415696105525E-003
   97.799999999998988       0.28269914444206695        3.1842620820573060E-003
   97.899999999998983       0.28333208480340055        3.0712385842771028E-003
   97.999999999998977       0.28821312192805298        3.0933098289670658E-003
   98.099999999998971       0.29017397859094357        2.9263669425242792E-003
   98.199999999998965       0.29496280438236044        2.9298437454451150E-003
   98.299999999998960       0.29592390040233585        2.8444361895329628E-003
   98.399999999998954       0.30877688263527348        2.8394150458455336E-003
   98.499999999998948       0.31027412200173399        2.7340925241996689E-003
   98.599999999998943       0.31455757281128660        2.6249674936836996E-003
   98.699999999998937       0.32888213291653479        2.6809186287087825E-003
   98.799999999998931       0.34090395040021648        2.6372678881196598E-003
   98.899999999998926       0.35413134980533584        2.5749920520136160E-003
   98.999999999998920       0.36509759052659246        2.4749754401082085E-003
   99.099999999998914       0.38686782357087723        2.4885094592471475E-003
   99.199999999998909       0.40995732853073397        2.4345376918367538E-003
   99.299999999998903       0.44020714093145846        2.4125783763091655E-003
   99.399999999998897       0.47715306089177795        2.3734036800607335E-003
   99.499999999998892       0.52947409040483995        2.3398795536612492E-003
   99.599999999998886       0.60004773342741835        2.2956961473180868E-003
   99.699999999998880       0.71280116790300907        2.2621430628291246E-003
   99.799999999998875       0.92206031733237515        2.2270852169314556E-003
   99.899999999998869        1.1645138078645580        1.8686690438169541E-003
