   0.0000000000000000        156.76226125321807       0.12011687903754195     
   1.0000000000000000E-002   99.860245751875382       0.18538365668434575     
   1.9999999999999997E-002   112.33365832197117       0.31964557952242850     
   2.9999999999999999E-002   122.11577134096441       0.43495047504694162     
   4.0000000000000001E-002   114.00516930682143       0.45398454688182638     
   5.0000000000000003E-002   105.21012859940204       0.45781910431292760     
   6.0000000000000005E-002   97.064572807949205       0.46735464242348951     
   7.0000000000000007E-002   85.763022744611888       0.47088792087753184     
   8.0000000000000002E-002   67.005572177164893       0.45585217786537052     
   8.9999999999999997E-002   38.377296403824353       0.35183818248263676     
   9.9999999999999992E-002   19.105287046916921       0.23739009104044184     
  0.10999999999999999        10.294840552255978       0.15932032119986322     
  0.11999999999999998        6.4576082259749317       0.11686701116644985     
  0.12999999999999998        4.2504750370539242        8.8887280673270300E-002
  0.13999999999999999        2.8377834614620570        6.3284433606447060E-002
  0.14999999999999999        2.1365561320805542        5.1597178269679057E-002
  0.16000000000000000        1.6137103341656629        4.5925016037387786E-002
  0.17000000000000001        1.4212836485135716        4.5390934918256569E-002
  0.18000000000000002        1.0286822024915949        3.1690743367179829E-002
  0.19000000000000003       0.86805743830625248        2.9003013330919883E-002
  0.20000000000000004       0.77390581748463683        2.7871686680003397E-002
  0.21000000000000005       0.64472635836708347        2.5785472237966869E-002
  0.22000000000000006       0.56544051194906442        2.3332420812150732E-002
  0.23000000000000007       0.45048502821080716        1.9929622195327207E-002
  0.24000000000000005       0.39796631881992017        1.5860593881503200E-002
  0.25000000000000006       0.37601347263105295        2.2003064710329916E-002
  0.26000000000000006       0.33470005689401883        1.9252650838712509E-002
  0.27000000000000007       0.26112840260036474        1.2014319239548821E-002
  0.28000000000000008       0.23684015684345916        1.2364968082632941E-002
  0.29000000000000009       0.24966162623434449        1.8686246731821628E-002
  0.30000000000000010       0.19956493368831676        1.1524267068300035E-002
  0.31000000000000011       0.18376185753206170        1.5420668471208420E-002
  0.32000000000000012       0.15631953144243046        8.5981893465466429E-003
  0.33000000000000013       0.13815870648315887        8.9730530801949027E-003
  0.34000000000000014       0.12589461318092049        9.8202183798426074E-003
  0.35000000000000014       0.12356810947848390        8.2835173799207535E-003
  0.36000000000000015       0.10896833548217670        8.9265088640043226E-003
  0.37000000000000016       0.10951054845667668        1.1981588548897951E-002
  0.38000000000000017        9.7772542869350693E-002   7.4034977633437573E-003
  0.39000000000000018        8.7100500626965685E-002   7.5488002467484381E-003
  0.40000000000000019        8.5388672012435593E-002   9.4065125380107858E-003
  0.41000000000000020        9.3108791902460714E-002   1.3634168669001523E-002
  0.42000000000000021        6.4643279212293972E-002   5.4350045135121766E-003
  0.43000000000000022        7.0841685628143206E-002   1.5353953328581086E-002
  0.44000000000000022        5.8577962072151081E-002   6.1613932193051602E-003
  0.45000000000000023        4.6094074370714035E-002   3.9740612011903891E-003
  0.46000000000000024        5.2561952718117304E-002   5.9400426753536857E-003
  0.47000000000000025        5.4533629492881923E-002   7.8869149732002028E-003
  0.48000000000000026        4.7459821167437272E-002   8.3764874731326600E-003
  0.49000000000000021        3.1269413719246103E-002   2.3826187898135054E-003
  0.50000000000000022        3.8625377209597585E-002   4.2217504980041490E-003
  0.51000000000000023        3.0469500760826499E-002   3.6333724114375535E-003
  0.52000000000000024        2.9616073317595897E-002   2.8526699767837324E-003
  0.53000000000000025        3.8286970420781469E-002   7.3348999753860928E-003
  0.54000000000000026        2.5204185815047332E-002   4.4328201606339416E-003
  0.55000000000000027        2.2356051468869188E-002   2.4189867432767385E-003
  0.56000000000000028        3.1592946293131322E-002   6.2599576793088991E-003
  0.57000000000000028        2.3651941892368872E-002   3.6739480239758363E-003
  0.58000000000000029        2.7474361205568714E-002   6.0911697076535716E-003
  0.59000000000000030        1.6189510977006275E-002   2.0506889985754907E-003
  0.60000000000000031        2.4293678506151117E-002   5.0164819743222944E-003
  0.61000000000000032        1.2523581902579569E-002   1.6678913650353946E-003
  0.62000000000000033        1.5086923691449598E-002   2.2188294246601463E-003
  0.63000000000000034        1.4092238708819919E-002   3.3960126704572109E-003
  0.64000000000000035        1.8252076651343884E-002   6.0828754578684087E-003
  0.65000000000000036        7.1671043581992330E-003   1.1616774941360388E-003
  0.66000000000000036        1.2111115176007266E-002   4.9535013430763910E-003
  0.67000000000000037        7.8753261322469740E-003   1.8305772279334830E-003
  0.68000000000000038        6.2811021167716880E-003   2.5327855931894863E-003
  0.69000000000000039        7.4647381823601134E-003   2.2545385281135194E-003
  0.70000000000000040        3.3593560209530305E-003   7.4256060636218276E-004
  0.71000000000000041        3.9000953412138984E-003   1.1268120830641053E-003
  0.72000000000000042        3.3633687220712373E-003   1.6203806437255054E-003
  0.73000000000000043        4.6593102801149140E-004   2.4026809100693148E-004
  0.74000000000000044        2.7443900381493563E-003   2.2151541209903670E-003
  0.75000000000000044        0.0000000000000000        0.0000000000000000     
  0.76000000000000045        0.0000000000000000        0.0000000000000000     
  0.77000000000000046        0.0000000000000000        0.0000000000000000     
  0.78000000000000047        0.0000000000000000        0.0000000000000000     
  0.79000000000000048        0.0000000000000000        0.0000000000000000     
  0.80000000000000049        0.0000000000000000        0.0000000000000000     
  0.81000000000000050        0.0000000000000000        0.0000000000000000     
  0.82000000000000051        0.0000000000000000        0.0000000000000000     
  0.83000000000000052        0.0000000000000000        0.0000000000000000     
  0.84000000000000052        0.0000000000000000        0.0000000000000000     
  0.85000000000000053        0.0000000000000000        0.0000000000000000     
  0.86000000000000054        0.0000000000000000        0.0000000000000000     
  0.87000000000000055        0.0000000000000000        0.0000000000000000     
  0.88000000000000056        0.0000000000000000        0.0000000000000000     
  0.89000000000000057        0.0000000000000000        0.0000000000000000     
  0.90000000000000058        0.0000000000000000        0.0000000000000000     
  0.91000000000000059        0.0000000000000000        0.0000000000000000     
  0.92000000000000060        0.0000000000000000        0.0000000000000000     
  0.93000000000000060        0.0000000000000000        0.0000000000000000     
  0.94000000000000061        0.0000000000000000        0.0000000000000000     
  0.95000000000000062        0.0000000000000000        0.0000000000000000     
  0.96000000000000063        0.0000000000000000        0.0000000000000000     
  0.97000000000000064        0.0000000000000000        0.0000000000000000     
  0.98000000000000065        0.0000000000000000        0.0000000000000000     
  0.99000000000000066        0.0000000000000000        0.0000000000000000     
   1.0000000000000007        0.0000000000000000        0.0000000000000000     
   1.0100000000000007        0.0000000000000000        0.0000000000000000     
   1.0200000000000007        0.0000000000000000        0.0000000000000000     
   1.0300000000000007        0.0000000000000000        0.0000000000000000     
   1.0400000000000007        0.0000000000000000        0.0000000000000000     
   1.0500000000000007        0.0000000000000000        0.0000000000000000     
   1.0600000000000007        0.0000000000000000        0.0000000000000000     
   1.0700000000000007        0.0000000000000000        0.0000000000000000     
   1.0800000000000007        0.0000000000000000        0.0000000000000000     
   1.0900000000000007        0.0000000000000000        0.0000000000000000     
   1.1000000000000008        0.0000000000000000        0.0000000000000000     
   1.1100000000000008        0.0000000000000000        0.0000000000000000     
   1.1200000000000008        0.0000000000000000        0.0000000000000000     
   1.1300000000000008        0.0000000000000000        0.0000000000000000     
   1.1400000000000008        0.0000000000000000        0.0000000000000000     
   1.1500000000000008        0.0000000000000000        0.0000000000000000     
   1.1600000000000008        0.0000000000000000        0.0000000000000000     
   1.1700000000000008        0.0000000000000000        0.0000000000000000     
   1.1800000000000008        0.0000000000000000        0.0000000000000000     
   1.1900000000000008        0.0000000000000000        0.0000000000000000     
   1.2000000000000008        0.0000000000000000        0.0000000000000000     
   1.2100000000000009        0.0000000000000000        0.0000000000000000     
   1.2200000000000009        0.0000000000000000        0.0000000000000000     
   1.2300000000000009        0.0000000000000000        0.0000000000000000     
   1.2400000000000009        0.0000000000000000        0.0000000000000000     
   1.2500000000000009        0.0000000000000000        0.0000000000000000     
   1.2600000000000009        0.0000000000000000        0.0000000000000000     
   1.2700000000000009        0.0000000000000000        0.0000000000000000     
   1.2800000000000009        0.0000000000000000        0.0000000000000000     
   1.2900000000000009        0.0000000000000000        0.0000000000000000     
   1.3000000000000009        0.0000000000000000        0.0000000000000000     
   1.3100000000000009        0.0000000000000000        0.0000000000000000     
   1.3200000000000010        0.0000000000000000        0.0000000000000000     
   1.3300000000000010        0.0000000000000000        0.0000000000000000     
   1.3400000000000010        0.0000000000000000        0.0000000000000000     
   1.3500000000000010        0.0000000000000000        0.0000000000000000     
   1.3600000000000010        0.0000000000000000        0.0000000000000000     
   1.3700000000000010        0.0000000000000000        0.0000000000000000     
   1.3800000000000010        0.0000000000000000        0.0000000000000000     
   1.3900000000000010        0.0000000000000000        0.0000000000000000     
   1.4000000000000010        0.0000000000000000        0.0000000000000000     
   1.4100000000000010        0.0000000000000000        0.0000000000000000     
   1.4200000000000010        0.0000000000000000        0.0000000000000000     
   1.4300000000000010        0.0000000000000000        0.0000000000000000     
   1.4400000000000011        0.0000000000000000        0.0000000000000000     
   1.4500000000000011        0.0000000000000000        0.0000000000000000     
   1.4600000000000011        0.0000000000000000        0.0000000000000000     
   1.4700000000000011        0.0000000000000000        0.0000000000000000     
   1.4800000000000011        0.0000000000000000        0.0000000000000000     
   1.4900000000000011        0.0000000000000000        0.0000000000000000     
   1.5000000000000011        0.0000000000000000        0.0000000000000000     
   1.5100000000000011        0.0000000000000000        0.0000000000000000     
   1.5200000000000011        0.0000000000000000        0.0000000000000000     
   1.5300000000000011        0.0000000000000000        0.0000000000000000     
   1.5400000000000011        0.0000000000000000        0.0000000000000000     
   1.5500000000000012        0.0000000000000000        0.0000000000000000     
   1.5600000000000012        0.0000000000000000        0.0000000000000000     
   1.5700000000000012        0.0000000000000000        0.0000000000000000     
   1.5800000000000012        0.0000000000000000        0.0000000000000000     
   1.5900000000000012        0.0000000000000000        0.0000000000000000     
   1.6000000000000012        0.0000000000000000        0.0000000000000000     
   1.6100000000000012        0.0000000000000000        0.0000000000000000     
   1.6200000000000012        0.0000000000000000        0.0000000000000000     
   1.6300000000000012        0.0000000000000000        0.0000000000000000     
   1.6400000000000012        0.0000000000000000        0.0000000000000000     
   1.6500000000000012        0.0000000000000000        0.0000000000000000     
   1.6600000000000013        0.0000000000000000        0.0000000000000000     
   1.6700000000000013        0.0000000000000000        0.0000000000000000     
   1.6800000000000013        0.0000000000000000        0.0000000000000000     
   1.6900000000000013        0.0000000000000000        0.0000000000000000     
   1.7000000000000013        0.0000000000000000        0.0000000000000000     
   1.7100000000000013        0.0000000000000000        0.0000000000000000     
   1.7200000000000013        0.0000000000000000        0.0000000000000000     
   1.7300000000000013        0.0000000000000000        0.0000000000000000     
   1.7400000000000013        0.0000000000000000        0.0000000000000000     
   1.7500000000000013        0.0000000000000000        0.0000000000000000     
   1.7600000000000013        0.0000000000000000        0.0000000000000000     
   1.7700000000000014        0.0000000000000000        0.0000000000000000     
   1.7800000000000014        0.0000000000000000        0.0000000000000000     
   1.7900000000000014        0.0000000000000000        0.0000000000000000     
   1.8000000000000014        0.0000000000000000        0.0000000000000000     
   1.8100000000000014        0.0000000000000000        0.0000000000000000     
   1.8200000000000014        0.0000000000000000        0.0000000000000000     
   1.8300000000000014        0.0000000000000000        0.0000000000000000     
   1.8400000000000014        0.0000000000000000        0.0000000000000000     
   1.8500000000000014        0.0000000000000000        0.0000000000000000     
   1.8600000000000014        0.0000000000000000        0.0000000000000000     
   1.8700000000000014        0.0000000000000000        0.0000000000000000     
   1.8800000000000014        0.0000000000000000        0.0000000000000000     
   1.8900000000000015        0.0000000000000000        0.0000000000000000     
   1.9000000000000015        0.0000000000000000        0.0000000000000000     
   1.9100000000000015        0.0000000000000000        0.0000000000000000     
   1.9200000000000015        0.0000000000000000        0.0000000000000000     
   1.9300000000000015        0.0000000000000000        0.0000000000000000     
   1.9400000000000015        0.0000000000000000        0.0000000000000000     
   1.9500000000000015        0.0000000000000000        0.0000000000000000     
   1.9600000000000015        0.0000000000000000        0.0000000000000000     
   1.9700000000000015        0.0000000000000000        0.0000000000000000     
   1.9800000000000015        0.0000000000000000        0.0000000000000000     
   1.9900000000000013        0.0000000000000000        0.0000000000000000     
