  0.59999999999999998        1.5379118374747565E-003   3.7368903560451897E-004
  0.60599999999999998        4.5570554275704183E-003   2.8371660046051243E-003
  0.61199999999999999        2.1167662617805633E-003   5.2565765392493158E-004
  0.61799999999999999       0.74842039325564680       0.15422260956137876     
  0.62400000000000000        1.8618946851376557        8.6308369136400206E-002
  0.63000000000000000        2.0487366217017988       0.13866867979275380     
  0.63600000000000001        2.0152241192012119        9.7939190950399074E-002
  0.64200000000000002        2.2226119628890193       0.11586604163153699     
  0.64800000000000002        2.1537997572205323        9.2856477200163171E-002
  0.65400000000000003        2.3292696933973334       0.11675613873859628     
  0.66000000000000003        2.4427886366032578       0.14201420903897316     
  0.66600000000000004        2.3160122850827243       0.15900447557385408     
  0.67200000000000004        2.4265453628725382       0.13768141380823648     
  0.67800000000000005        2.2276446141826596        7.8979781542884639E-002
  0.68400000000000005        2.5239211985409313       0.11773537140061337     
  0.69000000000000006        2.1913641198757046        9.2161024633572300E-002
  0.69600000000000006        2.5687203739249176       0.12345571962568826     
  0.70200000000000007        2.7435201826934001       0.19095937457195747     
  0.70800000000000007        2.5024563689134682       0.10907971535334991     
  0.71400000000000008        2.5654704460418372       0.13558434380970322     
  0.72000000000000008        2.6644988985272096       0.12357095007102725     
  0.72600000000000009        2.7284473942970915       0.13289693423528223     
  0.73200000000000010        2.6121800843696996       0.12454899067131110     
  0.73800000000000010        2.9704502316943904       0.17337754986001158     
  0.74400000000000011        2.9405772654605058       0.16876871651027509     
  0.75000000000000011        3.0638060317918185       0.17305010690721237     
  0.75600000000000012        3.1776904232024825       0.29664415168913300     
  0.76200000000000012        2.7753829151220422       0.13847556254731980     
  0.76800000000000013        2.8462120865975171       0.15878106322929700     
  0.77400000000000013        2.9118316863389513       0.17823257766014358     
  0.78000000000000014        3.2515626355827894       0.20636820778964951     
  0.78600000000000014        2.7288275661053278       0.10147499502520865     
  0.79200000000000015        2.9502746611672030       0.12582825991944629     
  0.79800000000000015        3.1098343849371330       0.12894349975222716     
  0.80400000000000016        2.9233228321399287       0.11420928170043426     
  0.81000000000000016        3.1131800559174381       0.14053222399337825     
  0.81600000000000017        3.2032999367534121       0.14166714718630813     
  0.82200000000000017        3.4677657976806637       0.18852490319608745     
  0.82800000000000018        3.5345721622412176       0.20067068699536733     
  0.83400000000000019        3.2171533286510443       0.19408858593604353     
  0.84000000000000019        3.1167447638986712       0.10852643152884341     
  0.84600000000000020        3.2285732836152241       0.13484588147574550     
  0.85200000000000020        3.3278458133534063       0.14211236105522088     
  0.85800000000000021        3.5466522319169469       0.16266268160289177     
  0.86400000000000021        3.5004394223937467       0.17357537184377828     
  0.87000000000000022        3.2367168396200698       0.10981126035314252     
  0.87600000000000022        3.6033542891488941       0.18034462642786198     
  0.88200000000000023        3.6923110721808401       0.16509859101904040     
  0.88800000000000023        3.6234345629393072       0.16148165917303903     
  0.89400000000000024        3.4129659066082971       0.13004364820911909     
  0.90000000000000024        4.2658581539241114       0.36917500403800818     
  0.90600000000000025        3.7540600615588193       0.15177920283693419     
  0.91200000000000025        3.7488743662450843       0.13349965022622493     
  0.91800000000000026        3.6741401033750303       0.14057208784349148     
  0.92400000000000027        3.7688427678118330       0.14297081205173678     
  0.93000000000000027        3.5315103739530596       0.11406569629539136     
  0.93600000000000028        4.1270365492853047       0.18679008166424407     
  0.94200000000000028        3.9221933897751313       0.16534928173090341     
  0.94800000000000029        3.9218251344411579       0.15093126206490978     
  0.95400000000000029        3.9756015263024995       0.15306787711599767     
  0.96000000000000030        4.1126346574683375       0.15962810747873959     
  0.96600000000000030        4.5141826011992796       0.22826495612961575     
  0.97200000000000031        4.5536206334111142       0.27044203487050333     
  0.97800000000000031        4.3541866373426563       0.18673931607550545     
  0.98400000000000032        4.4455475949068237       0.17724101740692599     
  0.99000000000000032        4.3225182909965278       0.16043976408066771     
  0.99600000000000022        4.7101453447401891       0.20110377979990712     
   1.0020000000000002        4.5211971520890906       0.18576302234678696     
   1.0080000000000002        4.7037308593277292       0.16535023057929649     
   1.0140000000000002        4.7357056992826854       0.15485653532823154     
   1.0200000000000002        5.0407555292894992       0.18668825939776679     
   1.0260000000000002        4.9925645589326679       0.20384259567922200     
   1.0320000000000003        4.9626209828978309       0.16470748418740683     
   1.0380000000000003        5.3468383980476322       0.23497421920088954     
   1.0440000000000003        5.3024526337423108       0.19377719691155576     
   1.0500000000000003        5.6278939887377879       0.20977721324795368     
   1.0560000000000003        5.4883300690036521       0.16137576398899822     
   1.0620000000000003        5.6902836959950713       0.18142559408324657     
   1.0680000000000003        5.9012227732740152       0.17909289348043431     
   1.0740000000000003        6.1758432805882961       0.21105137471444374     
   1.0800000000000003        6.2400736751986496       0.19716352201761245     
   1.0860000000000003        6.8604256732992601       0.23713826559353568     
   1.0920000000000003        7.4705481250870678       0.29984937239372494     
   1.0980000000000003        7.1759636066194705       0.24339408933506931     
   1.1040000000000003        7.8676787496070082       0.23876980375464596     
   1.1100000000000003        8.5953919455984860       0.29863712719670721     
   1.1160000000000003        8.5938851355924779       0.26861397298213008     
   1.1220000000000003        8.5678096842656899       0.22221556520858579     
   1.1280000000000003        8.5087781847017521       0.25610693304842397     
   1.1340000000000003        6.7031210632961455       0.19679260109593649     
   1.1400000000000003        5.1249513486196623       0.17991345139822607     
   1.1460000000000004        3.5237732134404753       0.14386275968840753     
   1.1520000000000004        2.4117170460350059        7.5688789708830542E-002
   1.1580000000000004        1.8850906732638915        7.9851333380899336E-002
   1.1640000000000004        1.7129535183776916       0.10378306641294907     
   1.1700000000000004        1.4106915516375675       0.10969064278671667     
   1.1760000000000004        1.0435900013775774        5.6861902902032926E-002
   1.1820000000000004        1.0157359492732412        9.0126752442853231E-002
   1.1880000000000004       0.77359845784831338        6.9842058091411932E-002
   1.1940000000000004       0.76486110549741604        6.5013171159789759E-002
   1.2000000000000004       0.65195983216636666        6.2589868273031299E-002
   1.2060000000000004       0.57366166068888547        4.3867292685814158E-002
   1.2120000000000004       0.46297198875380302        3.2415230786010177E-002
   1.2180000000000004       0.40472441913676815        2.1107786128061051E-002
   1.2240000000000004       0.43109610647622226        4.1961181266667320E-002
   1.2300000000000004       0.38295764096391277        2.9104585561017086E-002
   1.2360000000000004       0.32955974035547991        2.1237474159358821E-002
   1.2420000000000004       0.33004418650526490        2.0788439316408204E-002
   1.2480000000000004       0.33575064102892921        3.2720607708077519E-002
   1.2540000000000004       0.38471918295596746        6.1841835088729993E-002
   1.2600000000000005       0.25482049307119142        1.6295094696662033E-002
   1.2660000000000005       0.26673943548341944        2.8142613972884666E-002
   1.2720000000000005       0.22953526481873646        1.7778935871152757E-002
   1.2780000000000005       0.21632599616417883        1.3306772782276783E-002
   1.2840000000000005       0.26321377935678753        3.3678995478489508E-002
   1.2900000000000005       0.24233222501558960        3.5833180334203782E-002
   1.2960000000000005       0.25150562772856555        3.2297821024216210E-002
   1.3020000000000005       0.19423045297003169        1.5204079457402934E-002
   1.3080000000000005       0.20294269654450967        1.9097372537048279E-002
   1.3140000000000005       0.17310542462336187        9.9774535616230977E-003
   1.3200000000000005       0.17239650997324032        1.3906903912909614E-002
   1.3260000000000005       0.17051645458631856        1.2996295361103255E-002
   1.3320000000000005       0.15278666030218283        1.0985043027474538E-002
   1.3380000000000005       0.13849945699000560        7.1677475358323086E-003
   1.3440000000000005       0.17712530696909459        1.7582409491070299E-002
   1.3500000000000005       0.15673778031583238        2.9487208251315507E-002
   1.3560000000000005       0.21107560250107435        2.9184016433322517E-002
   1.3620000000000005       0.13254547933714431        1.0213834819181538E-002
   1.3680000000000005       0.13366742607183765        1.1171832128383314E-002
   1.3740000000000006       0.12711805195941991        9.4557820116067670E-003
   1.3800000000000006       0.12795857058846505        9.1676273426204262E-003
   1.3860000000000006       0.12743075981906415        8.9793349638014330E-003
   1.3920000000000006       0.11843816802262462        6.4281490969731007E-003
   1.3980000000000006       0.12446732702199932        7.5917092639126091E-003
   1.4040000000000006       0.13923531098950773        1.2185187695381716E-002
   1.4100000000000006       0.12277556937420420        1.2871609222429694E-002
   1.4160000000000006       0.11056766181319728        8.6462833252548537E-003
   1.4220000000000006       0.11906770611261339        1.0668443042178517E-002
   1.4280000000000006       0.10615043591394879        6.4744089931643243E-003
   1.4340000000000006       0.11751612450534507        8.3011434458945561E-003
   1.4400000000000006       0.10757878696667318        7.3747177399583735E-003
   1.4460000000000006       0.11065079115627964        8.0781865981881563E-003
   1.4520000000000006       0.10238658545258336        5.3341624553080837E-003
   1.4580000000000006        9.3198926327377266E-002   5.0877779606058318E-003
   1.4640000000000006       0.10002870507375124        5.6499454574481236E-003
   1.4700000000000006        9.4485939389916576E-002   6.0844569328160070E-003
   1.4760000000000006       0.10876838419728463        9.3882786462155445E-003
   1.4820000000000007       0.10589583667068199        1.1182396483496095E-002
   1.4880000000000007        9.7834300568717364E-002   9.7967190596804227E-003
   1.4940000000000007       0.10208969980784995        1.1991857492478114E-002
   1.5000000000000007        8.9889956019590808E-002   5.0487149436920344E-003
   1.5060000000000007       0.11048081787872607        1.1319997767713561E-002
   1.5120000000000007        8.3818297805104428E-002   5.0556874243503211E-003
   1.5180000000000007       0.11722009260533307        2.9261860338484259E-002
   1.5240000000000007        9.2366191669018355E-002   1.0874327715365588E-002
   1.5300000000000007        9.0583586366196053E-002   6.8859101703948149E-003
   1.5360000000000007        8.8750215769754878E-002   7.0633786966784436E-003
   1.5420000000000007        9.0525668831203707E-002   1.0832994099615157E-002
   1.5480000000000007        8.9058816044222708E-002   7.3492101942239513E-003
   1.5540000000000007        9.0198592700317839E-002   7.0965527545175777E-003
   1.5600000000000007        9.0638209749389922E-002   9.1432423627829593E-003
   1.5660000000000007        8.3458663299743066E-002   7.3482551894697842E-003
   1.5720000000000007        8.0245235114650260E-002   6.6545448195763019E-003
   1.5780000000000007       0.10266735375484813        2.3173137046008353E-002
   1.5840000000000007       0.10012660503245213        1.2723600637281699E-002
   1.5900000000000007        8.8409498584760465E-002   8.7141701145338115E-003
   1.5960000000000008        7.3286560234538778E-002   4.3927660299837483E-003
   1.6020000000000008        7.5489047688918370E-002   3.9347146820648202E-003
   1.6080000000000008        7.1719547008851275E-002   3.7169249584157477E-003
   1.6140000000000008        7.9042180409901228E-002   4.4657856913727272E-003
   1.6200000000000008        7.6407065755003320E-002   4.6842219443848747E-003
   1.6260000000000008        7.9508089147228289E-002   4.9627554634200629E-003
   1.6320000000000008        6.8411922094240740E-002   3.5259214475813544E-003
   1.6380000000000008        7.7661247579865894E-002   7.3875464655769486E-003
   1.6440000000000008        6.8840341156354401E-002   3.8561573393487130E-003
   1.6500000000000008        6.8421812825383885E-002   3.3323907402228311E-003
   1.6560000000000008        6.5620174162878978E-002   2.9395746825416238E-003
   1.6620000000000008        8.1118866825250893E-002   9.5416656352501090E-003
   1.6680000000000008        7.0329214433602669E-002   4.4399880803177184E-003
   1.6740000000000008        6.9073330683538964E-002   3.9841992023908757E-003
   1.6800000000000008        7.5391093513812124E-002   6.1072794278281169E-003
   1.6860000000000008        6.3504441919069649E-002   2.7230911161800248E-003
   1.6920000000000008        7.8383648022094285E-002   9.9855147735524938E-003
   1.6980000000000008        6.6881280511103453E-002   4.4153016391414689E-003
   1.7040000000000008        6.8511877950112807E-002   7.0370704432503846E-003
   1.7100000000000009        9.1055505054308955E-002   2.0217887524488387E-002
   1.7160000000000009        6.1497184949548464E-002   3.2504346811531751E-003
   1.7220000000000009        7.1569470704340485E-002   7.3677304642101836E-003
   1.7280000000000009        6.4958356877643023E-002   3.6384085540175585E-003
   1.7340000000000009        6.2898742032185859E-002   3.4256852327009257E-003
   1.7400000000000009        7.2418699271062495E-002   5.0251804204828202E-003
   1.7460000000000009        6.2200759254564975E-002   2.9422948150916199E-003
   1.7520000000000009        6.8466533016220507E-002   1.2933117076078393E-002
   1.7580000000000009        6.5034546593386408E-002   4.6547524447509347E-003
   1.7640000000000009        7.1484148114905777E-002   1.0872929395067959E-002
   1.7700000000000009        7.0630760475214910E-002   8.8029805264533603E-003
   1.7760000000000009        6.0880354826142159E-002   3.6084018531936778E-003
   1.7820000000000009        6.2005822626811098E-002   2.9104442198965809E-003
   1.7880000000000009        6.2260554865185919E-002   5.0455348996473331E-003
   1.7940000000000009        6.6607431070003748E-002   3.8733993682368698E-003
