   0.0000000000000000        170.13588306982396       0.17284641366886039     
   1.0000000000000000E-002   108.71492433084499       0.24545522496364885     
   1.9999999999999997E-002   119.25308375545552       0.40412794468099345     
   2.9999999999999999E-002   134.94061579263428       0.58674945864592887     
   4.0000000000000001E-002   130.15264021102575       0.63828897975067167     
   5.0000000000000003E-002   120.96259302765407       0.65076581673382949     
   6.0000000000000005E-002   112.10647324549237       0.63958274946857274     
   7.0000000000000007E-002   103.46784864207403       0.67335564326510611     
   8.0000000000000002E-002   88.693772686619326       0.65828576265858474     
   8.9999999999999997E-002   63.193676060417289       0.61370713583646197     
   9.9999999999999992E-002   33.680566785134836       0.42957396154810290     
  0.10999999999999999        16.994462925987413       0.27430361652251900     
  0.11999999999999998        9.5463637810697506       0.18559441744600683     
  0.12999999999999998        6.0524584926472080       0.14626362391786379     
  0.13999999999999999        4.0248223849892506       0.10160579952502484     
  0.14999999999999999        3.0877732616232367        8.8565962707316134E-002
  0.16000000000000000        2.3745241704324225        8.9625599007428475E-002
  0.17000000000000001        1.7592545137506232        5.7192896207919265E-002
  0.18000000000000002        1.3688665682556924        5.0284771753891871E-002
  0.19000000000000003        1.0215920881312759        3.3819549276735535E-002
  0.20000000000000004       0.88705565093311778        3.4888137765472456E-002
  0.21000000000000005       0.76899244506835573        3.5640956220919277E-002
  0.22000000000000006       0.65316860078034988        2.7329728563881474E-002
  0.23000000000000007       0.54491430289018317        2.1993084010313739E-002
  0.24000000000000005       0.47577300653840288        2.1480426535418609E-002
  0.25000000000000006       0.41187689757930818        2.2437759689164866E-002
  0.26000000000000006       0.36033673688774526        2.9263609938550220E-002
  0.27000000000000007       0.31850140568523799        1.5910802364167958E-002
  0.28000000000000008       0.36676081021443524        5.8476006246640837E-002
  0.29000000000000009       0.26187175259416551        1.6267625264258831E-002
  0.30000000000000010       0.23331304642593581        1.4291405184573377E-002
  0.31000000000000011       0.24086604049962695        2.7827356798783297E-002
  0.32000000000000012       0.19111714610575417        1.2319998035388552E-002
  0.33000000000000013       0.15250007732733570        1.0266592683284314E-002
  0.34000000000000014       0.14556865282386203        9.9436280632949747E-003
  0.35000000000000014       0.12984029207082692        1.1983304549958279E-002
  0.36000000000000015       0.11936248636406196        7.5012919675898661E-003
  0.37000000000000016       0.13829599356381553        1.4593235342049593E-002
  0.38000000000000017       0.10004275867215144        7.5639443852703733E-003
  0.39000000000000018        9.7836038385041041E-002   9.7536266660377298E-003
  0.40000000000000019       0.11549264468687036        1.9864456477221282E-002
  0.41000000000000020        8.5923827182508863E-002   6.5242175397140414E-003
  0.42000000000000021        8.2830417706651005E-002   7.7240279538431196E-003
  0.43000000000000022        7.0039240725102633E-002   6.0151549962500685E-003
  0.44000000000000022        7.1962234024689375E-002   7.1076589856325810E-003
  0.45000000000000023        5.5787118325984340E-002   4.8273801422275258E-003
  0.46000000000000024        6.0257150622633524E-002   8.1763754167222709E-003
  0.47000000000000025        5.1484695840034747E-002   4.4925535491333541E-003
  0.48000000000000026       0.10258550218157879        3.6898104159840101E-002
  0.49000000000000021        3.9846810473081071E-002   5.7076196911479788E-003
  0.50000000000000022        4.1238073320517821E-002   6.4714623397780528E-003
  0.51000000000000023        3.5913569576306578E-002   3.2333708912393100E-003
  0.52000000000000024        3.5644490775131099E-002   5.0609592769433999E-003
  0.53000000000000025        3.3419467377041975E-002   4.2266302906024053E-003
  0.54000000000000026        3.1174321302180598E-002   3.8972667554621069E-003
  0.55000000000000027        3.1910511879472796E-002   6.8400443297593578E-003
  0.56000000000000028        3.4425487867307626E-002   5.2544185286123547E-003
  0.57000000000000028        2.9432306401809175E-002   5.9329693900291285E-003
  0.58000000000000029        1.9302707624422086E-002   2.3848278826308082E-003
  0.59000000000000030        2.3245846628029913E-002   4.7605141506441122E-003
  0.60000000000000031        2.2359488146895711E-002   4.6401212177491569E-003
  0.61000000000000032        2.0376102265021991E-002   3.5518329785500448E-003
  0.62000000000000033        1.7070876694368412E-002   3.9018684853183434E-003
  0.63000000000000034        2.3951425237423895E-002   1.2948885987003157E-002
  0.64000000000000035        1.4914706355364609E-002   4.2008640392780126E-003
  0.65000000000000036        1.6561638010201749E-002   5.2461495391336790E-003
  0.66000000000000036        9.9657273023763225E-003   2.7451411588522109E-003
  0.67000000000000037        7.5175198803715971E-003   1.4635048349980570E-003
  0.68000000000000038        8.2985884533495029E-003   2.0483543469126003E-003
  0.69000000000000039        8.8394152131145085E-003   2.7576658528848117E-003
  0.70000000000000040        7.3868187342138528E-003   1.8700129036120609E-003
  0.71000000000000041        6.6727014377660817E-003   2.7745022217559503E-003
  0.72000000000000042        2.7707996514197497E-003   9.3278047504146875E-004
  0.73000000000000043        2.5046593703405380E-003   1.5821984056090652E-003
  0.74000000000000044        3.4981120157149431E-005   3.4123395694914597E-005
  0.75000000000000044        0.0000000000000000        0.0000000000000000     
  0.76000000000000045        0.0000000000000000        0.0000000000000000     
  0.77000000000000046        0.0000000000000000        0.0000000000000000     
  0.78000000000000047        0.0000000000000000        0.0000000000000000     
  0.79000000000000048        0.0000000000000000        0.0000000000000000     
  0.80000000000000049        0.0000000000000000        0.0000000000000000     
  0.81000000000000050        0.0000000000000000        0.0000000000000000     
  0.82000000000000051        0.0000000000000000        0.0000000000000000     
  0.83000000000000052        0.0000000000000000        0.0000000000000000     
  0.84000000000000052        0.0000000000000000        0.0000000000000000     
  0.85000000000000053        0.0000000000000000        0.0000000000000000     
  0.86000000000000054        0.0000000000000000        0.0000000000000000     
  0.87000000000000055        0.0000000000000000        0.0000000000000000     
  0.88000000000000056        0.0000000000000000        0.0000000000000000     
  0.89000000000000057        0.0000000000000000        0.0000000000000000     
  0.90000000000000058        0.0000000000000000        0.0000000000000000     
  0.91000000000000059        0.0000000000000000        0.0000000000000000     
  0.92000000000000060        0.0000000000000000        0.0000000000000000     
  0.93000000000000060        0.0000000000000000        0.0000000000000000     
  0.94000000000000061        0.0000000000000000        0.0000000000000000     
  0.95000000000000062        0.0000000000000000        0.0000000000000000     
  0.96000000000000063        0.0000000000000000        0.0000000000000000     
  0.97000000000000064        0.0000000000000000        0.0000000000000000     
  0.98000000000000065        0.0000000000000000        0.0000000000000000     
  0.99000000000000066        0.0000000000000000        0.0000000000000000     
   1.0000000000000007        0.0000000000000000        0.0000000000000000     
   1.0100000000000007        0.0000000000000000        0.0000000000000000     
   1.0200000000000007        0.0000000000000000        0.0000000000000000     
   1.0300000000000007        0.0000000000000000        0.0000000000000000     
   1.0400000000000007        0.0000000000000000        0.0000000000000000     
   1.0500000000000007        0.0000000000000000        0.0000000000000000     
   1.0600000000000007        0.0000000000000000        0.0000000000000000     
   1.0700000000000007        0.0000000000000000        0.0000000000000000     
   1.0800000000000007        0.0000000000000000        0.0000000000000000     
   1.0900000000000007        0.0000000000000000        0.0000000000000000     
   1.1000000000000008        0.0000000000000000        0.0000000000000000     
   1.1100000000000008        0.0000000000000000        0.0000000000000000     
   1.1200000000000008        0.0000000000000000        0.0000000000000000     
   1.1300000000000008        0.0000000000000000        0.0000000000000000     
   1.1400000000000008        0.0000000000000000        0.0000000000000000     
   1.1500000000000008        0.0000000000000000        0.0000000000000000     
   1.1600000000000008        0.0000000000000000        0.0000000000000000     
   1.1700000000000008        0.0000000000000000        0.0000000000000000     
   1.1800000000000008        0.0000000000000000        0.0000000000000000     
   1.1900000000000008        0.0000000000000000        0.0000000000000000     
   1.2000000000000008        0.0000000000000000        0.0000000000000000     
   1.2100000000000009        0.0000000000000000        0.0000000000000000     
   1.2200000000000009        0.0000000000000000        0.0000000000000000     
   1.2300000000000009        0.0000000000000000        0.0000000000000000     
   1.2400000000000009        0.0000000000000000        0.0000000000000000     
   1.2500000000000009        0.0000000000000000        0.0000000000000000     
   1.2600000000000009        0.0000000000000000        0.0000000000000000     
   1.2700000000000009        0.0000000000000000        0.0000000000000000     
   1.2800000000000009        0.0000000000000000        0.0000000000000000     
   1.2900000000000009        0.0000000000000000        0.0000000000000000     
   1.3000000000000009        0.0000000000000000        0.0000000000000000     
   1.3100000000000009        0.0000000000000000        0.0000000000000000     
   1.3200000000000010        0.0000000000000000        0.0000000000000000     
   1.3300000000000010        0.0000000000000000        0.0000000000000000     
   1.3400000000000010        0.0000000000000000        0.0000000000000000     
   1.3500000000000010        0.0000000000000000        0.0000000000000000     
   1.3600000000000010        0.0000000000000000        0.0000000000000000     
   1.3700000000000010        0.0000000000000000        0.0000000000000000     
   1.3800000000000010        0.0000000000000000        0.0000000000000000     
   1.3900000000000010        0.0000000000000000        0.0000000000000000     
   1.4000000000000010        0.0000000000000000        0.0000000000000000     
   1.4100000000000010        0.0000000000000000        0.0000000000000000     
   1.4200000000000010        0.0000000000000000        0.0000000000000000     
   1.4300000000000010        0.0000000000000000        0.0000000000000000     
   1.4400000000000011        0.0000000000000000        0.0000000000000000     
   1.4500000000000011        0.0000000000000000        0.0000000000000000     
   1.4600000000000011        0.0000000000000000        0.0000000000000000     
   1.4700000000000011        0.0000000000000000        0.0000000000000000     
   1.4800000000000011        0.0000000000000000        0.0000000000000000     
   1.4900000000000011        0.0000000000000000        0.0000000000000000     
   1.5000000000000011        0.0000000000000000        0.0000000000000000     
   1.5100000000000011        0.0000000000000000        0.0000000000000000     
   1.5200000000000011        0.0000000000000000        0.0000000000000000     
   1.5300000000000011        0.0000000000000000        0.0000000000000000     
   1.5400000000000011        0.0000000000000000        0.0000000000000000     
   1.5500000000000012        0.0000000000000000        0.0000000000000000     
   1.5600000000000012        0.0000000000000000        0.0000000000000000     
   1.5700000000000012        0.0000000000000000        0.0000000000000000     
   1.5800000000000012        0.0000000000000000        0.0000000000000000     
   1.5900000000000012        0.0000000000000000        0.0000000000000000     
   1.6000000000000012        0.0000000000000000        0.0000000000000000     
   1.6100000000000012        0.0000000000000000        0.0000000000000000     
   1.6200000000000012        0.0000000000000000        0.0000000000000000     
   1.6300000000000012        0.0000000000000000        0.0000000000000000     
   1.6400000000000012        0.0000000000000000        0.0000000000000000     
   1.6500000000000012        0.0000000000000000        0.0000000000000000     
   1.6600000000000013        0.0000000000000000        0.0000000000000000     
   1.6700000000000013        0.0000000000000000        0.0000000000000000     
   1.6800000000000013        0.0000000000000000        0.0000000000000000     
   1.6900000000000013        0.0000000000000000        0.0000000000000000     
   1.7000000000000013        0.0000000000000000        0.0000000000000000     
   1.7100000000000013        0.0000000000000000        0.0000000000000000     
   1.7200000000000013        0.0000000000000000        0.0000000000000000     
   1.7300000000000013        0.0000000000000000        0.0000000000000000     
   1.7400000000000013        0.0000000000000000        0.0000000000000000     
   1.7500000000000013        0.0000000000000000        0.0000000000000000     
   1.7600000000000013        0.0000000000000000        0.0000000000000000     
   1.7700000000000014        0.0000000000000000        0.0000000000000000     
   1.7800000000000014        0.0000000000000000        0.0000000000000000     
   1.7900000000000014        0.0000000000000000        0.0000000000000000     
   1.8000000000000014        0.0000000000000000        0.0000000000000000     
   1.8100000000000014        0.0000000000000000        0.0000000000000000     
   1.8200000000000014        0.0000000000000000        0.0000000000000000     
   1.8300000000000014        0.0000000000000000        0.0000000000000000     
   1.8400000000000014        0.0000000000000000        0.0000000000000000     
   1.8500000000000014        0.0000000000000000        0.0000000000000000     
   1.8600000000000014        0.0000000000000000        0.0000000000000000     
   1.8700000000000014        0.0000000000000000        0.0000000000000000     
   1.8800000000000014        0.0000000000000000        0.0000000000000000     
   1.8900000000000015        0.0000000000000000        0.0000000000000000     
   1.9000000000000015        0.0000000000000000        0.0000000000000000     
   1.9100000000000015        0.0000000000000000        0.0000000000000000     
   1.9200000000000015        0.0000000000000000        0.0000000000000000     
   1.9300000000000015        0.0000000000000000        0.0000000000000000     
   1.9400000000000015        0.0000000000000000        0.0000000000000000     
   1.9500000000000015        0.0000000000000000        0.0000000000000000     
   1.9600000000000015        0.0000000000000000        0.0000000000000000     
   1.9700000000000015        0.0000000000000000        0.0000000000000000     
   1.9800000000000015        0.0000000000000000        0.0000000000000000     
   1.9900000000000013        0.0000000000000000        0.0000000000000000     
