 -0.50000000000000000        3.6332614892081588E-002   9.4368116240652559E-003
 -0.49500000000000000        4.4767505911299695E-002   1.2080256513700347E-002
 -0.48999999999999999        2.9017394053453879E-002   4.2426414640967247E-003
 -0.48499999999999999        3.0829971853315642E-002   7.6105460325053649E-003
 -0.47999999999999998        4.9495539798800142E-002   1.4972950113136950E-002
 -0.47499999999999998        2.4638366661464309E-002   3.6432013734758583E-003
 -0.46999999999999997        3.3584843655374653E-002   5.5654907901200390E-003
 -0.46499999999999997        3.3392322949256988E-002   4.9258490150997161E-003
 -0.45999999999999996        3.5862898489221695E-002   1.1929558954027109E-002
 -0.45499999999999996        3.4456618901173790E-002   6.9834583279942148E-003
 -0.44999999999999996        4.0282151926090325E-002   6.1422455519298353E-003
 -0.44499999999999995        4.7673741518572149E-002   1.0235349855845986E-002
 -0.43999999999999995        3.8978988056802825E-002   1.0097637825252657E-002
 -0.43499999999999994        4.8709656220547806E-002   6.2789110275110367E-003
 -0.42999999999999994        5.6483490303147428E-002   1.0839930402978894E-002
 -0.42499999999999993        4.0220784986463698E-002   7.1889158941441256E-003
 -0.41999999999999993        4.4808138243261866E-002   5.3057100046721897E-003
 -0.41499999999999992        5.4970808220462221E-002   7.1886811090451945E-003
 -0.40999999999999992        7.5285563739382305E-002   1.2525715649789923E-002
 -0.40499999999999992        5.1567999913073391E-002   6.5143621733223167E-003
 -0.39999999999999991        5.6292479172352451E-002   7.3898262631179323E-003
 -0.39499999999999991        6.2684967278843484E-002   7.5232797367015998E-003
 -0.38999999999999990        8.3354604666559431E-002   1.6851568395410972E-002
 -0.38499999999999990        7.9592396199476875E-002   2.1982837086276054E-002
 -0.37999999999999989        8.2263603921299694E-002   1.4256451284582316E-002
 -0.37499999999999989        7.2077981145749551E-002   9.9766357472110510E-003
 -0.36999999999999988        8.5977837661888337E-002   1.7988166111882777E-002
 -0.36499999999999988        6.5994727158106073E-002   5.9921584889405825E-003
 -0.35999999999999988        7.9415963935659195E-002   7.7213484286698976E-003
 -0.35499999999999987       0.13010924189909037        2.3298165071316431E-002
 -0.34999999999999987        8.1932477897786224E-002   7.2485763922711145E-003
 -0.34499999999999986       0.12123428632232545        1.8589348677919764E-002
 -0.33999999999999986        9.4663145448872582E-002   8.5319079103947162E-003
 -0.33499999999999985       0.12286016235492601        1.8023095784460964E-002
 -0.32999999999999985        9.4396811327033148E-002   7.4222106678515703E-003
 -0.32499999999999984       0.14523084883756640        1.6823397663343079E-002
 -0.31999999999999984       0.13777890789419822        1.5916969823702200E-002
 -0.31499999999999984       0.13495198502116590        1.5218924483349511E-002
 -0.30999999999999983       0.14181526160799932        1.7777205055878095E-002
 -0.30499999999999983       0.13326473731263883        1.1099747615112673E-002
 -0.29999999999999982       0.19434260561146402        2.9377299444282062E-002
 -0.29499999999999982       0.17913077636798386        1.7666383724109436E-002
 -0.28999999999999981       0.18373841106363306        2.0956221092376343E-002
 -0.28499999999999981       0.20483013077637305        2.2616560682442166E-002
 -0.27999999999999980       0.19198677573808576        1.1986993044773095E-002
 -0.27499999999999980       0.21857193862073487        2.1633617169017877E-002
 -0.26999999999999980       0.23437231653307458        1.9977233197697387E-002
 -0.26499999999999979       0.23107855506081387        1.5364677718975961E-002
 -0.25999999999999979       0.29980727859838002        2.6162316150741168E-002
 -0.25499999999999978       0.29231828348138406        2.3461711082737396E-002
 -0.24999999999999978       0.32502539902339062        2.8352782751856945E-002
 -0.24499999999999977       0.39983458139449685        3.2795082105799157E-002
 -0.23999999999999977       0.36385054839765979        2.2437837406179200E-002
 -0.23499999999999976       0.38776599889146318        2.3601683049339555E-002
 -0.22999999999999976       0.50199794301675227        4.2160845193740991E-002
 -0.22499999999999976       0.47353603861643356        3.0460403124835486E-002
 -0.21999999999999975       0.60561296149678268        4.6672546976816727E-002
 -0.21499999999999975       0.64937551445435759        4.8437707734473756E-002
 -0.20999999999999974       0.65864427046941365        3.9123689601264007E-002
 -0.20499999999999974       0.78911042035185575        4.6046399732823262E-002
 -0.19999999999999973       0.94910394165749723        5.3170395099044122E-002
 -0.19499999999999973       0.89544204466110133        4.6505551015847635E-002
 -0.18999999999999972        1.0793654435140683        5.9439767024750345E-002
 -0.18499999999999972        1.2350827420945896        6.1785940242933879E-002
 -0.17999999999999972        1.5314878689954448        8.3975363687642690E-002
 -0.17499999999999971        1.5909462960471916        7.6225165631887123E-002
 -0.16999999999999971        2.0121380064944190        9.8218078980908424E-002
 -0.16499999999999970        2.4367202049492267       0.11077169543519814     
 -0.15999999999999970        2.6337648510600853       0.11612436750885002     
 -0.15499999999999969        3.0743473057448019       0.12376425395552391     
 -0.14999999999999969        3.5480451288181163       0.13130356572825760     
 -0.14499999999999968        4.3072741154838328       0.15627794696769981     
 -0.13999999999999968        5.1384585950570614       0.16859505038119635     
 -0.13499999999999968        6.5793021251045953       0.20612854380252280     
 -0.12999999999999967        8.4690437651353037       0.26293606176521772     
 -0.12499999999999967        10.464828294482139       0.28401142813740871     
 -0.11999999999999966        13.011471936116386       0.31655564064200414     
 -0.11499999999999966        18.180984180450395       0.40610895803519309     
 -0.10999999999999965        25.730972060943042       0.50140778428381527     
 -0.10499999999999965        36.107799293552425       0.59871158445801775     
  -9.9999999999999645E-002   52.113435208551252       0.73130779171697091     
  -9.4999999999999640E-002   71.746084269280672       0.87624026085653639     
  -8.9999999999999636E-002   80.482594773865060       0.85852239104356376     
  -8.4999999999999631E-002   78.693947340205270       0.76388569311330679     
  -7.9999999999999627E-002   72.267550458036993       0.67657366996529866     
  -7.4999999999999623E-002   63.826014598283884       0.56785790453689811     
  -6.9999999999999618E-002   56.753061580021871       0.48027440111350028     
  -6.4999999999999614E-002   51.420302204853115       0.42702949026658743     
  -5.9999999999999616E-002   46.851559594588124       0.37248132050160165     
  -5.4999999999999619E-002   43.086183946932579       0.31768725215717625     
  -4.9999999999999621E-002   40.435339743438782       0.27369576535475632     
  -4.4999999999999624E-002   38.735775565020539       0.25134775001678927     
  -3.9999999999999626E-002   37.199493319202141       0.21313289472759717     
  -3.4999999999999629E-002   36.475035475738274       0.19410317459719204     
  -2.9999999999999628E-002   36.489967849845875       0.18093154007221959     
  -2.4999999999999627E-002   37.028827613173426       0.16598456829807617     
  -1.9999999999999626E-002   38.775301447013696       0.16000785481692381     
  -1.4999999999999625E-002   41.715278779061990       0.14425564362525820     
  -9.9999999999996238E-003   48.819494461557042       0.15116933334645768     
  -4.9999999999996237E-003   87.052075606799733       0.14062118956425196     
   3.7643499428696714E-016   86.973829400042618       0.13828980482910999     
   5.0000000000003765E-003   48.716324043600494       0.13841400036471493     
   1.0000000000000377E-002   41.876137658715457       0.15050736017100638     
   1.5000000000000378E-002   38.682272525187145       0.16070845006887755     
   2.0000000000000379E-002   36.683007692632053       0.16158440735535362     
   2.5000000000000380E-002   36.475759122208238       0.18286121877758060     
   3.0000000000000377E-002   36.808773989616846       0.19907691313615331     
   3.5000000000000378E-002   37.577036953350202       0.22856369020474690     
   4.0000000000000376E-002   38.972197880080927       0.25078362366638518     
   4.5000000000000373E-002   41.031919778798439       0.28629497651963126     
   5.0000000000000371E-002   43.306846328793370       0.31545950674784501     
   5.5000000000000368E-002   46.839340737793208       0.36983009250231602     
   6.0000000000000366E-002   50.733380942659210       0.40465709533473432     
   6.5000000000000363E-002   57.151828995328380       0.48224597932433516     
   7.0000000000000367E-002   64.225436366912675       0.56998537505332103     
   7.5000000000000372E-002   71.949203008773992       0.65782703233656170     
   8.0000000000000376E-002   79.347930809306149       0.77474030829327623     
   8.5000000000000381E-002   78.931857415193392       0.83324530576809486     
   9.0000000000000385E-002   68.573800354561527       0.80985405790760523     
   9.5000000000000390E-002   53.656687830676077       0.76048677261350695     
  0.10000000000000039        36.929504161423601       0.60638770271673248     
  0.10500000000000040        25.954296784470731       0.51526398534939677     
  0.11000000000000040        17.962275638506270       0.38682472892926711     
  0.11500000000000041        13.020246527088197       0.30620164301819291     
  0.12000000000000041        10.256983903981023       0.28669586086466287     
  0.12500000000000042        7.9538317126190279       0.23091453956014130     
  0.13000000000000042        6.4809670059131976       0.20414321953483083     
  0.13500000000000043        5.2925442571890295       0.18092809284751676     
  0.14000000000000043        4.2088118230723914       0.15328727226729652     
  0.14500000000000043        3.5970915155759080       0.14563822749531333     
  0.15000000000000044        2.9132715107676237       0.12255813533470815     
  0.15500000000000044        2.4684670309686307        9.9610846322458160E-002
  0.16000000000000045        2.2722977049987310       0.10505110853074370     
  0.16500000000000045        1.9221442643739155        8.9185535732582269E-002
  0.17000000000000046        1.7245301100843820        9.0789854835469891E-002
  0.17500000000000046        1.5275426245371377        8.0601277398745716E-002
  0.18000000000000047        1.3364756135105882        7.3868078744516480E-002
  0.18500000000000047        1.0368467941967605        5.3633978259655365E-002
  0.19000000000000047       0.92242498405876916        5.6224613617172174E-002
  0.19500000000000048       0.88417616303754931        5.7358421912693885E-002
  0.20000000000000048       0.76950062118937912        5.1985407944776546E-002
  0.20500000000000049       0.69875486464489245        4.0101171461467640E-002
  0.21000000000000049       0.59449878831899627        3.0847822506074065E-002
  0.21500000000000050       0.53093362859267978        3.0281435355046075E-002
  0.22000000000000050       0.49637091611752365        3.4778949783014955E-002
  0.22500000000000051       0.46383787561700324        4.3913564073399143E-002
  0.23000000000000051       0.41214118953067491        3.2509555215991873E-002
  0.23500000000000051       0.47457866100947887        4.4895737065926929E-002
  0.24000000000000052       0.36574243075502194        2.9602819920727313E-002
  0.24500000000000050       0.30834173259443926        2.8162463100124092E-002
  0.25000000000000050       0.37085507986788663        3.2627895287409357E-002
  0.25500000000000050       0.31972717863600369        2.8786765403616996E-002
  0.26000000000000051       0.22420287151480034        1.5271103034948989E-002
  0.26500000000000051       0.20596363654341679        1.3226836700047265E-002
  0.27000000000000052       0.22095212025768449        2.0445284099540075E-002
  0.27500000000000052       0.19762485374956881        1.7268398540824129E-002
  0.28000000000000053       0.21353620592148120        2.2789888258901565E-002
  0.28500000000000053       0.17085500376921620        2.0411535604128655E-002
  0.29000000000000054       0.19271380229640078        1.6764309863051236E-002
  0.29500000000000054       0.15604175032124287        1.3884610020303560E-002
  0.30000000000000054       0.14579680933139880        1.2828779366163992E-002
  0.30500000000000055       0.16914116544203070        2.1254434979880495E-002
  0.31000000000000055       0.12795049070132167        1.1433436041074857E-002
  0.31500000000000056       0.14011786396805917        1.6904126978655183E-002
  0.32000000000000056       0.11732923334696657        1.2689494433549702E-002
  0.32500000000000057       0.11618107082984118        1.2192692285447691E-002
  0.33000000000000057       0.10494524843674023        1.3276773342993023E-002
  0.33500000000000058       0.10982007935064171        1.0640537248496491E-002
  0.34000000000000058       0.12441849307790484        2.1418889974101355E-002
  0.34500000000000058        6.8650098581835003E-002   5.9182741004996974E-003
  0.35000000000000059        8.6193066109071015E-002   9.6774878556218167E-003
  0.35500000000000059        9.6602562790483487E-002   1.7778463510003565E-002
  0.36000000000000060        7.0720834646594177E-002   9.4335682831876225E-003
  0.36500000000000060        7.3219713147480853E-002   1.4184360516946609E-002
  0.37000000000000061        9.1144221958068219E-002   1.2105879132104275E-002
  0.37500000000000061        7.0331979582619955E-002   1.0638960807527060E-002
  0.38000000000000062        7.4452901093685978E-002   1.0675103678165878E-002
  0.38500000000000062        5.1664489611399550E-002   5.3007861605157526E-003
  0.39000000000000062        6.0466766325468685E-002   7.5757498298633626E-003
  0.39500000000000063        6.3264291185446339E-002   1.7033632953288674E-002
  0.40000000000000063        5.4815277960620350E-002   8.0006956201947588E-003
  0.40500000000000064        5.2433676601758586E-002   5.7787334054017966E-003
  0.41000000000000064        3.1883175006151815E-002   2.5803161816651279E-003
  0.41500000000000065        5.5213228811830717E-002   1.0657561963410063E-002
  0.42000000000000065        3.4055794365095766E-002   3.4284774139369937E-003
  0.42500000000000066        3.9462634333649119E-002   4.1225024349387431E-003
  0.43000000000000066        5.6493503902333431E-002   1.7113524284111104E-002
  0.43500000000000066        3.2859331381050197E-002   2.8596909929375562E-003
  0.44000000000000067        3.1461829392778418E-002   3.6537381891505439E-003
  0.44500000000000067        3.7991689397372692E-002   4.7704973050606740E-003
  0.45000000000000068        4.8080665087401206E-002   8.1581545132258498E-003
  0.45500000000000068        5.4615678920220879E-002   1.7810606003813182E-002
  0.46000000000000069        4.0944382593690792E-002   1.0434569150283585E-002
  0.46500000000000069        3.6836476434899013E-002   8.4015387407840487E-003
  0.47000000000000069        2.3605330138639195E-002   3.5403087624650705E-003
  0.47500000000000070        4.1667408997627157E-002   9.7024398726721986E-003
  0.48000000000000070        3.1862799857050199E-002   7.7021707297408593E-003
  0.48500000000000071        2.6795718835702358E-002   5.7335775173703316E-003
  0.49000000000000071        2.7832890760391686E-002   5.0751936162664714E-003
  0.49500000000000066        2.9065834528038712E-002   4.4024835600387380E-003
