  0.59999999999999998        12.519956857719597       0.19641142881553553     
  0.60599999999999998        12.790089399779925       0.19210189758979168     
  0.61199999999999999        13.183837736446010       0.20084432086708492     
  0.61799999999999999        12.925478511590359       0.17652858915744082     
  0.62400000000000000        12.976753978731983       0.17934525887773320     
  0.63000000000000000        13.687998648341296       0.20193776938153982     
  0.63600000000000001        13.980554784127630       0.21012911977002410     
  0.64200000000000002        13.950885657818777       0.20138229918407971     
  0.64800000000000002        14.073303357051723       0.19572369594744995     
  0.65400000000000003        14.312854937461909       0.19957389575547729     
  0.66000000000000003        14.706212510131294       0.20971230948771694     
  0.66600000000000004        14.715411125448005       0.20247111039686524     
  0.67200000000000004        14.855727692169115       0.20663193332749286     
  0.67800000000000005        15.110681934524772       0.19785328415784642     
  0.68400000000000005        15.578663278321420       0.22185710343605414     
  0.69000000000000006        15.632071509561499       0.20879729345209511     
  0.69600000000000006        15.882871597973184       0.21511741653789965     
  0.70200000000000007        16.103900993843016       0.20954259829905914     
  0.70800000000000007        16.337412696740056       0.21683154933772875     
  0.71400000000000008        16.027695454587803       0.19723258021688375     
  0.72000000000000008        16.749848846380573       0.22041912959113075     
  0.72600000000000009        16.802052098409611       0.22170800765504203     
  0.73200000000000010        17.037563178764792       0.21576556260413976     
  0.73800000000000010        17.198578323080628       0.21888881563009668     
  0.74400000000000011        17.802959785018604       0.22433534311936848     
  0.75000000000000011        17.743384567384147       0.22713717522029614     
  0.75600000000000012        18.118484523319758       0.22859192970040393     
  0.76200000000000012        18.563834689689717       0.23616877160184424     
  0.76800000000000013        18.236858147556479       0.22224176898391468     
  0.77400000000000013        18.782545198166464       0.22614492058889182     
  0.78000000000000014        18.872486083330102       0.22725415408195124     
  0.78600000000000014        18.872677088587011       0.22037691605036350     
  0.79200000000000015        19.576092320426582       0.23629431668052975     
  0.79800000000000015        19.773212738348718       0.23919776424228589     
  0.80400000000000016        19.768229090037654       0.23679542484499877     
  0.81000000000000016        20.079688467876323       0.23115010803640762     
  0.81600000000000017        20.547642765561509       0.23920065370400617     
  0.82200000000000017        20.475968034216997       0.23080619166532665     
  0.82800000000000018        21.155203146819904       0.25435270459515108     
  0.83400000000000019        21.320473380887361       0.24710930860859401     
  0.84000000000000019        21.220047562030668       0.22994894537266666     
  0.84600000000000020        21.888878035118005       0.24730402441547919     
  0.85200000000000020        21.915990234957089       0.23396355371614139     
  0.85800000000000021        22.894545553844708       0.26366269968215766     
  0.86400000000000021        23.641912003643426       0.26830586864394057     
  0.87000000000000022        23.666201174342731       0.26805129045522386     
  0.87600000000000022        23.952088837896692       0.25861534057862329     
  0.88200000000000023        24.066087911540741       0.25224963632850939     
  0.88800000000000023        24.969624118917761       0.26962598067212645     
  0.89400000000000024        25.466096926040944       0.27168576946809336     
  0.90000000000000024        25.549095290019324       0.25870075155028094     
  0.90600000000000025        26.656188863471026       0.28206548690650479     
  0.91200000000000025        27.709682749404202       0.28863797211432873     
  0.91800000000000026        27.678434205377311       0.27808307046505465     
  0.92400000000000027        28.629739996287668       0.27480158781143527     
  0.93000000000000027        29.335926913531090       0.28533471457308579     
  0.93600000000000028        30.837343042173295       0.29767002803462383     
  0.94200000000000028        31.582576690907004       0.29538416081547664     
  0.94800000000000029        32.536203506741010       0.29032929453731282     
  0.95400000000000029        34.509438819652843       0.31461749136648232     
  0.96000000000000030        36.325129752153828       0.31572737128149764     
  0.96600000000000030        38.291159769462297       0.33326680760716393     
  0.97200000000000031        40.358051953422802       0.33228167567806471     
  0.97800000000000031        43.963160170980103       0.36631522377823267     
  0.98400000000000032        46.865192716123858       0.38820912846650502     
  0.99000000000000032        46.590223733473685       0.37179452342438440     
  0.99600000000000022        42.424118532560492       0.35135850695462739     
   1.0020000000000002        34.298184941314076       0.30785783013030649     
   1.0080000000000002        25.992261838832110       0.25605797885521964     
   1.0140000000000002        19.927599540032595       0.20836702831812634     
   1.0200000000000002        15.647385275040898       0.16636773303714750     
   1.0260000000000002        13.273210171995057       0.14441343457820938     
   1.0320000000000003        11.164386704933827       0.11783708740158759     
   1.0380000000000003        9.8734804138787826        9.6918670387020178E-002
   1.0440000000000003        9.0781171181605771        9.0869045499121281E-002
   1.0500000000000003        7.9538145184718747        7.0749136523572495E-002
   1.0560000000000003        7.6269143528699237        6.3881998127263209E-002
   1.0620000000000003        7.0106343324879177        5.5259041194190124E-002
   1.0680000000000003        6.5993377694617816        4.7938813202136991E-002
   1.0740000000000003        6.3166643492995123        4.1376546158143332E-002
   1.0800000000000003        5.9494197957473602        3.4603508993058515E-002
   1.0860000000000003        5.6481826556759840        2.7942525034593602E-002
   1.0920000000000003        3.4217041439823142        1.6293936099062049E-002
   1.0980000000000003        0.0000000000000000        0.0000000000000000     
   1.1040000000000003        0.0000000000000000        0.0000000000000000     
   1.1100000000000003        0.0000000000000000        0.0000000000000000     
   1.1160000000000003        0.0000000000000000        0.0000000000000000     
   1.1220000000000003        0.0000000000000000        0.0000000000000000     
   1.1280000000000003        0.0000000000000000        0.0000000000000000     
   1.1340000000000003        0.0000000000000000        0.0000000000000000     
   1.1400000000000003        0.0000000000000000        0.0000000000000000     
   1.1460000000000004        0.0000000000000000        0.0000000000000000     
   1.1520000000000004        0.0000000000000000        0.0000000000000000     
   1.1580000000000004        0.0000000000000000        0.0000000000000000     
   1.1640000000000004        0.0000000000000000        0.0000000000000000     
   1.1700000000000004        0.0000000000000000        0.0000000000000000     
   1.1760000000000004        0.0000000000000000        0.0000000000000000     
   1.1820000000000004        0.0000000000000000        0.0000000000000000     
   1.1880000000000004        0.0000000000000000        0.0000000000000000     
   1.1940000000000004        0.0000000000000000        0.0000000000000000     
   1.2000000000000004        0.0000000000000000        0.0000000000000000     
   1.2060000000000004        0.0000000000000000        0.0000000000000000     
   1.2120000000000004        0.0000000000000000        0.0000000000000000     
   1.2180000000000004        0.0000000000000000        0.0000000000000000     
   1.2240000000000004        0.0000000000000000        0.0000000000000000     
   1.2300000000000004        0.0000000000000000        0.0000000000000000     
   1.2360000000000004        0.0000000000000000        0.0000000000000000     
   1.2420000000000004        0.0000000000000000        0.0000000000000000     
   1.2480000000000004        0.0000000000000000        0.0000000000000000     
   1.2540000000000004        0.0000000000000000        0.0000000000000000     
   1.2600000000000005        0.0000000000000000        0.0000000000000000     
   1.2660000000000005        0.0000000000000000        0.0000000000000000     
   1.2720000000000005        0.0000000000000000        0.0000000000000000     
   1.2780000000000005        0.0000000000000000        0.0000000000000000     
   1.2840000000000005        0.0000000000000000        0.0000000000000000     
   1.2900000000000005        0.0000000000000000        0.0000000000000000     
   1.2960000000000005        0.0000000000000000        0.0000000000000000     
   1.3020000000000005        0.0000000000000000        0.0000000000000000     
   1.3080000000000005        0.0000000000000000        0.0000000000000000     
   1.3140000000000005        0.0000000000000000        0.0000000000000000     
   1.3200000000000005        0.0000000000000000        0.0000000000000000     
   1.3260000000000005        0.0000000000000000        0.0000000000000000     
   1.3320000000000005        0.0000000000000000        0.0000000000000000     
   1.3380000000000005        0.0000000000000000        0.0000000000000000     
   1.3440000000000005        0.0000000000000000        0.0000000000000000     
   1.3500000000000005        0.0000000000000000        0.0000000000000000     
   1.3560000000000005        0.0000000000000000        0.0000000000000000     
   1.3620000000000005        0.0000000000000000        0.0000000000000000     
   1.3680000000000005        0.0000000000000000        0.0000000000000000     
   1.3740000000000006        0.0000000000000000        0.0000000000000000     
   1.3800000000000006        0.0000000000000000        0.0000000000000000     
   1.3860000000000006        0.0000000000000000        0.0000000000000000     
   1.3920000000000006        0.0000000000000000        0.0000000000000000     
   1.3980000000000006        0.0000000000000000        0.0000000000000000     
   1.4040000000000006        0.0000000000000000        0.0000000000000000     
   1.4100000000000006        0.0000000000000000        0.0000000000000000     
   1.4160000000000006        0.0000000000000000        0.0000000000000000     
   1.4220000000000006        0.0000000000000000        0.0000000000000000     
   1.4280000000000006        0.0000000000000000        0.0000000000000000     
   1.4340000000000006        0.0000000000000000        0.0000000000000000     
   1.4400000000000006        0.0000000000000000        0.0000000000000000     
   1.4460000000000006        0.0000000000000000        0.0000000000000000     
   1.4520000000000006        0.0000000000000000        0.0000000000000000     
   1.4580000000000006        0.0000000000000000        0.0000000000000000     
   1.4640000000000006        0.0000000000000000        0.0000000000000000     
   1.4700000000000006        0.0000000000000000        0.0000000000000000     
   1.4760000000000006        0.0000000000000000        0.0000000000000000     
   1.4820000000000007        0.0000000000000000        0.0000000000000000     
   1.4880000000000007        0.0000000000000000        0.0000000000000000     
   1.4940000000000007        0.0000000000000000        0.0000000000000000     
   1.5000000000000007        0.0000000000000000        0.0000000000000000     
   1.5060000000000007        0.0000000000000000        0.0000000000000000     
   1.5120000000000007        0.0000000000000000        0.0000000000000000     
   1.5180000000000007        0.0000000000000000        0.0000000000000000     
   1.5240000000000007        0.0000000000000000        0.0000000000000000     
   1.5300000000000007        0.0000000000000000        0.0000000000000000     
   1.5360000000000007        0.0000000000000000        0.0000000000000000     
   1.5420000000000007        0.0000000000000000        0.0000000000000000     
   1.5480000000000007        0.0000000000000000        0.0000000000000000     
   1.5540000000000007        0.0000000000000000        0.0000000000000000     
   1.5600000000000007        0.0000000000000000        0.0000000000000000     
   1.5660000000000007        0.0000000000000000        0.0000000000000000     
   1.5720000000000007        0.0000000000000000        0.0000000000000000     
   1.5780000000000007        0.0000000000000000        0.0000000000000000     
   1.5840000000000007        0.0000000000000000        0.0000000000000000     
   1.5900000000000007        0.0000000000000000        0.0000000000000000     
   1.5960000000000008        0.0000000000000000        0.0000000000000000     
   1.6020000000000008        0.0000000000000000        0.0000000000000000     
   1.6080000000000008        0.0000000000000000        0.0000000000000000     
   1.6140000000000008        0.0000000000000000        0.0000000000000000     
   1.6200000000000008        0.0000000000000000        0.0000000000000000     
   1.6260000000000008        0.0000000000000000        0.0000000000000000     
   1.6320000000000008        0.0000000000000000        0.0000000000000000     
   1.6380000000000008        0.0000000000000000        0.0000000000000000     
   1.6440000000000008        0.0000000000000000        0.0000000000000000     
   1.6500000000000008        0.0000000000000000        0.0000000000000000     
   1.6560000000000008        0.0000000000000000        0.0000000000000000     
   1.6620000000000008        0.0000000000000000        0.0000000000000000     
   1.6680000000000008        0.0000000000000000        0.0000000000000000     
   1.6740000000000008        0.0000000000000000        0.0000000000000000     
   1.6800000000000008        0.0000000000000000        0.0000000000000000     
   1.6860000000000008        0.0000000000000000        0.0000000000000000     
   1.6920000000000008        0.0000000000000000        0.0000000000000000     
   1.6980000000000008        0.0000000000000000        0.0000000000000000     
   1.7040000000000008        0.0000000000000000        0.0000000000000000     
   1.7100000000000009        0.0000000000000000        0.0000000000000000     
   1.7160000000000009        0.0000000000000000        0.0000000000000000     
   1.7220000000000009        0.0000000000000000        0.0000000000000000     
   1.7280000000000009        0.0000000000000000        0.0000000000000000     
   1.7340000000000009        0.0000000000000000        0.0000000000000000     
   1.7400000000000009        0.0000000000000000        0.0000000000000000     
   1.7460000000000009        0.0000000000000000        0.0000000000000000     
   1.7520000000000009        0.0000000000000000        0.0000000000000000     
   1.7580000000000009        0.0000000000000000        0.0000000000000000     
   1.7640000000000009        0.0000000000000000        0.0000000000000000     
   1.7700000000000009        0.0000000000000000        0.0000000000000000     
   1.7760000000000009        0.0000000000000000        0.0000000000000000     
   1.7820000000000009        0.0000000000000000        0.0000000000000000     
   1.7880000000000009        0.0000000000000000        0.0000000000000000     
   1.7940000000000009        0.0000000000000000        0.0000000000000000     
