  0.59999999999999998        9.9297043905034119E-003   3.6490280296964245E-003
  0.60599999999999998        7.2541567808706948E-003   1.6658428321390710E-003
  0.61199999999999999        1.8089307385634749E-002   4.7099462501272336E-003
  0.61799999999999999        2.5154558692247386        9.1713614387048864E-002
  0.62400000000000000        8.3332161198923256       0.13756789413095813     
  0.63000000000000000        9.1049119245403833       0.16251376256758454     
  0.63600000000000001        9.4710491862760033       0.16626646496849481     
  0.64200000000000002        9.6801408956430297       0.16696095471993125     
  0.64800000000000002        9.7275531171640957       0.15427483994377791     
  0.65400000000000003        10.333827489096084       0.17778637434862379     
  0.66000000000000003        10.101803619858941       0.15549411970593985     
  0.66600000000000004        10.838766735350925       0.18483026233554545     
  0.67200000000000004        10.889713335604812       0.17817250518985950     
  0.67800000000000005        11.027530402046645       0.18355856257129261     
  0.68400000000000005        11.128921865621557       0.18229746656642817     
  0.69000000000000006        11.171452506509558       0.17740363120460390     
  0.69600000000000006        11.617641075563206       0.18945037558922814     
  0.70200000000000007        11.356346402713296       0.16444376679004091     
  0.70800000000000007        11.355951833266728       0.16608084646843241     
  0.71400000000000008        11.776913436370480       0.17700673508003084     
  0.72000000000000008        12.113981849948226       0.18865543041780969     
  0.72600000000000009        12.317690274641821       0.19464199684190694     
  0.73200000000000010        12.187351566083235       0.18542382367834523     
  0.73800000000000010        12.326945288161260       0.17892723339774955     
  0.74400000000000011        12.617033246485882       0.18889104265986648     
  0.75000000000000011        12.969244532925735       0.19631031904111376     
  0.75600000000000012        12.841543025784970       0.18688814857362068     
  0.76200000000000012        13.074388002140408       0.19489984673338220     
  0.76800000000000013        13.151989110583189       0.18219085091286658     
  0.77400000000000013        13.285692667717447       0.19142038726736421     
  0.78000000000000014        13.874589067137006       0.21042138754656528     
  0.78600000000000014        13.636148542827527       0.18847075687100850     
  0.79200000000000015        13.936915492444482       0.19449247087449656     
  0.79800000000000015        14.227124957145504       0.20080880692607120     
  0.80400000000000016        14.300609092150967       0.20163780270912512     
  0.81000000000000016        14.165632903857409       0.18720908887660087     
  0.81600000000000017        14.403606478315947       0.19407418458872361     
  0.82200000000000017        14.654398875780217       0.21106490586570067     
  0.82800000000000018        14.767295147317464       0.19717544731363701     
  0.83400000000000019        15.110736567023805       0.20532641935252141     
  0.84000000000000019        15.117199435047809       0.20016967072736305     
  0.84600000000000020        15.588874491932867       0.20818328375754169     
  0.85200000000000020        15.482986405066230       0.20759275654118459     
  0.85800000000000021        15.809856496436236       0.21169197327903563     
  0.86400000000000021        16.042478842912526       0.21519855564068441     
  0.87000000000000022        16.234290101690029       0.21904095648067690     
  0.87600000000000022        16.266413918746121       0.20694100709721280     
  0.88200000000000023        16.469853506500524       0.21021601236857179     
  0.88800000000000023        16.614758137019876       0.21546765983385402     
  0.89400000000000024        16.618680898386788       0.20424175005961473     
  0.90000000000000024        17.226190009762103       0.21900191744378136     
  0.90600000000000025        17.282047979802108       0.22451914923940097     
  0.91200000000000025        17.233767951669051       0.21374157413367928     
  0.91800000000000026        17.500852417972503       0.22071455047522337     
  0.92400000000000027        17.723568379998227       0.21236994168591694     
  0.93000000000000027        17.903351425866212       0.21587638846845406     
  0.93600000000000028        18.161762381849229       0.22247207108783978     
  0.94200000000000028        18.785013962473553       0.24345928335654496     
  0.94800000000000029        18.539803633289299       0.22364964692600267     
  0.95400000000000029        18.659626425433345       0.21741529887624764     
  0.96000000000000030        18.907123832931269       0.22152957660255401     
  0.96600000000000030        19.419265061302152       0.22490545306407772     
  0.97200000000000031        19.635261804402791       0.23554902690099255     
  0.97800000000000031        20.524376756596844       0.24856314000531862     
  0.98400000000000032        20.747252840949624       0.24872206121317439     
  0.99000000000000032        20.689695647628152       0.24596459363027978     
  0.99600000000000022        20.748069116509377       0.23504022461807733     
   1.0020000000000002        21.194463762632846       0.23548957962377026     
   1.0080000000000002        21.642641841976559       0.24285606106790569     
   1.0140000000000002        22.055109484834702       0.24262919679050587     
   1.0200000000000002        22.731261892223419       0.25866493196641638     
   1.0260000000000002        22.756175872151800       0.24378153873967667     
   1.0320000000000003        23.739363835518486       0.27018492897823332     
   1.0380000000000003        24.243659466244125       0.26496775069051781     
   1.0440000000000003        24.391808091100319       0.25704659409067759     
   1.0500000000000003        25.166251407233464       0.25683676403828154     
   1.0560000000000003        25.753784844061034       0.26713700015539077     
   1.0620000000000003        26.607301792421556       0.26873323118303544     
   1.0680000000000003        27.611989840160511       0.28103257462477077     
   1.0740000000000003        27.934416873420798       0.26648672320476768     
   1.0800000000000003        29.408378496193986       0.28313116185309378     
   1.0860000000000003        30.727618610960921       0.29310113915252539     
   1.0920000000000003        31.835084814486020       0.29060563782693077     
   1.0980000000000003        33.804500544597261       0.31098379014680444     
   1.1040000000000003        35.338896342500504       0.30955626898394989     
   1.1100000000000003        38.026223345416980       0.33495257941032458     
   1.1160000000000003        40.682131372218372       0.35951467948002080     
   1.1220000000000003        41.487206923468030       0.35512207615176311     
   1.1280000000000003        39.128886711442711       0.33042506960788015     
   1.1340000000000003        35.034039077907799       0.31644366853780737     
   1.1400000000000003        28.127802845320250       0.27457501154755670     
   1.1460000000000004        21.914470910463855       0.22817743217537004     
   1.1520000000000004        17.450087174858808       0.19477002591634388     
   1.1580000000000004        13.997834958462732       0.15653019236273091     
   1.1640000000000004        12.101539642978816       0.13870363770224922     
   1.1700000000000004        10.301138055714690       0.11610086504781142     
   1.1760000000000004        9.2353264994979654        9.9180098213041856E-002
   1.1820000000000004        8.3547667696121124        8.7634036289660308E-002
   1.1880000000000004        7.6333931593193132        7.7820912787240043E-002
   1.1940000000000004        6.9894193241456808        6.5138228918594887E-002
   1.2000000000000004        6.6567786583716320        5.8079634764778128E-002
   1.2060000000000004        6.1932581045692183        5.1678725026727476E-002
   1.2120000000000004        5.8633782701516273        4.5159162721519597E-002
   1.2180000000000004        5.6319142437307974        4.0099755542048102E-002
   1.2240000000000004        5.3848003848403296        3.4312102562542489E-002
   1.2300000000000004        5.1194084382157152        2.8606433830226249E-002
   1.2360000000000004        4.6836093058139836        2.1926981386837713E-002
   1.2420000000000004       0.98191421295268122        7.2016070192608122E-003
   1.2480000000000004        0.0000000000000000        0.0000000000000000     
   1.2540000000000004        0.0000000000000000        0.0000000000000000     
   1.2600000000000005        0.0000000000000000        0.0000000000000000     
   1.2660000000000005        0.0000000000000000        0.0000000000000000     
   1.2720000000000005        0.0000000000000000        0.0000000000000000     
   1.2780000000000005        0.0000000000000000        0.0000000000000000     
   1.2840000000000005        0.0000000000000000        0.0000000000000000     
   1.2900000000000005        0.0000000000000000        0.0000000000000000     
   1.2960000000000005        0.0000000000000000        0.0000000000000000     
   1.3020000000000005        0.0000000000000000        0.0000000000000000     
   1.3080000000000005        0.0000000000000000        0.0000000000000000     
   1.3140000000000005        0.0000000000000000        0.0000000000000000     
   1.3200000000000005        0.0000000000000000        0.0000000000000000     
   1.3260000000000005        0.0000000000000000        0.0000000000000000     
   1.3320000000000005        0.0000000000000000        0.0000000000000000     
   1.3380000000000005        0.0000000000000000        0.0000000000000000     
   1.3440000000000005        0.0000000000000000        0.0000000000000000     
   1.3500000000000005        0.0000000000000000        0.0000000000000000     
   1.3560000000000005        0.0000000000000000        0.0000000000000000     
   1.3620000000000005        0.0000000000000000        0.0000000000000000     
   1.3680000000000005        0.0000000000000000        0.0000000000000000     
   1.3740000000000006        0.0000000000000000        0.0000000000000000     
   1.3800000000000006        0.0000000000000000        0.0000000000000000     
   1.3860000000000006        0.0000000000000000        0.0000000000000000     
   1.3920000000000006        0.0000000000000000        0.0000000000000000     
   1.3980000000000006        0.0000000000000000        0.0000000000000000     
   1.4040000000000006        0.0000000000000000        0.0000000000000000     
   1.4100000000000006        0.0000000000000000        0.0000000000000000     
   1.4160000000000006        0.0000000000000000        0.0000000000000000     
   1.4220000000000006        0.0000000000000000        0.0000000000000000     
   1.4280000000000006        0.0000000000000000        0.0000000000000000     
   1.4340000000000006        0.0000000000000000        0.0000000000000000     
   1.4400000000000006        0.0000000000000000        0.0000000000000000     
   1.4460000000000006        0.0000000000000000        0.0000000000000000     
   1.4520000000000006        0.0000000000000000        0.0000000000000000     
   1.4580000000000006        0.0000000000000000        0.0000000000000000     
   1.4640000000000006        0.0000000000000000        0.0000000000000000     
   1.4700000000000006        0.0000000000000000        0.0000000000000000     
   1.4760000000000006        0.0000000000000000        0.0000000000000000     
   1.4820000000000007        0.0000000000000000        0.0000000000000000     
   1.4880000000000007        0.0000000000000000        0.0000000000000000     
   1.4940000000000007        0.0000000000000000        0.0000000000000000     
   1.5000000000000007        0.0000000000000000        0.0000000000000000     
   1.5060000000000007        0.0000000000000000        0.0000000000000000     
   1.5120000000000007        0.0000000000000000        0.0000000000000000     
   1.5180000000000007        0.0000000000000000        0.0000000000000000     
   1.5240000000000007        0.0000000000000000        0.0000000000000000     
   1.5300000000000007        0.0000000000000000        0.0000000000000000     
   1.5360000000000007        0.0000000000000000        0.0000000000000000     
   1.5420000000000007        0.0000000000000000        0.0000000000000000     
   1.5480000000000007        0.0000000000000000        0.0000000000000000     
   1.5540000000000007        0.0000000000000000        0.0000000000000000     
   1.5600000000000007        0.0000000000000000        0.0000000000000000     
   1.5660000000000007        0.0000000000000000        0.0000000000000000     
   1.5720000000000007        0.0000000000000000        0.0000000000000000     
   1.5780000000000007        0.0000000000000000        0.0000000000000000     
   1.5840000000000007        0.0000000000000000        0.0000000000000000     
   1.5900000000000007        0.0000000000000000        0.0000000000000000     
   1.5960000000000008        0.0000000000000000        0.0000000000000000     
   1.6020000000000008        0.0000000000000000        0.0000000000000000     
   1.6080000000000008        0.0000000000000000        0.0000000000000000     
   1.6140000000000008        0.0000000000000000        0.0000000000000000     
   1.6200000000000008        0.0000000000000000        0.0000000000000000     
   1.6260000000000008        0.0000000000000000        0.0000000000000000     
   1.6320000000000008        0.0000000000000000        0.0000000000000000     
   1.6380000000000008        0.0000000000000000        0.0000000000000000     
   1.6440000000000008        0.0000000000000000        0.0000000000000000     
   1.6500000000000008        0.0000000000000000        0.0000000000000000     
   1.6560000000000008        0.0000000000000000        0.0000000000000000     
   1.6620000000000008        0.0000000000000000        0.0000000000000000     
   1.6680000000000008        0.0000000000000000        0.0000000000000000     
   1.6740000000000008        0.0000000000000000        0.0000000000000000     
   1.6800000000000008        0.0000000000000000        0.0000000000000000     
   1.6860000000000008        0.0000000000000000        0.0000000000000000     
   1.6920000000000008        0.0000000000000000        0.0000000000000000     
   1.6980000000000008        0.0000000000000000        0.0000000000000000     
   1.7040000000000008        0.0000000000000000        0.0000000000000000     
   1.7100000000000009        0.0000000000000000        0.0000000000000000     
   1.7160000000000009        0.0000000000000000        0.0000000000000000     
   1.7220000000000009        0.0000000000000000        0.0000000000000000     
   1.7280000000000009        0.0000000000000000        0.0000000000000000     
   1.7340000000000009        0.0000000000000000        0.0000000000000000     
   1.7400000000000009        0.0000000000000000        0.0000000000000000     
   1.7460000000000009        0.0000000000000000        0.0000000000000000     
   1.7520000000000009        0.0000000000000000        0.0000000000000000     
   1.7580000000000009        0.0000000000000000        0.0000000000000000     
   1.7640000000000009        0.0000000000000000        0.0000000000000000     
   1.7700000000000009        0.0000000000000000        0.0000000000000000     
   1.7760000000000009        0.0000000000000000        0.0000000000000000     
   1.7820000000000009        0.0000000000000000        0.0000000000000000     
   1.7880000000000009        0.0000000000000000        0.0000000000000000     
   1.7940000000000009        0.0000000000000000        0.0000000000000000     
