  -6.0000000000000000        0.0000000000000000        0.0000000000000000     
  -5.9000000000000004        0.0000000000000000        0.0000000000000000     
  -5.8000000000000007        0.0000000000000000        0.0000000000000000     
  -5.7000000000000011        0.0000000000000000        0.0000000000000000     
  -5.6000000000000014        0.0000000000000000        0.0000000000000000     
  -5.5000000000000018        0.0000000000000000        0.0000000000000000     
  -5.4000000000000021        0.0000000000000000        0.0000000000000000     
  -5.3000000000000025        0.0000000000000000        0.0000000000000000     
  -5.2000000000000028        0.0000000000000000        0.0000000000000000     
  -5.1000000000000032        0.0000000000000000        0.0000000000000000     
  -5.0000000000000036        0.0000000000000000        0.0000000000000000     
  -4.9000000000000039        0.0000000000000000        0.0000000000000000     
  -4.8000000000000043        0.0000000000000000        0.0000000000000000     
  -4.7000000000000046        0.0000000000000000        0.0000000000000000     
  -4.6000000000000050        0.0000000000000000        0.0000000000000000     
  -4.5000000000000053        0.0000000000000000        0.0000000000000000     
  -4.4000000000000057        0.0000000000000000        0.0000000000000000     
  -4.3000000000000060        0.0000000000000000        0.0000000000000000     
  -4.2000000000000064        0.0000000000000000        0.0000000000000000     
  -4.1000000000000068        0.0000000000000000        0.0000000000000000     
  -4.0000000000000071        2.7173481542994280E-005   1.9061602720538713E-005
  -3.9000000000000070        7.7271469854201769E-005   2.6739530127424393E-005
  -3.8000000000000069        1.8185818094668786E-003   9.8440982162179263E-004
  -3.7000000000000068        5.1184419123709388E-003   6.8917138288009843E-004
  -3.6000000000000068        5.7225477518340846E-002   4.6114412552599312E-003
  -3.5000000000000067        2.0829826317671518        2.2231859924093759E-002
  -3.4000000000000066        3.8604612123922339        3.1188621357224770E-002
  -3.3000000000000065        3.8940228094000120        3.1254155268145865E-002
  -3.2000000000000064        3.9083697856839925        3.0645319473497645E-002
  -3.1000000000000063        4.0005169424294520        3.2303220241242936E-002
  -3.0000000000000062        3.9861693270534597        3.1030578638924472E-002
  -2.9000000000000061        3.9766623850274949        3.1336834616617584E-002
  -2.8000000000000060        4.0218123470057199        3.1768977639061065E-002
  -2.7000000000000060        4.0194530421573678        3.0324108491318193E-002
  -2.6000000000000059        4.0495405106983950        3.1530854846182309E-002
  -2.5000000000000058        4.0908592624597544        3.0719303537864097E-002
  -2.4000000000000057        4.1666093599401206        3.2197359942732803E-002
  -2.3000000000000056        4.2157266504530870        3.1668978614486649E-002
  -2.2000000000000055        4.2229908059049919        3.1616126701840240E-002
  -2.1000000000000054        4.3253865844161918        3.2640868182000522E-002
  -2.0000000000000053        4.3885343187150800        3.1692697144821751E-002
  -1.9000000000000052        4.4516515714871625        3.2906106232481670E-002
  -1.8000000000000052        4.4821561323242358        3.2727160242738376E-002
  -1.7000000000000051        4.5408700690531312        3.3031108718149953E-002
  -1.6000000000000050        4.5838006489051990        3.1973923476591837E-002
  -1.5000000000000049        4.6527096557208036        3.3865433612354744E-002
  -1.4000000000000048        4.4865068974710107        3.0874370957273297E-002
  -1.3000000000000047        4.5565910954597051        3.1881866459811573E-002
  -1.2000000000000046        4.7843768719157858        3.4704346581358160E-002
  -1.1000000000000045        5.1023115481183083        3.4325416462295852E-002
  -1.0000000000000044        5.6394010279168869        3.7336616707643468E-002
 -0.90000000000000446        4.2749504923127697        3.1330229769358391E-002
 -0.80000000000000449        3.1769947316376230        2.7204314156623593E-002
 -0.70000000000000451        2.4653721667410262        2.4745342682218546E-002
 -0.60000000000000453        1.5358908909765534        1.9175086716531040E-002
 -0.50000000000000455       0.90773836953872111        1.5255270075319264E-002
 -0.40000000000000457       0.26778287313631377        8.7891908048436974E-003
 -0.30000000000000460        5.9813283596518102E-003   1.0728764589656079E-003
 -0.20000000000000459        0.0000000000000000        0.0000000000000000     
 -0.10000000000000459        0.0000000000000000        0.0000000000000000     
  -4.5796699765787707E-015   6.9793980383403625E-003   1.0311282688483889E-003
   9.9999999999995426E-002   0.0000000000000000        0.0000000000000000     
  0.19999999999999543        0.0000000000000000        0.0000000000000000     
  0.29999999999999549        0.0000000000000000        0.0000000000000000     
  0.39999999999999547        0.0000000000000000        0.0000000000000000     
  0.49999999999999545        0.0000000000000000        0.0000000000000000     
  0.59999999999999543        0.0000000000000000        0.0000000000000000     
  0.69999999999999540        0.0000000000000000        0.0000000000000000     
  0.79999999999999538        0.0000000000000000        0.0000000000000000     
  0.89999999999999536        0.0000000000000000        0.0000000000000000     
  0.99999999999999545        0.0000000000000000        0.0000000000000000     
   1.0999999999999954        0.0000000000000000        0.0000000000000000     
   1.1999999999999955        0.0000000000000000        0.0000000000000000     
   1.2999999999999956        0.0000000000000000        0.0000000000000000     
   1.3999999999999957        0.0000000000000000        0.0000000000000000     
   1.4999999999999958        0.0000000000000000        0.0000000000000000     
   1.5999999999999959        0.0000000000000000        0.0000000000000000     
   1.6999999999999960        0.0000000000000000        0.0000000000000000     
   1.7999999999999960        0.0000000000000000        0.0000000000000000     
   1.8999999999999961        0.0000000000000000        0.0000000000000000     
   1.9999999999999960        0.0000000000000000        0.0000000000000000     
   2.0999999999999961        0.0000000000000000        0.0000000000000000     
   2.1999999999999962        0.0000000000000000        0.0000000000000000     
   2.2999999999999963        0.0000000000000000        0.0000000000000000     
   2.3999999999999964        0.0000000000000000        0.0000000000000000     
   2.4999999999999964        0.0000000000000000        0.0000000000000000     
   2.5999999999999965        0.0000000000000000        0.0000000000000000     
   2.6999999999999966        0.0000000000000000        0.0000000000000000     
   2.7999999999999967        0.0000000000000000        0.0000000000000000     
   2.8999999999999968        0.0000000000000000        0.0000000000000000     
   2.9999999999999969        0.0000000000000000        0.0000000000000000     
   3.0999999999999970        0.0000000000000000        0.0000000000000000     
   3.1999999999999971        0.0000000000000000        0.0000000000000000     
   3.2999999999999972        0.0000000000000000        0.0000000000000000     
   3.3999999999999972        0.0000000000000000        0.0000000000000000     
   3.4999999999999973        0.0000000000000000        0.0000000000000000     
   3.5999999999999974        0.0000000000000000        0.0000000000000000     
   3.6999999999999975        0.0000000000000000        0.0000000000000000     
   3.7999999999999976        0.0000000000000000        0.0000000000000000     
   3.8999999999999977        0.0000000000000000        0.0000000000000000     
   3.9999999999999978        0.0000000000000000        0.0000000000000000     
   4.0999999999999979        0.0000000000000000        0.0000000000000000     
   4.1999999999999975        0.0000000000000000        0.0000000000000000     
   4.2999999999999972        0.0000000000000000        0.0000000000000000     
   4.3999999999999968        0.0000000000000000        0.0000000000000000     
   4.4999999999999964        0.0000000000000000        0.0000000000000000     
   4.5999999999999961        0.0000000000000000        0.0000000000000000     
   4.6999999999999957        0.0000000000000000        0.0000000000000000     
   4.7999999999999954        0.0000000000000000        0.0000000000000000     
   4.8999999999999950        0.0000000000000000        0.0000000000000000     
   4.9999999999999947        0.0000000000000000        0.0000000000000000     
   5.0999999999999943        0.0000000000000000        0.0000000000000000     
   5.1999999999999940        0.0000000000000000        0.0000000000000000     
   5.2999999999999936        0.0000000000000000        0.0000000000000000     
   5.3999999999999932        0.0000000000000000        0.0000000000000000     
   5.4999999999999929        0.0000000000000000        0.0000000000000000     
   5.5999999999999925        0.0000000000000000        0.0000000000000000     
   5.6999999999999922        0.0000000000000000        0.0000000000000000     
   5.7999999999999918        0.0000000000000000        0.0000000000000000     
   5.8999999999999915        0.0000000000000000        0.0000000000000000     
   5.9999999999999911        0.0000000000000000        0.0000000000000000     
   6.0999999999999908        0.0000000000000000        0.0000000000000000     
   6.1999999999999904        0.0000000000000000        0.0000000000000000     
   6.2999999999999901        0.0000000000000000        0.0000000000000000     
   6.3999999999999897        0.0000000000000000        0.0000000000000000     
   6.4999999999999893        0.0000000000000000        0.0000000000000000     
   6.5999999999999890        0.0000000000000000        0.0000000000000000     
   6.6999999999999886        0.0000000000000000        0.0000000000000000     
   6.7999999999999883        0.0000000000000000        0.0000000000000000     
   6.8999999999999879        0.0000000000000000        0.0000000000000000     
   6.9999999999999876        0.0000000000000000        0.0000000000000000     
   7.0999999999999872        0.0000000000000000        0.0000000000000000     
   7.1999999999999869        0.0000000000000000        0.0000000000000000     
   7.2999999999999865        0.0000000000000000        0.0000000000000000     
   7.3999999999999861        0.0000000000000000        0.0000000000000000     
   7.4999999999999858        0.0000000000000000        0.0000000000000000     
   7.5999999999999854        0.0000000000000000        0.0000000000000000     
   7.6999999999999851        0.0000000000000000        0.0000000000000000     
   7.7999999999999847        0.0000000000000000        0.0000000000000000     
   7.8999999999999844        0.0000000000000000        0.0000000000000000     
   7.9999999999999840        0.0000000000000000        0.0000000000000000     
   8.0999999999999837        0.0000000000000000        0.0000000000000000     
   8.1999999999999833        0.0000000000000000        0.0000000000000000     
   8.2999999999999829        0.0000000000000000        0.0000000000000000     
   8.3999999999999826        0.0000000000000000        0.0000000000000000     
   8.4999999999999822        0.0000000000000000        0.0000000000000000     
   8.5999999999999819        0.0000000000000000        0.0000000000000000     
   8.6999999999999815        0.0000000000000000        0.0000000000000000     
   8.7999999999999812        0.0000000000000000        0.0000000000000000     
   8.8999999999999808        0.0000000000000000        0.0000000000000000     
   8.9999999999999805        0.0000000000000000        0.0000000000000000     
   9.0999999999999801        0.0000000000000000        0.0000000000000000     
   9.1999999999999797        0.0000000000000000        0.0000000000000000     
   9.2999999999999794        0.0000000000000000        0.0000000000000000     
   9.3999999999999790        0.0000000000000000        0.0000000000000000     
   9.4999999999999787        0.0000000000000000        0.0000000000000000     
   9.5999999999999783        0.0000000000000000        0.0000000000000000     
   9.6999999999999780        0.0000000000000000        0.0000000000000000     
   9.7999999999999776        0.0000000000000000        0.0000000000000000     
   9.8999999999999773        0.0000000000000000        0.0000000000000000     
   9.9999999999999769        0.0000000000000000        0.0000000000000000     
   10.099999999999977        0.0000000000000000        0.0000000000000000     
   10.199999999999976        0.0000000000000000        0.0000000000000000     
   10.299999999999976        0.0000000000000000        0.0000000000000000     
   10.399999999999975        0.0000000000000000        0.0000000000000000     
   10.499999999999975        0.0000000000000000        0.0000000000000000     
   10.599999999999975        0.0000000000000000        0.0000000000000000     
   10.699999999999974        0.0000000000000000        0.0000000000000000     
   10.799999999999974        0.0000000000000000        0.0000000000000000     
   10.899999999999974        0.0000000000000000        0.0000000000000000     
   10.999999999999973        0.0000000000000000        0.0000000000000000     
   11.099999999999973        0.0000000000000000        0.0000000000000000     
   11.199999999999973        0.0000000000000000        0.0000000000000000     
   11.299999999999972        0.0000000000000000        0.0000000000000000     
   11.399999999999972        0.0000000000000000        0.0000000000000000     
   11.499999999999972        0.0000000000000000        0.0000000000000000     
   11.599999999999971        0.0000000000000000        0.0000000000000000     
   11.699999999999971        0.0000000000000000        0.0000000000000000     
   11.799999999999971        0.0000000000000000        0.0000000000000000     
   11.899999999999970        0.0000000000000000        0.0000000000000000     
   11.999999999999970        0.0000000000000000        0.0000000000000000     
   12.099999999999969        0.0000000000000000        0.0000000000000000     
   12.199999999999969        0.0000000000000000        0.0000000000000000     
   12.299999999999969        0.0000000000000000        0.0000000000000000     
   12.399999999999968        0.0000000000000000        0.0000000000000000     
   12.499999999999968        0.0000000000000000        0.0000000000000000     
   12.599999999999968        0.0000000000000000        0.0000000000000000     
   12.699999999999967        0.0000000000000000        0.0000000000000000     
   12.799999999999967        0.0000000000000000        0.0000000000000000     
   12.899999999999967        0.0000000000000000        0.0000000000000000     
   12.999999999999966        0.0000000000000000        0.0000000000000000     
   13.099999999999966        0.0000000000000000        0.0000000000000000     
   13.199999999999966        0.0000000000000000        0.0000000000000000     
   13.299999999999965        0.0000000000000000        0.0000000000000000     
   13.399999999999965        0.0000000000000000        0.0000000000000000     
   13.499999999999964        0.0000000000000000        0.0000000000000000     
   13.599999999999964        0.0000000000000000        0.0000000000000000     
   13.699999999999964        0.0000000000000000        0.0000000000000000     
   13.799999999999963        0.0000000000000000        0.0000000000000000     
   13.899999999999963        0.0000000000000000        0.0000000000000000     
