   0.0000000000000000        174.82062820409652       0.17514902287884768     
   1.0000000000000000E-002   112.98482826749759       0.25588631876223999     
   1.9999999999999997E-002   126.07537536868760       0.42390620995580486     
   2.9999999999999999E-002   138.02127663486542       0.58255442543780844     
   4.0000000000000001E-002   130.98249478088289       0.62755348067139360     
   5.0000000000000003E-002   121.03416521978278       0.64488440248024959     
   6.0000000000000005E-002   112.12417728030861       0.64360876813199042     
   7.0000000000000007E-002   100.90686223827457       0.65833688082508790     
   8.0000000000000002E-002   81.295593081701909       0.63013232439748479     
   8.9999999999999997E-002   51.399004399445317       0.55498084065180298     
   9.9999999999999992E-002   25.507635725332197       0.34949674721207374     
  0.10999999999999999        13.455812560792038       0.22890718548979749     
  0.11999999999999998        7.8616767958501255       0.16650423538661110     
  0.12999999999999998        5.0692448063930282       0.11411270581077715     
  0.13999999999999999        3.5323084903473836        9.1315209413916340E-002
  0.14999999999999999        2.7746948958920550        8.4760151276839488E-002
  0.16000000000000000        2.1606931049395048        7.7885264233226226E-002
  0.17000000000000001        1.5503881480872026        5.2400669107234274E-002
  0.18000000000000002        1.2019240011650640        4.1528097362618456E-002
  0.19000000000000003       0.95324434078840747        3.5717893098813569E-002
  0.20000000000000004       0.81954619712701071        2.9403345997936127E-002
  0.21000000000000005       0.72119733019509269        3.2265630669248847E-002
  0.22000000000000006       0.60036332591925545        2.5234390819711131E-002
  0.23000000000000007       0.48547465674344364        1.8524067174495083E-002
  0.24000000000000005       0.45086015200852431        2.1591079019700882E-002
  0.25000000000000006       0.38897560103956513        2.0315706142923350E-002
  0.26000000000000006       0.34197269397190316        2.9183849289392300E-002
  0.27000000000000007       0.31131066472839053        1.6707543505185492E-002
  0.28000000000000008       0.35258613378659498        5.8777775284722979E-002
  0.29000000000000009       0.23998894226193437        1.4152803629264658E-002
  0.30000000000000010       0.24383598600201706        2.5218238458458844E-002
  0.31000000000000011       0.20231392514196070        1.4643396462987160E-002
  0.32000000000000012       0.18506180045080403        1.2370653211990133E-002
  0.33000000000000013       0.14287207330318802        9.3069167438192824E-003
  0.34000000000000014       0.14064823653057806        9.6596536758548728E-003
  0.35000000000000014       0.12663496715361769        1.1497265322800118E-002
  0.36000000000000015       0.11669778417583603        8.8047627140976463E-003
  0.37000000000000016       0.12482189509479343        1.2813110073450021E-002
  0.38000000000000017        9.8675014658559768E-002   7.4134506588608134E-003
  0.39000000000000018       0.11317908873417820        1.9755845052288439E-002
  0.40000000000000019        9.6517825615263717E-002   9.7196859073314795E-003
  0.41000000000000020        8.2094485482198387E-002   6.0456924974783225E-003
  0.42000000000000021        8.2031807811757923E-002   7.5763159307366277E-003
  0.43000000000000022        6.7705656640862533E-002   5.8743942649564108E-003
  0.44000000000000022        7.0370962620428926E-002   6.9632784297840814E-003
  0.45000000000000023        5.6369610467630074E-002   5.1230862389865387E-003
  0.46000000000000024        5.6458697131554582E-002   7.7329292529039906E-003
  0.47000000000000025        8.9827439969211553E-002   3.7860477752817381E-002
  0.48000000000000026        6.5035215581796604E-002   7.7456460324865622E-003
  0.49000000000000021        5.3126063083963802E-002   1.5061510805906611E-002
  0.50000000000000022        4.0934412751742956E-002   6.3262339409710603E-003
  0.51000000000000023        3.5503296781858047E-002   3.1824214335576828E-003
  0.52000000000000024        3.4951528604519423E-002   4.9787184700181971E-003
  0.53000000000000025        3.3803705846905396E-002   4.1967185530736367E-003
  0.54000000000000026        3.0722129326608345E-002   3.8362876256610046E-003
  0.55000000000000027        3.1776708228100463E-002   6.7431004116100968E-003
  0.56000000000000028        3.3511788428469108E-002   5.2149875217010746E-003
  0.57000000000000028        3.0130698023925997E-002   5.8973410596253953E-003
  0.58000000000000029        1.8126058626029687E-002   2.2992923489770301E-003
  0.59000000000000030        2.3594580170474277E-002   4.7314314665419591E-003
  0.60000000000000031        2.2073787949925969E-002   4.5657921014424221E-003
  0.61000000000000032        1.8620097780171645E-002   2.9449085426800580E-003
  0.62000000000000033        1.7693981533805341E-002   3.9024610611388399E-003
  0.63000000000000034        2.3442368034999227E-002   1.2844142730226184E-002
  0.64000000000000035        1.4981341621132549E-002   4.1844323793641253E-003
  0.65000000000000036        1.6398400774714789E-002   5.2119757265848624E-003
  0.66000000000000036        9.6758190297372149E-003   2.7233273712734219E-003
  0.67000000000000037        6.8764426686873928E-003   1.3393181898942084E-003
  0.68000000000000038        8.3001582347297879E-003   2.0363595391176288E-003
  0.69000000000000039        1.6960717399318811E-002   8.6418843687149811E-003
  0.70000000000000040        7.4352211260227735E-003   1.8635971250916207E-003
  0.71000000000000041        6.6221310217418920E-003   2.7635607016120644E-003
  0.72000000000000042        2.8734199083821038E-003   9.3458206375952651E-004
  0.73000000000000043        2.5315188006964817E-003   1.5774138407433349E-003
  0.74000000000000044        3.4144394430201076E-005   3.4032477326764230E-005
  0.75000000000000044        0.0000000000000000        0.0000000000000000     
  0.76000000000000045        0.0000000000000000        0.0000000000000000     
  0.77000000000000046        0.0000000000000000        0.0000000000000000     
  0.78000000000000047        0.0000000000000000        0.0000000000000000     
  0.79000000000000048        0.0000000000000000        0.0000000000000000     
  0.80000000000000049        0.0000000000000000        0.0000000000000000     
  0.81000000000000050        0.0000000000000000        0.0000000000000000     
  0.82000000000000051        0.0000000000000000        0.0000000000000000     
  0.83000000000000052        0.0000000000000000        0.0000000000000000     
  0.84000000000000052        0.0000000000000000        0.0000000000000000     
  0.85000000000000053        0.0000000000000000        0.0000000000000000     
  0.86000000000000054        0.0000000000000000        0.0000000000000000     
  0.87000000000000055        0.0000000000000000        0.0000000000000000     
  0.88000000000000056        0.0000000000000000        0.0000000000000000     
  0.89000000000000057        0.0000000000000000        0.0000000000000000     
  0.90000000000000058        0.0000000000000000        0.0000000000000000     
  0.91000000000000059        0.0000000000000000        0.0000000000000000     
  0.92000000000000060        0.0000000000000000        0.0000000000000000     
  0.93000000000000060        0.0000000000000000        0.0000000000000000     
  0.94000000000000061        0.0000000000000000        0.0000000000000000     
  0.95000000000000062        0.0000000000000000        0.0000000000000000     
  0.96000000000000063        0.0000000000000000        0.0000000000000000     
  0.97000000000000064        0.0000000000000000        0.0000000000000000     
  0.98000000000000065        0.0000000000000000        0.0000000000000000     
  0.99000000000000066        0.0000000000000000        0.0000000000000000     
   1.0000000000000007        0.0000000000000000        0.0000000000000000     
   1.0100000000000007        0.0000000000000000        0.0000000000000000     
   1.0200000000000007        0.0000000000000000        0.0000000000000000     
   1.0300000000000007        0.0000000000000000        0.0000000000000000     
   1.0400000000000007        0.0000000000000000        0.0000000000000000     
   1.0500000000000007        0.0000000000000000        0.0000000000000000     
   1.0600000000000007        0.0000000000000000        0.0000000000000000     
   1.0700000000000007        0.0000000000000000        0.0000000000000000     
   1.0800000000000007        0.0000000000000000        0.0000000000000000     
   1.0900000000000007        0.0000000000000000        0.0000000000000000     
   1.1000000000000008        0.0000000000000000        0.0000000000000000     
   1.1100000000000008        0.0000000000000000        0.0000000000000000     
   1.1200000000000008        0.0000000000000000        0.0000000000000000     
   1.1300000000000008        0.0000000000000000        0.0000000000000000     
   1.1400000000000008        0.0000000000000000        0.0000000000000000     
   1.1500000000000008        0.0000000000000000        0.0000000000000000     
   1.1600000000000008        0.0000000000000000        0.0000000000000000     
   1.1700000000000008        0.0000000000000000        0.0000000000000000     
   1.1800000000000008        0.0000000000000000        0.0000000000000000     
   1.1900000000000008        0.0000000000000000        0.0000000000000000     
   1.2000000000000008        0.0000000000000000        0.0000000000000000     
   1.2100000000000009        0.0000000000000000        0.0000000000000000     
   1.2200000000000009        0.0000000000000000        0.0000000000000000     
   1.2300000000000009        0.0000000000000000        0.0000000000000000     
   1.2400000000000009        0.0000000000000000        0.0000000000000000     
   1.2500000000000009        0.0000000000000000        0.0000000000000000     
   1.2600000000000009        0.0000000000000000        0.0000000000000000     
   1.2700000000000009        0.0000000000000000        0.0000000000000000     
   1.2800000000000009        0.0000000000000000        0.0000000000000000     
   1.2900000000000009        0.0000000000000000        0.0000000000000000     
   1.3000000000000009        0.0000000000000000        0.0000000000000000     
   1.3100000000000009        0.0000000000000000        0.0000000000000000     
   1.3200000000000010        0.0000000000000000        0.0000000000000000     
   1.3300000000000010        0.0000000000000000        0.0000000000000000     
   1.3400000000000010        0.0000000000000000        0.0000000000000000     
   1.3500000000000010        0.0000000000000000        0.0000000000000000     
   1.3600000000000010        0.0000000000000000        0.0000000000000000     
   1.3700000000000010        0.0000000000000000        0.0000000000000000     
   1.3800000000000010        0.0000000000000000        0.0000000000000000     
   1.3900000000000010        0.0000000000000000        0.0000000000000000     
   1.4000000000000010        0.0000000000000000        0.0000000000000000     
   1.4100000000000010        0.0000000000000000        0.0000000000000000     
   1.4200000000000010        0.0000000000000000        0.0000000000000000     
   1.4300000000000010        0.0000000000000000        0.0000000000000000     
   1.4400000000000011        0.0000000000000000        0.0000000000000000     
   1.4500000000000011        0.0000000000000000        0.0000000000000000     
   1.4600000000000011        0.0000000000000000        0.0000000000000000     
   1.4700000000000011        0.0000000000000000        0.0000000000000000     
   1.4800000000000011        0.0000000000000000        0.0000000000000000     
   1.4900000000000011        0.0000000000000000        0.0000000000000000     
   1.5000000000000011        0.0000000000000000        0.0000000000000000     
   1.5100000000000011        0.0000000000000000        0.0000000000000000     
   1.5200000000000011        0.0000000000000000        0.0000000000000000     
   1.5300000000000011        0.0000000000000000        0.0000000000000000     
   1.5400000000000011        0.0000000000000000        0.0000000000000000     
   1.5500000000000012        0.0000000000000000        0.0000000000000000     
   1.5600000000000012        0.0000000000000000        0.0000000000000000     
   1.5700000000000012        0.0000000000000000        0.0000000000000000     
   1.5800000000000012        0.0000000000000000        0.0000000000000000     
   1.5900000000000012        0.0000000000000000        0.0000000000000000     
   1.6000000000000012        0.0000000000000000        0.0000000000000000     
   1.6100000000000012        0.0000000000000000        0.0000000000000000     
   1.6200000000000012        0.0000000000000000        0.0000000000000000     
   1.6300000000000012        0.0000000000000000        0.0000000000000000     
   1.6400000000000012        0.0000000000000000        0.0000000000000000     
   1.6500000000000012        0.0000000000000000        0.0000000000000000     
   1.6600000000000013        0.0000000000000000        0.0000000000000000     
   1.6700000000000013        0.0000000000000000        0.0000000000000000     
   1.6800000000000013        0.0000000000000000        0.0000000000000000     
   1.6900000000000013        0.0000000000000000        0.0000000000000000     
   1.7000000000000013        0.0000000000000000        0.0000000000000000     
   1.7100000000000013        0.0000000000000000        0.0000000000000000     
   1.7200000000000013        0.0000000000000000        0.0000000000000000     
   1.7300000000000013        0.0000000000000000        0.0000000000000000     
   1.7400000000000013        0.0000000000000000        0.0000000000000000     
   1.7500000000000013        0.0000000000000000        0.0000000000000000     
   1.7600000000000013        0.0000000000000000        0.0000000000000000     
   1.7700000000000014        0.0000000000000000        0.0000000000000000     
   1.7800000000000014        0.0000000000000000        0.0000000000000000     
   1.7900000000000014        0.0000000000000000        0.0000000000000000     
   1.8000000000000014        0.0000000000000000        0.0000000000000000     
   1.8100000000000014        0.0000000000000000        0.0000000000000000     
   1.8200000000000014        0.0000000000000000        0.0000000000000000     
   1.8300000000000014        0.0000000000000000        0.0000000000000000     
   1.8400000000000014        0.0000000000000000        0.0000000000000000     
   1.8500000000000014        0.0000000000000000        0.0000000000000000     
   1.8600000000000014        0.0000000000000000        0.0000000000000000     
   1.8700000000000014        0.0000000000000000        0.0000000000000000     
   1.8800000000000014        0.0000000000000000        0.0000000000000000     
   1.8900000000000015        0.0000000000000000        0.0000000000000000     
   1.9000000000000015        0.0000000000000000        0.0000000000000000     
   1.9100000000000015        0.0000000000000000        0.0000000000000000     
   1.9200000000000015        0.0000000000000000        0.0000000000000000     
   1.9300000000000015        0.0000000000000000        0.0000000000000000     
   1.9400000000000015        0.0000000000000000        0.0000000000000000     
   1.9500000000000015        0.0000000000000000        0.0000000000000000     
   1.9600000000000015        0.0000000000000000        0.0000000000000000     
   1.9700000000000015        0.0000000000000000        0.0000000000000000     
   1.9800000000000015        0.0000000000000000        0.0000000000000000     
   1.9900000000000013        0.0000000000000000        0.0000000000000000     
