   40.000000000000000        1.8288955617819299E-006   1.8288954984694847E-006
   40.299999999999997        0.0000000000000000        0.0000000000000000     
   40.599999999999994        0.0000000000000000        0.0000000000000000     
   40.899999999999991        0.0000000000000000        0.0000000000000000     
   41.199999999999989        0.0000000000000000        0.0000000000000000     
   41.499999999999986        2.0170901854920575E-006   2.0170901156647175E-006
   41.799999999999983        1.3149540671870222E-006   1.3149540216661301E-006
   42.099999999999980        6.8628945195510459E-006   4.9412525554217915E-006
   42.399999999999977        1.0786152770739011E-006   1.0786152397345513E-006
   42.699999999999974        9.6536789911511752E-007   9.6536786569614939E-007
   42.999999999999972        2.1920689990104016E-006   1.4037973008601628E-006
   43.299999999999969        4.7200016981633644E-006   3.3940149457110701E-006
   43.599999999999966        5.0970657191486472E-006   3.3216597380238907E-006
   43.899999999999963        1.0642839846927559E-006   1.0642839478495252E-006
   44.199999999999960        5.6561759491752927E-006   3.3442498016440409E-006
   44.499999999999957        9.4949100929221335E-006   4.1791781382692733E-006
   44.799999999999955        5.8847777773705559E-006   2.7983445364420760E-006
   45.099999999999952        8.1702869959447279E-006   4.0340444403455836E-006
   45.399999999999949        3.7806342620576044E-006   1.8688554379420322E-006
   45.699999999999946        1.3266366800232343E-005   5.4311690180830091E-006
   45.999999999999943        1.0197943655204412E-005   4.4195883332737313E-006
   46.299999999999940        4.7649560931438609E-006   2.7715493025443787E-006
   46.599999999999937        2.0214450371829437E-005   5.8204881887034045E-006
   46.899999999999935        1.5285508713872717E-005   5.7219794271760715E-006
   47.199999999999932        2.3618417809132892E-005   7.1910172256315312E-006
   47.499999999999929        1.8223968074375276E-005   5.3429266060746764E-006
   47.799999999999926        2.7793655524507231E-005   8.6182621423799919E-006
   48.099999999999923        2.1947231699572108E-005   5.8725611490359852E-006
   48.399999999999920        2.2678175534935686E-005   5.6038634575764819E-006
   48.699999999999918        4.1682117358025897E-005   8.5870463355012446E-006
   48.999999999999915        5.0866166962078959E-005   1.0641450414421657E-005
   49.299999999999912        4.4106143562040884E-005   8.1059033908040625E-006
   49.599999999999909        6.8932611492290285E-005   1.1459712383901874E-005
   49.899999999999906        2.8910651756793519E-002   3.3556364543540715E-004
   50.199999999999903        4.7918556818478723E-002   4.2340866537701760E-004
   50.499999999999901        5.0203506354826538E-002   4.3278429711499870E-004
   50.799999999999898        5.1840966843171229E-002   4.3477289464037013E-004
   51.099999999999895        5.3517691744315067E-002   4.4220530133571000E-004
   51.399999999999892        5.4491127143909489E-002   4.4641999077558585E-004
   51.699999999999889        5.5045667357026269E-002   4.4323287534481806E-004
   51.999999999999886        5.5721236811684352E-002   4.4677290968598242E-004
   52.299999999999883        5.7231225302855196E-002   4.5414244254589966E-004
   52.599999999999881        5.8068718982056407E-002   4.5722269100913286E-004
   52.899999999999878        5.8132504857787551E-002   4.5603470095109753E-004
   53.199999999999875        5.9468335777773197E-002   4.6129132740502969E-004
   53.499999999999872        5.8777572828585242E-002   4.5268073099259220E-004
   53.799999999999869        6.0376891109924516E-002   4.6299300311211438E-004
   54.099999999999866        6.0414865014232627E-002   4.6263019879075763E-004
   54.399999999999864        6.0801376517496626E-002   4.6492799887510602E-004
   54.699999999999861        6.2093693913845623E-002   4.6996166665573070E-004
   54.999999999999858        6.1607982117413959E-002   4.6581135435551726E-004
   55.299999999999855        6.2755284584960075E-002   4.7348626461708461E-004
   55.599999999999852        6.4264498611897536E-002   4.8105615208643307E-004
   55.899999999999849        6.3885336256254671E-002   4.7535546325175483E-004
   56.199999999999847        6.3943460942836788E-002   4.7446393705844798E-004
   56.499999999999844        6.5688105092637020E-002   4.8253701747354313E-004
   56.799999999999841        6.5677657011975088E-002   4.8113002844328031E-004
   57.099999999999838        6.5645457461193893E-002   4.7866426559272014E-004
   57.399999999999835        6.6139790433588377E-002   4.8373970625759615E-004
   57.699999999999832        6.7048061493312314E-002   4.8617859704207250E-004
   57.999999999999829        6.7323146875538323E-002   4.8699461400423871E-004
   58.299999999999827        6.7750422681992148E-002   4.8778053807661494E-004
   58.599999999999824        6.8294864813605818E-002   4.9075468751900520E-004
   58.899999999999821        6.9638330452875180E-002   4.9763308950982190E-004
   59.199999999999818        6.9805289148595240E-002   4.9736961183674533E-004
   59.499999999999815        6.9646023596432891E-002   4.9346427278457931E-004
   59.799999999999812        7.0630128680141610E-002   4.9858445843178282E-004
   60.099999999999810        7.0802411571916815E-002   4.9602635497182038E-004
   60.399999999999807        7.2275223893457738E-002   5.0615533379139654E-004
   60.699999999999804        7.1738526094260929E-002   5.0277721886374705E-004
   60.999999999999801        7.2575122810848491E-002   5.0459444549349488E-004
   61.299999999999798        7.2946778694506095E-002   5.0663171652618930E-004
   61.599999999999795        7.3075220507597974E-002   5.0554793750437065E-004
   61.899999999999793        7.3839345241403204E-002   5.1206872198266556E-004
   62.199999999999790        7.4780667858201560E-002   5.1328094340379233E-004
   62.499999999999787        7.4467100105029646E-002   5.1244043280707227E-004
   62.799999999999784        7.6410425391847142E-002   5.1897430199347445E-004
   63.099999999999781        7.6469415268547267E-002   5.1797619049559658E-004
   63.399999999999778        7.5990580653136838E-002   5.1334810666369974E-004
   63.699999999999775        7.7662330839517874E-002   5.2216709093700264E-004
   63.999999999999773        7.8490828493565395E-002   5.2312945318148908E-004
   64.299999999999770        7.9646030730127687E-002   5.3021723651147949E-004
   64.599999999999767        7.8891709176427044E-002   5.2488791762067663E-004
   64.899999999999764        8.0007793115760437E-002   5.3160056453625338E-004
   65.199999999999761        8.0624870216618558E-002   5.3401910638942412E-004
   65.499999999999758        8.0896516051765829E-002   5.3588629147923285E-004
   65.799999999999756        8.2545939106016611E-002   5.3776373572606050E-004
   66.099999999999753        8.2018104427671212E-002   5.3629828998626541E-004
   66.399999999999750        8.2011929526669983E-002   5.3464237638304745E-004
   66.699999999999747        8.3564085501845672E-002   5.4009246590235678E-004
   66.999999999999744        8.4946695895666974E-002   5.4432461557152355E-004
   67.299999999999741        8.5845963964826744E-002   5.4941337847763682E-004
   67.599999999999739        8.6112523298397456E-002   5.4913922764226260E-004
   67.899999999999736        8.6475299146219251E-002   5.5213341450165469E-004
   68.199999999999733        8.7173913280513118E-002   5.5368834255993765E-004
   68.499999999999730        8.7648136868309690E-002   5.5740834812262026E-004
   68.799999999999727        8.7176647575366029E-002   5.5253795071980494E-004
   69.099999999999724        8.8668539907932553E-002   5.5720377775279125E-004
   69.399999999999721        8.9599337947230087E-002   5.6080245169382807E-004
   69.699999999999719        8.9916982760028741E-002   5.5977778777470302E-004
   69.999999999999716        9.0926947667738608E-002   5.6439504881548690E-004
   70.299999999999713        9.2338803873887376E-002   5.7228987543379189E-004
   70.599999999999710        9.1007001968159626E-002   5.6324958821594171E-004
   70.899999999999707        9.2960886285530203E-002   5.7294882953655532E-004
   71.199999999999704        9.3336021400818536E-002   5.7276940622380946E-004
   71.499999999999702        9.2306760727831574E-002   5.6652806588962390E-004
   71.799999999999699        9.4489574314397487E-002   5.7729687430847125E-004
   72.099999999999696        9.6192919172424549E-002   5.8475152997673979E-004
   72.399999999999693        9.5275709536018674E-002   5.7972784261334470E-004
   72.699999999999690        9.5740133483398632E-002   5.8012261370070405E-004
   72.999999999999687        9.7255639488970758E-002   5.8508129503787097E-004
   73.299999999999685        9.8051021575769309E-002   5.8862448444942583E-004
   73.599999999999682        9.8505295350718503E-002   5.8854284965471969E-004
   73.899999999999679        9.9150077521421187E-002   5.9099238013390443E-004
   74.199999999999676       0.10018570351676784        5.9248987476491271E-004
   74.499999999999673       0.10114643576631384        5.9474171147647656E-004
   74.799999999999670       0.10043729893450604        5.9143538458502156E-004
   75.099999999999667       0.10291563486889449        6.0447427734829562E-004
   75.399999999999665       0.10272983415729692        5.9839057203001068E-004
   75.699999999999662       0.10355330561024889        6.0281732485926466E-004
   75.999999999999659       0.10521884150927462        6.0901687418309330E-004
   76.299999999999656       0.10557797972404329        6.0788339577127202E-004
   76.599999999999653       0.10614271891459853        6.1034585800330738E-004
   76.899999999999650       0.10687655000949728        6.1187840974165179E-004
   77.199999999999648       0.10980278671132715        6.2232529917124416E-004
   77.499999999999645       0.10999289717696357        6.2284641380019965E-004
   77.799999999999642       0.10964460678580908        6.2009214528155516E-004
   78.099999999999639       0.11218288762332794        6.2855724623802245E-004
   78.399999999999636       0.11225527605824850        6.2985634370142890E-004
   78.699999999999633       0.11318378874609043        6.2844868801923326E-004
   78.999999999999631       0.11628308593364420        6.3934836101275114E-004
   79.299999999999628       0.11591221637869620        6.3785321839162398E-004
   79.599999999999625       0.11642771117500496        6.3863316345653162E-004
   79.899999999999622       0.11731488717674213        6.4111528214488454E-004
   80.199999999999619       0.11944688352861445        6.4642541557658221E-004
   80.499999999999616       0.12142209229113515        6.5541778428028540E-004
   80.799999999999613       0.12248006068963149        6.5552112485394907E-004
   81.099999999999611       0.12245874134835164        6.5313596939360304E-004
   81.399999999999608       0.12472078084156810        6.6058493438956331E-004
   81.699999999999605       0.12749305929938753        6.6905855268367632E-004
   81.999999999999602       0.12859766893766575        6.7532625426079467E-004
   82.299999999999599       0.13076344150043656        6.7888952312862084E-004
   82.599999999999596       0.13201411168699853        6.8423280166482860E-004
   82.899999999999594       0.13337514627173183        6.8468483254859860E-004
   83.199999999999591       0.13603116487449987        6.9543818170291849E-004
   83.499999999999588       0.13922206778122126        7.0391552507853181E-004
   83.799999999999585       0.13996660993935392        7.0152921057532248E-004
   84.099999999999582       0.14265318499412158        7.1325677634270790E-004
   84.399999999999579       0.14484201290862225        7.1928194152208827E-004
   84.699999999999577       0.14790045615435021        7.2564757503838664E-004
   84.999999999999574       0.14852782505534065        7.2423448591932640E-004
   85.299999999999571       0.15341278053869264        7.4128760867705882E-004
   85.599999999999568       0.15622889929821618        7.4847171435579187E-004
   85.899999999999565       0.15972089719848750        7.5696595667320893E-004
   86.199999999999562       0.16179792164552328        7.6159307809140874E-004
   86.499999999999559       0.16817523073044183        7.7979835947714375E-004
   86.799999999999557       0.17168771172292721        7.9376507926441804E-004
   87.099999999999554       0.17701818307746892        8.0681433579005222E-004
   87.399999999999551       0.18088779235304828        8.1583340342408837E-004
   87.699999999999548       0.18753498763827689        8.3822602547650997E-004
   87.999999999999545       0.19175470755506741        8.4666042375834997E-004
   88.299999999999542       0.19876281572800586        8.6557153725899964E-004
   88.599999999999540       0.20569195523907793        8.8806103729574483E-004
   88.899999999999537       0.21293366399357452        9.0724589267808704E-004
   89.199999999999534       0.22005081879970653        9.2824503599968659E-004
   89.499999999999531       0.22910032999391622        9.5309499918481402E-004
   89.799999999999528       0.23409477112890956        9.6845857810388416E-004
   90.099999999999525       0.23838640747124618        9.8418766179429046E-004
   90.399999999999523       0.23882289142649785        9.9093092455902038E-004
   90.699999999999520       0.22777742393311848        9.6758136891375785E-004
   90.999999999999517       0.21074668975021474        9.3152816203077827E-004
   91.299999999999514       0.18133835136184928        8.5359595160567345E-004
   91.599999999999511       0.15367061690813810        7.7324681769899229E-004
   91.899999999999508       0.12783119919493424        6.9062105205834102E-004
   92.199999999999505       0.10533001197731560        6.0815285019178290E-004
   92.499999999999503        8.6358593683108470E-002   5.2991899607994421E-004
   92.799999999999500        7.3297660937311826E-002   4.6820877756083073E-004
   93.099999999999497        6.2022897253468559E-002   4.1293072325818478E-004
   93.399999999999494        5.4139335250787374E-002   3.6815250733017517E-004
   93.699999999999491        4.6707789022482536E-002   3.2661020138813476E-004
   93.999999999999488        4.0112190282766344E-002   2.8637053695168568E-004
   94.299999999999486        3.5709466327344348E-002   2.5683797455543119E-004
   94.599999999999483        3.1408013435391437E-002   2.3040508780672382E-004
   94.899999999999480        2.7846383968972082E-002   2.0663793897127112E-004
   95.199999999999477        2.4853079703658649E-002   1.8460142261029675E-004
   95.499999999999474        2.1487834826043804E-002   1.6235255158541487E-004
   95.799999999999471        1.9468789490929925E-002   1.4694293054193978E-004
   96.099999999999469        1.7106160780270753E-002   1.3021164906923662E-004
   96.399999999999466        1.4929693311115813E-002   1.1480677323162452E-004
   96.699999999999463        1.2726463803140343E-002   9.9727744005425738E-005
   96.999999999999460        1.0982096055892876E-002   8.6863917263206022E-005
   97.299999999999457        9.2033001960853626E-003   7.4206734391450796E-005
   97.599999999999454        7.1167923906257074E-003   5.9916548596378835E-005
   97.899999999999451        5.3898351368786889E-003   4.7050964279286111E-005
   98.199999999999449        3.5321590019740533E-003   3.3146844833228695E-005
   98.499999999999446        1.6320472506292528E-003   1.7960463981490053E-005
   98.799999999999443        2.0805983291831466E-004   4.1728145150434065E-006
   99.099999999999440        0.0000000000000000        0.0000000000000000     
   99.399999999999437        0.0000000000000000        0.0000000000000000     
   99.699999999999434        0.0000000000000000        0.0000000000000000     
