  -2.0000000000000000        0.0000000000000000        0.0000000000000000     
  -1.9800000000000000        0.0000000000000000        0.0000000000000000     
  -1.9600000000000000        0.0000000000000000        0.0000000000000000     
  -1.9399999999999999        0.0000000000000000        0.0000000000000000     
  -1.9199999999999999        0.0000000000000000        0.0000000000000000     
  -1.8999999999999999        0.0000000000000000        0.0000000000000000     
  -1.8799999999999999        0.0000000000000000        0.0000000000000000     
  -1.8599999999999999        0.0000000000000000        0.0000000000000000     
  -1.8399999999999999        0.0000000000000000        0.0000000000000000     
  -1.8199999999999998        0.0000000000000000        0.0000000000000000     
  -1.7999999999999998        0.0000000000000000        0.0000000000000000     
  -1.7799999999999998        0.0000000000000000        0.0000000000000000     
  -1.7599999999999998        0.0000000000000000        0.0000000000000000     
  -1.7399999999999998        0.0000000000000000        0.0000000000000000     
  -1.7199999999999998        0.0000000000000000        0.0000000000000000     
  -1.6999999999999997        0.0000000000000000        0.0000000000000000     
  -1.6799999999999997        0.0000000000000000        0.0000000000000000     
  -1.6599999999999997        0.0000000000000000        0.0000000000000000     
  -1.6399999999999997        0.0000000000000000        0.0000000000000000     
  -1.6199999999999997        0.0000000000000000        0.0000000000000000     
  -1.5999999999999996        0.0000000000000000        0.0000000000000000     
  -1.5799999999999996        0.0000000000000000        0.0000000000000000     
  -1.5599999999999996        0.0000000000000000        0.0000000000000000     
  -1.5399999999999996        0.0000000000000000        0.0000000000000000     
  -1.5199999999999996        0.0000000000000000        0.0000000000000000     
  -1.4999999999999996        0.0000000000000000        0.0000000000000000     
  -1.4799999999999995        0.0000000000000000        0.0000000000000000     
  -1.4599999999999995        0.0000000000000000        0.0000000000000000     
  -1.4399999999999995        0.0000000000000000        0.0000000000000000     
  -1.4199999999999995        0.0000000000000000        0.0000000000000000     
  -1.3999999999999995        0.0000000000000000        0.0000000000000000     
  -1.3799999999999994        0.0000000000000000        0.0000000000000000     
  -1.3599999999999994        0.0000000000000000        0.0000000000000000     
  -1.3399999999999994        0.0000000000000000        0.0000000000000000     
  -1.3199999999999994       0.12065940866811437        6.4327079504725082E-003
  -1.2999999999999994       0.66799468389991490        2.4985800084252292E-002
  -1.2799999999999994       0.93999613777333824        2.7788321038720688E-002
  -1.2599999999999993        1.0859532164777157        2.9453086034995961E-002
  -1.2399999999999993        1.1946993554608381        2.5781115033531001E-002
  -1.2199999999999993        1.3365473425390395        2.8123027698394521E-002
  -1.1999999999999993        1.5254670900426293        3.2254446239663379E-002
  -1.1799999999999993        1.5739245123071046        2.7103059275957592E-002
  -1.1599999999999993        1.8224593446034876        3.3195644068125744E-002
  -1.1399999999999992        2.0895943700885962        3.8407143156747779E-002
  -1.1199999999999992        2.2592965125273401        3.8610838062558779E-002
  -1.0999999999999992        2.4030671111878488        3.9686892354210086E-002
  -1.0799999999999992        2.5056574727678265        4.2678388780319841E-002
  -1.0599999999999992        2.6708197772580227        4.4866869524077473E-002
  -1.0399999999999991        2.7075323572041898        4.5403090220566336E-002
  -1.0199999999999991        2.7870604283630351        4.4942901193896552E-002
 -0.99999999999999911        2.8932224497853407        4.5124522648630191E-002
 -0.97999999999999909        2.8315508033850927        4.1749975210409934E-002
 -0.95999999999999908        3.0201017371954268        4.7449761325194795E-002
 -0.93999999999999906        3.0700203639701851        4.7550904900980719E-002
 -0.91999999999999904        2.9821491970541483        4.2545914516164775E-002
 -0.89999999999999902        3.1378393174610761        4.5355791734646850E-002
 -0.87999999999999901        3.2428178920134951        4.6310901399782611E-002
 -0.85999999999999899        3.2699025245814757        4.7816728847158624E-002
 -0.83999999999999897        3.3415963017068830        4.9328138933045856E-002
 -0.81999999999999895        3.5099911248497180        5.1469384560141232E-002
 -0.79999999999999893        3.4765030147671063        4.8299476293132207E-002
 -0.77999999999999892        3.4699074069733640        4.8883969460175231E-002
 -0.75999999999999890        3.6452656106241648        5.1878426697540003E-002
 -0.73999999999999888        3.6245638617178866        4.8295746488048290E-002
 -0.71999999999999886        3.7303738169719978        4.9847715104037411E-002
 -0.69999999999999885        3.7972912857938121        5.2737609282129130E-002
 -0.67999999999999883        3.8303784857502730        5.2340380242083637E-002
 -0.65999999999999881        3.8570341087080648        4.8539926688954488E-002
 -0.63999999999999879        3.9153988561951203        5.0558979864816798E-002
 -0.61999999999999877        4.0338393786999349        5.4501154939463461E-002
 -0.59999999999999876        4.0266617674067220        5.1826374327002898E-002
 -0.57999999999999874        4.1480109448717313        5.3331256832510644E-002
 -0.55999999999999872        4.1354456135787814        5.4202336830456284E-002
 -0.53999999999999870        4.1140884814915406        5.0170178729609487E-002
 -0.51999999999999869        4.2144741307312170        5.5931702834333748E-002
 -0.49999999999999867        4.2084505333176390        5.1535302909117391E-002
 -0.47999999999999865        4.3039317338697858        5.3704156224973008E-002
 -0.45999999999999863        4.3577086828577087        5.4889387190081379E-002
 -0.43999999999999861        4.5286581517761100        5.9106498850602991E-002
 -0.41999999999999860        4.5117416468132117        5.7944801745796255E-002
 -0.39999999999999858        4.5761948215278379        6.0422543911284494E-002
 -0.37999999999999856        4.6664361096468987        6.2877734423328419E-002
 -0.35999999999999854        4.6636278604377868        6.0527302279211978E-002
 -0.33999999999999853        4.7333395045586295        6.2281357665624211E-002
 -0.31999999999999851        4.8203961994434881        6.2203297393439605E-002
 -0.29999999999999849        4.8117068631388600        6.1747985571759541E-002
 -0.27999999999999847        4.6885064718989566        5.7046077586682280E-002
 -0.25999999999999845        4.7297724519818241        5.7436903028455645E-002
 -0.23999999999999846        4.8858068924074223        6.0972201630950934E-002
 -0.21999999999999847        4.9321056247587771        6.3270992346862148E-002
 -0.19999999999999848        4.8890332455183918        6.2514962740320354E-002
 -0.17999999999999849        4.9218430109476623        6.0306362411693105E-002
 -0.15999999999999850        4.9911636076312531        6.1083400290638933E-002
 -0.13999999999999851        5.0628508870672340        6.4327721555060405E-002
 -0.11999999999999851        5.0816287772451254        6.4385894155953124E-002
  -9.9999999999998507E-002   5.0549511545491210        6.1554121308575634E-002
  -7.9999999999998503E-002   5.1943441906438714        6.6272592019370385E-002
  -5.9999999999998499E-002   5.2853960102263962        6.3279628100986390E-002
  -3.9999999999998495E-002   5.2580127790928213        6.4299793212103967E-002
  -1.9999999999998495E-002   5.2675762846534200        6.4894736258354513E-002
   1.5057399771478686E-015   5.4141466350616447        6.7838359347753563E-002
   2.0000000000001506E-002   5.3722861629004717        6.5629486525178291E-002
   4.0000000000001507E-002   5.4431605389239346        6.5683624061039086E-002
   6.0000000000001510E-002   5.5015579286673164        6.7503012399012532E-002
   8.0000000000001514E-002   5.7441346212923436        7.2771500266580455E-002
  0.10000000000000152        5.7089330532882983        7.3108447812545704E-002
  0.12000000000000151        5.5462580333896430        6.8749226697132126E-002
  0.14000000000000151        5.5424680783822664        6.8587256433175051E-002
  0.16000000000000150        5.7334356118695311        6.8471163945250921E-002
  0.18000000000000149        5.5187806334446075        6.5082599929857265E-002
  0.20000000000000148        5.7557459910130149        7.1418545206196726E-002
  0.22000000000000147        5.6700403142783147        6.6324360625746842E-002
  0.24000000000000146        5.8732315580051786        7.4149645750279825E-002
  0.26000000000000145        5.8315307752285896        7.1370588091114878E-002
  0.28000000000000147        5.8614902265422923        7.3383842872083743E-002
  0.30000000000000149        5.8411579789446808        7.3278835226808781E-002
  0.32000000000000151        5.9529181756098444        7.3950752729295813E-002
  0.34000000000000152        6.0398747296348256        7.6953478360169705E-002
  0.36000000000000154        6.0134021725889930        7.4979981923016803E-002
  0.38000000000000156        5.8657282354509075        6.9963787155420260E-002
  0.40000000000000158        6.0265678415235575        7.7135889445926933E-002
  0.42000000000000159        5.9341199536371914        7.6146650142305455E-002
  0.44000000000000161        5.8618505313058034        7.2079621874260938E-002
  0.46000000000000163        5.9371521147330828        7.4991221797147664E-002
  0.48000000000000165        5.9590124009028784        7.4562942722504313E-002
  0.50000000000000167        5.8358671426721287        7.4677129363990416E-002
  0.52000000000000168        5.8974154830001764        7.6155082223492890E-002
  0.54000000000000170        5.8549789583730147        7.5500020747321234E-002
  0.56000000000000172        5.7534618481459026        7.3473945244500780E-002
  0.58000000000000174        5.8710584447102523        7.7544972073662219E-002
  0.60000000000000175        5.7175993268846845        7.3732904715402933E-002
  0.62000000000000177        5.6361013416379295        7.3404600518988852E-002
  0.64000000000000179        5.6501559071743115        7.4593716342406691E-002
  0.66000000000000181        5.6226710978037220        7.5864807627844255E-002
  0.68000000000000183        5.6068737485586198        7.5838830102348084E-002
  0.70000000000000184        5.4608112968994940        7.4150516482082804E-002
  0.72000000000000186        5.3768069712491862        6.9577958605613832E-002
  0.74000000000000188        5.2158609285409643        6.9650260426566982E-002
  0.76000000000000190        5.2538929586425969        6.9962053986740477E-002
  0.78000000000000191        5.0179281542409404        6.7571783049383410E-002
  0.80000000000000193        5.0419851696685107        6.9172908098208544E-002
  0.82000000000000195        4.9989082125066027        6.9939865225059530E-002
  0.84000000000000197        4.8903565805784037        6.8250821926199412E-002
  0.86000000000000199        4.8675903160269920        6.8517491440926864E-002
  0.88000000000000200        4.7163327944798485        6.6106622131936493E-002
  0.90000000000000202        4.5721783630683595        6.4618553325433911E-002
  0.92000000000000204        4.5565724097584193        6.5558231882119719E-002
  0.94000000000000206        4.4845031522173899        6.4385130649436462E-002
  0.96000000000000207        4.3100988323531721        6.3963372363099222E-002
  0.98000000000000198        4.2172390613567696        6.1989734124260516E-002
   1.0000000000000020        4.1561126316797283        6.2835723026101256E-002
   1.0200000000000020        4.0058259465103250        5.9284976137102756E-002
   1.0400000000000020        3.9040908672529429        6.0000319434938519E-002
   1.0600000000000021        3.6425566520456378        5.6082490989435414E-002
   1.0800000000000021        3.6457748474268818        5.7007311709544678E-002
   1.1000000000000021        3.3928575035789810        5.2203457975549969E-002
   1.1200000000000021        3.0496672156739066        4.6998366398786039E-002
   1.1400000000000021        2.7947550823981921        4.9037137955860587E-002
   1.1600000000000021        2.5741920453016363        4.5641439438498896E-002
   1.1800000000000022        2.3070308399416151        4.3294829677707113E-002
   1.2000000000000022        2.1451928402071250        4.3722249606528991E-002
   1.2200000000000022        1.8970028311449136        3.8815838442682049E-002
   1.2400000000000022        1.7457478181892396        3.9462915781074970E-002
   1.2600000000000022        1.5184757938393354        3.9207650523022969E-002
   1.2800000000000022        1.0777962111066826        3.4864860543275769E-002
   1.3000000000000023       0.25904809229774861        1.4959441475284231E-002
   1.3200000000000023        0.0000000000000000        0.0000000000000000     
   1.3400000000000023        0.0000000000000000        0.0000000000000000     
   1.3600000000000023        0.0000000000000000        0.0000000000000000     
   1.3800000000000023        0.0000000000000000        0.0000000000000000     
   1.4000000000000024        0.0000000000000000        0.0000000000000000     
   1.4200000000000024        0.0000000000000000        0.0000000000000000     
   1.4400000000000024        0.0000000000000000        0.0000000000000000     
   1.4600000000000024        0.0000000000000000        0.0000000000000000     
   1.4800000000000024        0.0000000000000000        0.0000000000000000     
   1.5000000000000024        0.0000000000000000        0.0000000000000000     
   1.5200000000000025        0.0000000000000000        0.0000000000000000     
   1.5400000000000025        0.0000000000000000        0.0000000000000000     
   1.5600000000000025        0.0000000000000000        0.0000000000000000     
   1.5800000000000025        0.0000000000000000        0.0000000000000000     
   1.6000000000000025        0.0000000000000000        0.0000000000000000     
   1.6200000000000025        0.0000000000000000        0.0000000000000000     
   1.6400000000000026        0.0000000000000000        0.0000000000000000     
   1.6600000000000026        0.0000000000000000        0.0000000000000000     
   1.6800000000000026        0.0000000000000000        0.0000000000000000     
   1.7000000000000026        0.0000000000000000        0.0000000000000000     
   1.7200000000000026        0.0000000000000000        0.0000000000000000     
   1.7400000000000027        0.0000000000000000        0.0000000000000000     
   1.7600000000000027        0.0000000000000000        0.0000000000000000     
   1.7800000000000027        0.0000000000000000        0.0000000000000000     
   1.8000000000000027        0.0000000000000000        0.0000000000000000     
   1.8200000000000027        0.0000000000000000        0.0000000000000000     
   1.8400000000000027        0.0000000000000000        0.0000000000000000     
   1.8600000000000028        0.0000000000000000        0.0000000000000000     
   1.8800000000000028        0.0000000000000000        0.0000000000000000     
   1.9000000000000028        0.0000000000000000        0.0000000000000000     
   1.9200000000000028        0.0000000000000000        0.0000000000000000     
   1.9400000000000028        0.0000000000000000        0.0000000000000000     
   1.9600000000000029        0.0000000000000000        0.0000000000000000     
   1.9800000000000026        0.0000000000000000        0.0000000000000000     
