  0.59999999999999998        0.0000000000000000        0.0000000000000000     
  0.60599999999999998        0.0000000000000000        0.0000000000000000     
  0.61199999999999999        0.0000000000000000        0.0000000000000000     
  0.61799999999999999        2.5083482808265005       0.71373728437961770     
  0.62400000000000000        11.903653315964032        5.7287445169291944     
  0.63000000000000000        7.0036194771549516        2.6306283555513748     
  0.63600000000000001        7.5364712859475391        2.0896541691755530     
  0.64200000000000002        10.419887228565896        5.4151419277671939     
  0.64800000000000002        10.079183430426118        3.1190406811301905     
  0.65400000000000003        12.466116067537932        3.9597646928847943     
  0.66000000000000003        12.992112443170035        5.6618809150750575     
  0.66600000000000004        7.1642966785190820        1.5648882683696894     
  0.67200000000000004        12.670524717909263        4.9210961732979523     
  0.67800000000000005        8.3080140393872881        2.2276278344903742     
  0.68400000000000005        22.754017176992317        14.551560382060288     
  0.69000000000000006        12.367426778218503        4.5288554682022850     
  0.69600000000000006        11.678360307659217        3.7775508265312112     
  0.70200000000000007        25.630477922696464        12.727762845654055     
  0.70800000000000007        12.103625442459158        6.2415363692412020     
  0.71400000000000008        15.717270283118747        4.4982537358891346     
  0.72000000000000008        11.024071028704572        3.5983362854943670     
  0.72600000000000009        6.2515829116450750        1.1560532153093592     
  0.73200000000000010        13.739225086249649        7.5894050249936411     
  0.73800000000000010        6.2692401366973405        1.0890087041553860     
  0.74400000000000011        20.146050170244365        10.066643074446697     
  0.75000000000000011        8.7010139328079017        1.7822637116099005     
  0.75600000000000012        12.776704766493848        2.7119379256099827     
  0.76200000000000012        11.251948269279694        2.5985155058468297     
  0.76800000000000013        10.706095824524763        2.5883799997505061     
  0.77400000000000013        11.247331129832688        3.5783986216577359     
  0.78000000000000014        27.493265546055053        11.114719986459225     
  0.78600000000000014        13.489577918783016        4.1379788432722124     
  0.79200000000000015        9.8365352717907495        1.8356879371468409     
  0.79800000000000015        30.726110574614530        16.467916500197841     
  0.80400000000000016        13.544041696709677        3.4286890731600446     
  0.81000000000000016        17.015809820966826        3.8015359663132164     
  0.81600000000000017        17.879997054952195        4.9613391659469146     
  0.82200000000000017        11.873904046002682        2.8905934581252910     
  0.82800000000000018        11.933183124398157        2.8666656896947482     
  0.83400000000000019        13.067877849674364        2.7178620267958307     
  0.84000000000000019        39.477006823204647        27.796555959016633     
  0.84600000000000020        10.443081815435079        1.6034436478517138     
  0.85200000000000020        11.186999363874344        2.5206014934535586     
  0.85800000000000021        14.781881166120101        5.0536648902674468     
  0.86400000000000021        8.7287691319224816        1.3644446357725548     
  0.87000000000000022        62.827282676650832        26.633911349382711     
  0.87600000000000022        13.764059653798563        2.4882968948090611     
  0.88200000000000023        29.464558064712076        16.197938994953841     
  0.88800000000000023        19.481408088662118        7.2683192237823029     
  0.89400000000000024        10.541208042885541        2.9884319842737024     
  0.90000000000000024        12.820803594554558        4.2141246231184910     
  0.90600000000000025        21.684869220495781        11.162074152007115     
  0.91200000000000025        12.901789021809451        2.4518554239130026     
  0.91800000000000026        14.508392949035859        5.6031833125775723     
  0.92400000000000027        13.704093681003258        1.9762159868376019     
  0.93000000000000027        8.4021383369289833        1.5141919225617104     
  0.93600000000000028        26.373259706584562        8.5599201395481934     
  0.94200000000000028        18.831189676713340        6.3523451220074731     
  0.94800000000000029        13.971855247395396        2.1040851575725799     
  0.95400000000000029        12.601970244843336        1.9149106943508483     
  0.96000000000000030        30.244446035422357        8.2874301417779925     
  0.96600000000000030        24.286174162321274        8.4877570268299909     
  0.97200000000000031        19.109316940112421        2.9076055905605704     
  0.97800000000000031        15.865719352089528        3.2965660229351235     
  0.98400000000000032        29.196265444051285        9.5232597475999068     
  0.99000000000000032        11.453155693096621        1.6084924546706540     
  0.99600000000000022        20.948425863344266        5.2752618836346912     
   1.0020000000000002        17.957771960934473        4.1602256538282401     
   1.0080000000000002        21.572093419206819        4.2817612453829463     
   1.0140000000000002        18.756328466109721        5.4033348811593331     
   1.0200000000000002        14.031320193765234        2.3135484922477416     
   1.0260000000000002        27.643712363174483        13.298570722759957     
   1.0320000000000003        14.064981031273650        2.0000081651404376     
   1.0380000000000003        22.124846306304168        4.6777543460102429     
   1.0440000000000003        19.766879229986088        3.4253564088404951     
   1.0500000000000003        27.324163740751100        3.8831471494961023     
   1.0560000000000003        43.368359708675264        17.718467417421479     
   1.0620000000000003        15.125700913626813        2.6796095331664675     
   1.0680000000000003        34.560067130357346        13.429578898305170     
   1.0740000000000003        32.421596629349672        4.7891683853250733     
   1.0800000000000003        44.734369547422880        17.977063853544134     
   1.0860000000000003        32.977981847304285        7.3674421880475336     
   1.0920000000000003        29.418529652513726        3.5722508500788326     
   1.0980000000000003        32.395944407504544        5.1878168475492998     
   1.1040000000000003        30.924424847388572        4.0837968837149319     
   1.1100000000000003        47.158772878094460        18.187552242024658     
   1.1160000000000003        54.345160390701942        15.278991715436829     
   1.1220000000000003        31.695003886525232        4.0663972556022863     
   1.1280000000000003        49.549608582279305        18.841808677727727     
   1.1340000000000003        65.142525658826528        24.019911170831897     
   1.1400000000000003        19.026132975172654        2.3189136968926416     
   1.1460000000000004        14.963174500384335        2.8653624470888603     
   1.1520000000000004        17.175086243570647        5.5243295869607305     
   1.1580000000000004        12.481151524862923        2.7098905382655327     
   1.1640000000000004        13.693894760095896        3.9032707494062624     
   1.1700000000000004        16.818138134160495        5.2710899085401950     
   1.1760000000000004        8.0935651279569480        1.1403819438913463     
   1.1820000000000004        9.0419781575439728        1.6723944583947339     
   1.1880000000000004        7.2754365864323827        1.3902145248063622     
   1.1940000000000004        7.6252353319459552        1.4697690401815240     
   1.2000000000000004        7.0960855128695464        1.6948853852377155     
   1.2060000000000004        7.1438517837571087        1.3876841195804737     
   1.2120000000000004        6.4984913178730865       0.88293735584281441     
   1.2180000000000004        6.8633049129764867        1.3490720751074059     
   1.2240000000000004        5.8676313375306579       0.85002112132377938     
   1.2300000000000004        5.5143659474366276       0.95135643330582087     
   1.2360000000000004        6.9490410174867696       0.79889207143218410     
   1.2420000000000004        1.1878199263081426       0.25634204433995528     
   1.2480000000000004        0.0000000000000000        0.0000000000000000     
   1.2540000000000004        0.0000000000000000        0.0000000000000000     
   1.2600000000000005        0.0000000000000000        0.0000000000000000     
   1.2660000000000005        0.0000000000000000        0.0000000000000000     
   1.2720000000000005        0.0000000000000000        0.0000000000000000     
   1.2780000000000005        0.0000000000000000        0.0000000000000000     
   1.2840000000000005        0.0000000000000000        0.0000000000000000     
   1.2900000000000005        0.0000000000000000        0.0000000000000000     
   1.2960000000000005        0.0000000000000000        0.0000000000000000     
   1.3020000000000005        0.0000000000000000        0.0000000000000000     
   1.3080000000000005        0.0000000000000000        0.0000000000000000     
   1.3140000000000005        0.0000000000000000        0.0000000000000000     
   1.3200000000000005        0.0000000000000000        0.0000000000000000     
   1.3260000000000005        0.0000000000000000        0.0000000000000000     
   1.3320000000000005        0.0000000000000000        0.0000000000000000     
   1.3380000000000005        0.0000000000000000        0.0000000000000000     
   1.3440000000000005        0.0000000000000000        0.0000000000000000     
   1.3500000000000005        0.0000000000000000        0.0000000000000000     
   1.3560000000000005        0.0000000000000000        0.0000000000000000     
   1.3620000000000005        0.0000000000000000        0.0000000000000000     
   1.3680000000000005        0.0000000000000000        0.0000000000000000     
   1.3740000000000006        0.0000000000000000        0.0000000000000000     
   1.3800000000000006        0.0000000000000000        0.0000000000000000     
   1.3860000000000006        0.0000000000000000        0.0000000000000000     
   1.3920000000000006        0.0000000000000000        0.0000000000000000     
   1.3980000000000006        0.0000000000000000        0.0000000000000000     
   1.4040000000000006        0.0000000000000000        0.0000000000000000     
   1.4100000000000006        0.0000000000000000        0.0000000000000000     
   1.4160000000000006        0.0000000000000000        0.0000000000000000     
   1.4220000000000006        0.0000000000000000        0.0000000000000000     
   1.4280000000000006        0.0000000000000000        0.0000000000000000     
   1.4340000000000006        0.0000000000000000        0.0000000000000000     
   1.4400000000000006        0.0000000000000000        0.0000000000000000     
   1.4460000000000006        0.0000000000000000        0.0000000000000000     
   1.4520000000000006        0.0000000000000000        0.0000000000000000     
   1.4580000000000006        0.0000000000000000        0.0000000000000000     
   1.4640000000000006        0.0000000000000000        0.0000000000000000     
   1.4700000000000006        0.0000000000000000        0.0000000000000000     
   1.4760000000000006        0.0000000000000000        0.0000000000000000     
   1.4820000000000007        0.0000000000000000        0.0000000000000000     
   1.4880000000000007        0.0000000000000000        0.0000000000000000     
   1.4940000000000007        0.0000000000000000        0.0000000000000000     
   1.5000000000000007        0.0000000000000000        0.0000000000000000     
   1.5060000000000007        0.0000000000000000        0.0000000000000000     
   1.5120000000000007        0.0000000000000000        0.0000000000000000     
   1.5180000000000007        0.0000000000000000        0.0000000000000000     
   1.5240000000000007        0.0000000000000000        0.0000000000000000     
   1.5300000000000007        0.0000000000000000        0.0000000000000000     
   1.5360000000000007        0.0000000000000000        0.0000000000000000     
   1.5420000000000007        0.0000000000000000        0.0000000000000000     
   1.5480000000000007        0.0000000000000000        0.0000000000000000     
   1.5540000000000007        0.0000000000000000        0.0000000000000000     
   1.5600000000000007        0.0000000000000000        0.0000000000000000     
   1.5660000000000007        0.0000000000000000        0.0000000000000000     
   1.5720000000000007        0.0000000000000000        0.0000000000000000     
   1.5780000000000007        0.0000000000000000        0.0000000000000000     
   1.5840000000000007        0.0000000000000000        0.0000000000000000     
   1.5900000000000007        0.0000000000000000        0.0000000000000000     
   1.5960000000000008        0.0000000000000000        0.0000000000000000     
   1.6020000000000008        0.0000000000000000        0.0000000000000000     
   1.6080000000000008        0.0000000000000000        0.0000000000000000     
   1.6140000000000008        0.0000000000000000        0.0000000000000000     
   1.6200000000000008        0.0000000000000000        0.0000000000000000     
   1.6260000000000008        0.0000000000000000        0.0000000000000000     
   1.6320000000000008        0.0000000000000000        0.0000000000000000     
   1.6380000000000008        0.0000000000000000        0.0000000000000000     
   1.6440000000000008        0.0000000000000000        0.0000000000000000     
   1.6500000000000008        0.0000000000000000        0.0000000000000000     
   1.6560000000000008        0.0000000000000000        0.0000000000000000     
   1.6620000000000008        0.0000000000000000        0.0000000000000000     
   1.6680000000000008        0.0000000000000000        0.0000000000000000     
   1.6740000000000008        0.0000000000000000        0.0000000000000000     
   1.6800000000000008        0.0000000000000000        0.0000000000000000     
   1.6860000000000008        0.0000000000000000        0.0000000000000000     
   1.6920000000000008        0.0000000000000000        0.0000000000000000     
   1.6980000000000008        0.0000000000000000        0.0000000000000000     
   1.7040000000000008        0.0000000000000000        0.0000000000000000     
   1.7100000000000009        0.0000000000000000        0.0000000000000000     
   1.7160000000000009        0.0000000000000000        0.0000000000000000     
   1.7220000000000009        0.0000000000000000        0.0000000000000000     
   1.7280000000000009        0.0000000000000000        0.0000000000000000     
   1.7340000000000009        0.0000000000000000        0.0000000000000000     
   1.7400000000000009        0.0000000000000000        0.0000000000000000     
   1.7460000000000009        0.0000000000000000        0.0000000000000000     
   1.7520000000000009        0.0000000000000000        0.0000000000000000     
   1.7580000000000009        0.0000000000000000        0.0000000000000000     
   1.7640000000000009        0.0000000000000000        0.0000000000000000     
   1.7700000000000009        0.0000000000000000        0.0000000000000000     
   1.7760000000000009        0.0000000000000000        0.0000000000000000     
   1.7820000000000009        0.0000000000000000        0.0000000000000000     
   1.7880000000000009        0.0000000000000000        0.0000000000000000     
   1.7940000000000009        0.0000000000000000        0.0000000000000000     
