  -6.0000000000000000        0.0000000000000000        0.0000000000000000     
  -5.9000000000000004        5.5244048391870368E-003   7.9084605726873391E-004
  -5.8000000000000007       0.39985902394129530        8.9906471978639501E-003
  -5.7000000000000011       0.69430902636089686        1.0367289186651304E-002
  -5.6000000000000014       0.67906828696011701        1.0197366788974864E-002
  -5.5000000000000018       0.69482874698480657        1.0271928699485471E-002
  -5.4000000000000021       0.73538265148558024        1.1721592425885989E-002
  -5.3000000000000025       0.73139560049513164        1.1570538263360967E-002
  -5.2000000000000028       0.72207918772394752        1.0640595560921891E-002
  -5.1000000000000032       0.74000896716228304        1.0947183183516911E-002
  -5.0000000000000036       0.75576157931428023        1.1533563054139289E-002
  -4.9000000000000039       0.77471303298305105        1.1714054586267082E-002
  -4.8000000000000043       0.78643282228053402        1.1528826754336351E-002
  -4.7000000000000046       0.76454263332505190        1.0402080734538599E-002
  -4.6000000000000050       0.80080295282456038        1.1445058043441120E-002
  -4.5000000000000053       0.82336028106704817        1.2644952001035454E-002
  -4.4000000000000057       0.80930418030071805        1.1051496620305079E-002
  -4.3000000000000060       0.82792055923877717        1.1816098215627001E-002
  -4.2000000000000064       0.84143439228532357        1.2163975767751183E-002
  -4.1000000000000068       0.85477227489205587        1.2452310899829544E-002
  -4.0000000000000071       0.84817104664023957        1.1871418763898835E-002
  -3.9000000000000070       0.88980274861048669        1.2899566720139531E-002
  -3.8000000000000069       0.86845657347139649        1.1649039262382078E-002
  -3.7000000000000068       0.88630167733209919        1.1963169107257855E-002
  -3.6000000000000068       0.89119566093297342        1.1549149125027448E-002
  -3.5000000000000067       0.90135522491263209        1.2062816960166938E-002
  -3.4000000000000066       0.90639173728777922        1.1930960085640195E-002
  -3.3000000000000065       0.92411882306371662        1.2116369297630290E-002
  -3.2000000000000064       0.94139762769856294        1.2428559154397631E-002
  -3.1000000000000063       0.94798962462999647        1.2133842826454631E-002
  -3.0000000000000062       0.93736918884675235        1.2157755095019577E-002
  -2.9000000000000061       0.97612546686298807        1.2783720424151424E-002
  -2.8000000000000060       0.98281650732776249        1.3212656822214614E-002
  -2.7000000000000060       0.98306400819945761        1.2733970040576637E-002
  -2.6000000000000059        1.0067316538343762        1.2776309106779361E-002
  -2.5000000000000058        1.0181211521486195        1.2909267238916191E-002
  -2.4000000000000057        1.0338878301058025        1.3516976892552501E-002
  -2.3000000000000056        1.0503985203698898        1.3185484796108532E-002
  -2.2000000000000055        1.0328186857072601        1.2908195487744748E-002
  -2.1000000000000054        1.0444837911913820        1.2896287784855555E-002
  -2.0000000000000053        1.0883451248369018        1.4638560744125801E-002
  -1.9000000000000052        1.0614083147783471        1.2851229788462827E-002
  -1.8000000000000052        1.0875792881743553        1.4141389451517342E-002
  -1.7000000000000051        1.0743924171082282        1.3473526328209454E-002
  -1.6000000000000050        1.0972565278902362        1.4064759347088588E-002
  -1.5000000000000049        1.0854613555066335        1.3855410597838675E-002
  -1.4000000000000048        1.0733751895848946        1.3356795954891245E-002
  -1.3000000000000047        1.0857059881037272        1.3703272250695973E-002
  -1.2000000000000046        1.0484654980643797        1.3110288434085040E-002
  -1.1000000000000045        1.0161044808037911        1.2307032152031463E-002
  -1.0000000000000044       0.99320706782388035        1.2622147666473349E-002
 -0.90000000000000446       0.94243498212703225        1.2912206980496726E-002
 -0.80000000000000449       0.86093835859529699        1.2249431621143005E-002
 -0.70000000000000451       0.70173774269893729        1.0746678763788901E-002
 -0.60000000000000453       0.41239281038234271        7.7250018773405800E-003
 -0.50000000000000455       0.23260857146490785        6.3113490136135339E-003
 -0.40000000000000457        5.1386372326311727E-002   3.0779776654321868E-003
 -0.30000000000000460        1.4502014218330027E-003   2.4666977943273605E-004
 -0.20000000000000459        0.0000000000000000        0.0000000000000000     
 -0.10000000000000459        0.0000000000000000        0.0000000000000000     
  -4.5796699765787707E-015   59.874894935317727        9.8742780306863842E-002
   9.9999999999995426E-002   0.0000000000000000        0.0000000000000000     
  0.19999999999999543        0.0000000000000000        0.0000000000000000     
  0.29999999999999549        0.0000000000000000        0.0000000000000000     
  0.39999999999999547        0.0000000000000000        0.0000000000000000     
  0.49999999999999545        7.9216916876974113E-006   7.9216913995866285E-006
  0.59999999999999543        0.0000000000000000        0.0000000000000000     
  0.69999999999999540        0.0000000000000000        0.0000000000000000     
  0.79999999999999538        0.0000000000000000        0.0000000000000000     
  0.89999999999999536        0.0000000000000000        0.0000000000000000     
  0.99999999999999545        0.0000000000000000        0.0000000000000000     
   1.0999999999999954        0.0000000000000000        0.0000000000000000     
   1.1999999999999955        0.0000000000000000        0.0000000000000000     
   1.2999999999999956        0.0000000000000000        0.0000000000000000     
   1.3999999999999957        0.0000000000000000        0.0000000000000000     
   1.4999999999999958        0.0000000000000000        0.0000000000000000     
   1.5999999999999959        0.0000000000000000        0.0000000000000000     
   1.6999999999999960        0.0000000000000000        0.0000000000000000     
   1.7999999999999960        0.0000000000000000        0.0000000000000000     
   1.8999999999999961        0.0000000000000000        0.0000000000000000     
   1.9999999999999960        0.0000000000000000        0.0000000000000000     
   2.0999999999999961        0.0000000000000000        0.0000000000000000     
   2.1999999999999962        0.0000000000000000        0.0000000000000000     
   2.2999999999999963        0.0000000000000000        0.0000000000000000     
   2.3999999999999964        0.0000000000000000        0.0000000000000000     
   2.4999999999999964        0.0000000000000000        0.0000000000000000     
   2.5999999999999965        0.0000000000000000        0.0000000000000000     
   2.6999999999999966        0.0000000000000000        0.0000000000000000     
   2.7999999999999967        0.0000000000000000        0.0000000000000000     
   2.8999999999999968        0.0000000000000000        0.0000000000000000     
   2.9999999999999969        0.0000000000000000        0.0000000000000000     
   3.0999999999999970        0.0000000000000000        0.0000000000000000     
   3.1999999999999971        0.0000000000000000        0.0000000000000000     
   3.2999999999999972        0.0000000000000000        0.0000000000000000     
   3.3999999999999972        0.0000000000000000        0.0000000000000000     
   3.4999999999999973        0.0000000000000000        0.0000000000000000     
   3.5999999999999974        0.0000000000000000        0.0000000000000000     
   3.6999999999999975        0.0000000000000000        0.0000000000000000     
   3.7999999999999976        0.0000000000000000        0.0000000000000000     
   3.8999999999999977        0.0000000000000000        0.0000000000000000     
   3.9999999999999978        0.0000000000000000        0.0000000000000000     
   4.0999999999999979        0.0000000000000000        0.0000000000000000     
   4.1999999999999975        0.0000000000000000        0.0000000000000000     
   4.2999999999999972        0.0000000000000000        0.0000000000000000     
   4.3999999999999968        0.0000000000000000        0.0000000000000000     
   4.4999999999999964        0.0000000000000000        0.0000000000000000     
   4.5999999999999961        0.0000000000000000        0.0000000000000000     
   4.6999999999999957        0.0000000000000000        0.0000000000000000     
   4.7999999999999954        0.0000000000000000        0.0000000000000000     
   4.8999999999999950        0.0000000000000000        0.0000000000000000     
   4.9999999999999947        0.0000000000000000        0.0000000000000000     
   5.0999999999999943        0.0000000000000000        0.0000000000000000     
   5.1999999999999940        0.0000000000000000        0.0000000000000000     
   5.2999999999999936        0.0000000000000000        0.0000000000000000     
   5.3999999999999932        0.0000000000000000        0.0000000000000000     
   5.4999999999999929        0.0000000000000000        0.0000000000000000     
   5.5999999999999925        0.0000000000000000        0.0000000000000000     
   5.6999999999999922        0.0000000000000000        0.0000000000000000     
   5.7999999999999918        0.0000000000000000        0.0000000000000000     
   5.8999999999999915        0.0000000000000000        0.0000000000000000     
   5.9999999999999911        0.0000000000000000        0.0000000000000000     
   6.0999999999999908        0.0000000000000000        0.0000000000000000     
   6.1999999999999904        0.0000000000000000        0.0000000000000000     
   6.2999999999999901        0.0000000000000000        0.0000000000000000     
   6.3999999999999897        0.0000000000000000        0.0000000000000000     
   6.4999999999999893        0.0000000000000000        0.0000000000000000     
   6.5999999999999890        0.0000000000000000        0.0000000000000000     
   6.6999999999999886        0.0000000000000000        0.0000000000000000     
   6.7999999999999883        0.0000000000000000        0.0000000000000000     
   6.8999999999999879        0.0000000000000000        0.0000000000000000     
   6.9999999999999876        0.0000000000000000        0.0000000000000000     
   7.0999999999999872        0.0000000000000000        0.0000000000000000     
   7.1999999999999869        0.0000000000000000        0.0000000000000000     
   7.2999999999999865        0.0000000000000000        0.0000000000000000     
   7.3999999999999861        0.0000000000000000        0.0000000000000000     
   7.4999999999999858        0.0000000000000000        0.0000000000000000     
   7.5999999999999854        0.0000000000000000        0.0000000000000000     
   7.6999999999999851        0.0000000000000000        0.0000000000000000     
   7.7999999999999847        0.0000000000000000        0.0000000000000000     
   7.8999999999999844        0.0000000000000000        0.0000000000000000     
   7.9999999999999840        0.0000000000000000        0.0000000000000000     
   8.0999999999999837        0.0000000000000000        0.0000000000000000     
   8.1999999999999833        0.0000000000000000        0.0000000000000000     
   8.2999999999999829        0.0000000000000000        0.0000000000000000     
   8.3999999999999826        0.0000000000000000        0.0000000000000000     
   8.4999999999999822        0.0000000000000000        0.0000000000000000     
   8.5999999999999819        0.0000000000000000        0.0000000000000000     
   8.6999999999999815        0.0000000000000000        0.0000000000000000     
   8.7999999999999812        0.0000000000000000        0.0000000000000000     
   8.8999999999999808        0.0000000000000000        0.0000000000000000     
   8.9999999999999805        0.0000000000000000        0.0000000000000000     
   9.0999999999999801        0.0000000000000000        0.0000000000000000     
   9.1999999999999797        0.0000000000000000        0.0000000000000000     
   9.2999999999999794        0.0000000000000000        0.0000000000000000     
   9.3999999999999790        0.0000000000000000        0.0000000000000000     
   9.4999999999999787        0.0000000000000000        0.0000000000000000     
   9.5999999999999783        0.0000000000000000        0.0000000000000000     
   9.6999999999999780        0.0000000000000000        0.0000000000000000     
   9.7999999999999776        0.0000000000000000        0.0000000000000000     
   9.8999999999999773        0.0000000000000000        0.0000000000000000     
   9.9999999999999769        0.0000000000000000        0.0000000000000000     
   10.099999999999977        0.0000000000000000        0.0000000000000000     
   10.199999999999976        0.0000000000000000        0.0000000000000000     
   10.299999999999976        0.0000000000000000        0.0000000000000000     
   10.399999999999975        0.0000000000000000        0.0000000000000000     
   10.499999999999975        0.0000000000000000        0.0000000000000000     
   10.599999999999975        0.0000000000000000        0.0000000000000000     
   10.699999999999974        0.0000000000000000        0.0000000000000000     
   10.799999999999974        0.0000000000000000        0.0000000000000000     
   10.899999999999974        0.0000000000000000        0.0000000000000000     
   10.999999999999973        0.0000000000000000        0.0000000000000000     
   11.099999999999973        0.0000000000000000        0.0000000000000000     
   11.199999999999973        0.0000000000000000        0.0000000000000000     
   11.299999999999972        0.0000000000000000        0.0000000000000000     
   11.399999999999972        0.0000000000000000        0.0000000000000000     
   11.499999999999972        0.0000000000000000        0.0000000000000000     
   11.599999999999971        0.0000000000000000        0.0000000000000000     
   11.699999999999971        0.0000000000000000        0.0000000000000000     
   11.799999999999971        0.0000000000000000        0.0000000000000000     
   11.899999999999970        0.0000000000000000        0.0000000000000000     
   11.999999999999970        0.0000000000000000        0.0000000000000000     
   12.099999999999969        0.0000000000000000        0.0000000000000000     
   12.199999999999969        0.0000000000000000        0.0000000000000000     
   12.299999999999969        0.0000000000000000        0.0000000000000000     
   12.399999999999968        0.0000000000000000        0.0000000000000000     
   12.499999999999968        0.0000000000000000        0.0000000000000000     
   12.599999999999968        0.0000000000000000        0.0000000000000000     
   12.699999999999967        0.0000000000000000        0.0000000000000000     
   12.799999999999967        0.0000000000000000        0.0000000000000000     
   12.899999999999967        0.0000000000000000        0.0000000000000000     
   12.999999999999966        0.0000000000000000        0.0000000000000000     
   13.099999999999966        0.0000000000000000        0.0000000000000000     
   13.199999999999966        0.0000000000000000        0.0000000000000000     
   13.299999999999965        0.0000000000000000        0.0000000000000000     
   13.399999999999965        0.0000000000000000        0.0000000000000000     
   13.499999999999964        0.0000000000000000        0.0000000000000000     
   13.599999999999964        0.0000000000000000        0.0000000000000000     
   13.699999999999964        0.0000000000000000        0.0000000000000000     
   13.799999999999963        0.0000000000000000        0.0000000000000000     
   13.899999999999963        0.0000000000000000        0.0000000000000000     
