   0.0000000000000000        173.16781399498879       0.12697591039489617     
   1.0000000000000000E-002   106.98954220216008       0.19047743850293897     
   1.9999999999999997E-002   122.59038483766555       0.34848160980176840     
   2.9999999999999999E-002   128.83377669422737       0.44710236230023997     
   4.0000000000000001E-002   118.71624792612256       0.46495379190728131     
   5.0000000000000003E-002   110.27233984121526       0.48424474038641457     
   6.0000000000000005E-002   101.41465453551126       0.49659541732516327     
   7.0000000000000007E-002   88.542182532487288       0.49697493688635969     
   8.0000000000000002E-002   65.605454123754399       0.46622131952594181     
   8.9999999999999997E-002   33.980757958714513       0.33331379199478323     
   9.9999999999999992E-002   15.936997260024583       0.21307817136827609     
  0.10999999999999999        8.9552364324424421       0.15329458578574581     
  0.11999999999999998        5.2538800045336549       0.10312649413564157     
  0.12999999999999998        3.4087028856711665        7.7240196647966192E-002
  0.13999999999999999        2.3075046591823600        5.6976074730482849E-002
  0.14999999999999999        1.7499615080761244        4.9423755617687824E-002
  0.16000000000000000        1.3580556495544069        4.1416344479899891E-002
  0.17000000000000001        1.0232520194332997        3.3779284652140411E-002
  0.18000000000000002       0.76374898285517423        2.3421677374311892E-002
  0.19000000000000003       0.59544806209918411        2.1022985770837225E-002
  0.20000000000000004       0.54372659422592562        2.1703078330266527E-002
  0.21000000000000005       0.45792542818349813        1.8463524058882120E-002
  0.22000000000000006       0.35657378051588412        1.4385750167619568E-002
  0.23000000000000007       0.32604136071479201        1.5002009617623439E-002
  0.24000000000000005       0.31400362472085702        1.5529080791324939E-002
  0.25000000000000006       0.25234232940776846        1.2261334620699898E-002
  0.26000000000000006       0.21217943637938083        1.0894545237581913E-002
  0.27000000000000007       0.19226398315178989        1.0144229046652468E-002
  0.28000000000000008       0.17490057543320656        9.7442683520736970E-003
  0.29000000000000009       0.15632260958855676        9.8196511556930457E-003
  0.30000000000000010       0.13289544286824331        7.1077111298560305E-003
  0.31000000000000011       0.11490167240097048        7.6571757493815963E-003
  0.32000000000000012       0.11075269287194019        6.0829658977691846E-003
  0.33000000000000013        9.0284228972190433E-002   5.5727992285607934E-003
  0.34000000000000014        9.7519892437797642E-002   7.1583704969917124E-003
  0.35000000000000014        8.3841179929362089E-002   6.6165878692627357E-003
  0.36000000000000015        7.8262445357023078E-002   5.9575984186418709E-003
  0.37000000000000016        7.9577290198178760E-002   6.9349843822735418E-003
  0.38000000000000017        7.0078275452312835E-002   5.6313306224034573E-003
  0.39000000000000018        6.4364391246986438E-002   6.5173101529732019E-003
  0.40000000000000019        6.2902829022061041E-002   7.2152946842320067E-003
  0.41000000000000020        5.6862071181925745E-002   5.4068491693029033E-003
  0.42000000000000021        4.1851650703373482E-002   2.5583075958530870E-003
  0.43000000000000022        4.5590505481334628E-002   3.5776666744669959E-003
  0.44000000000000022        3.9700505101411550E-002   3.4146413094392259E-003
  0.45000000000000023        3.8520876218124965E-002   4.4188314317897201E-003
  0.46000000000000024        3.7390160087895426E-002   3.3216972487924100E-003
  0.47000000000000025        3.6438015654783468E-002   3.8651023393732353E-003
  0.48000000000000026        3.6301935204800760E-002   5.0295548624572778E-003
  0.49000000000000021        2.8088074107828001E-002   3.2428474221318430E-003
  0.50000000000000022        3.3199833506512795E-002   4.4332403831208629E-003
  0.51000000000000023        2.7291719963463853E-002   3.1404076479454503E-003
  0.52000000000000024        3.4699750961867913E-002   5.6209344538623142E-003
  0.53000000000000025        2.4739085408366886E-002   3.3297776731463628E-003
  0.54000000000000026        2.6285959250826153E-002   2.9987111199481476E-003
  0.55000000000000027        2.3343147157471645E-002   2.7879412311827855E-003
  0.56000000000000028        2.1119785478538964E-002   2.8704340425672412E-003
  0.57000000000000028        2.8186107576597515E-002   6.2533229935020154E-003
  0.58000000000000029        2.7752487707008076E-002   4.5614784150614278E-003
  0.59000000000000030        2.1089353089330982E-002   4.0097642669780107E-003
  0.60000000000000031        1.1736233280659416E-002   1.4370616159087536E-003
  0.61000000000000032        1.6786725910641263E-002   3.7642531927672921E-003
  0.62000000000000033        1.4561790212343622E-002   3.5569379908835246E-003
  0.63000000000000034        1.4147905233411371E-002   3.5961839976096474E-003
  0.64000000000000035        1.0173909909065809E-002   1.6589651688175330E-003
  0.65000000000000036        1.1710456506702681E-002   2.3812909559175273E-003
  0.66000000000000036        1.1025960478279185E-002   2.8765743802604969E-003
  0.67000000000000037        1.1166543192531232E-002   3.6520916789693474E-003
  0.68000000000000038        6.8789473290986024E-003   1.6363448827205263E-003
  0.69000000000000039        9.8883704594554186E-003   3.9371244183898221E-003
  0.70000000000000040        5.4848403492550428E-003   1.5125180037251296E-003
  0.71000000000000041        5.2979656724429806E-003   1.8682954148551620E-003
  0.72000000000000042        2.4773821766906302E-003   1.2403471880343996E-003
  0.73000000000000043        3.0956951698723834E-003   1.9750694439510793E-003
  0.74000000000000044        4.4817290543055317E-004   2.3977949261214774E-004
  0.75000000000000044        0.0000000000000000        0.0000000000000000     
  0.76000000000000045        0.0000000000000000        0.0000000000000000     
  0.77000000000000046        0.0000000000000000        0.0000000000000000     
  0.78000000000000047        0.0000000000000000        0.0000000000000000     
  0.79000000000000048        0.0000000000000000        0.0000000000000000     
  0.80000000000000049        0.0000000000000000        0.0000000000000000     
  0.81000000000000050        0.0000000000000000        0.0000000000000000     
  0.82000000000000051        0.0000000000000000        0.0000000000000000     
  0.83000000000000052        0.0000000000000000        0.0000000000000000     
  0.84000000000000052        0.0000000000000000        0.0000000000000000     
  0.85000000000000053        0.0000000000000000        0.0000000000000000     
  0.86000000000000054        0.0000000000000000        0.0000000000000000     
  0.87000000000000055        0.0000000000000000        0.0000000000000000     
  0.88000000000000056        0.0000000000000000        0.0000000000000000     
  0.89000000000000057        0.0000000000000000        0.0000000000000000     
  0.90000000000000058        0.0000000000000000        0.0000000000000000     
  0.91000000000000059        0.0000000000000000        0.0000000000000000     
  0.92000000000000060        0.0000000000000000        0.0000000000000000     
  0.93000000000000060        0.0000000000000000        0.0000000000000000     
  0.94000000000000061        0.0000000000000000        0.0000000000000000     
  0.95000000000000062        0.0000000000000000        0.0000000000000000     
  0.96000000000000063        0.0000000000000000        0.0000000000000000     
  0.97000000000000064        0.0000000000000000        0.0000000000000000     
  0.98000000000000065        0.0000000000000000        0.0000000000000000     
  0.99000000000000066        0.0000000000000000        0.0000000000000000     
   1.0000000000000007        0.0000000000000000        0.0000000000000000     
   1.0100000000000007        0.0000000000000000        0.0000000000000000     
   1.0200000000000007        0.0000000000000000        0.0000000000000000     
   1.0300000000000007        0.0000000000000000        0.0000000000000000     
   1.0400000000000007        0.0000000000000000        0.0000000000000000     
   1.0500000000000007        0.0000000000000000        0.0000000000000000     
   1.0600000000000007        0.0000000000000000        0.0000000000000000     
   1.0700000000000007        0.0000000000000000        0.0000000000000000     
   1.0800000000000007        0.0000000000000000        0.0000000000000000     
   1.0900000000000007        0.0000000000000000        0.0000000000000000     
   1.1000000000000008        0.0000000000000000        0.0000000000000000     
   1.1100000000000008        0.0000000000000000        0.0000000000000000     
   1.1200000000000008        0.0000000000000000        0.0000000000000000     
   1.1300000000000008        0.0000000000000000        0.0000000000000000     
   1.1400000000000008        0.0000000000000000        0.0000000000000000     
   1.1500000000000008        0.0000000000000000        0.0000000000000000     
   1.1600000000000008        0.0000000000000000        0.0000000000000000     
   1.1700000000000008        0.0000000000000000        0.0000000000000000     
   1.1800000000000008        0.0000000000000000        0.0000000000000000     
   1.1900000000000008        0.0000000000000000        0.0000000000000000     
   1.2000000000000008        0.0000000000000000        0.0000000000000000     
   1.2100000000000009        0.0000000000000000        0.0000000000000000     
   1.2200000000000009        0.0000000000000000        0.0000000000000000     
   1.2300000000000009        0.0000000000000000        0.0000000000000000     
   1.2400000000000009        0.0000000000000000        0.0000000000000000     
   1.2500000000000009        0.0000000000000000        0.0000000000000000     
   1.2600000000000009        0.0000000000000000        0.0000000000000000     
   1.2700000000000009        0.0000000000000000        0.0000000000000000     
   1.2800000000000009        0.0000000000000000        0.0000000000000000     
   1.2900000000000009        0.0000000000000000        0.0000000000000000     
   1.3000000000000009        0.0000000000000000        0.0000000000000000     
   1.3100000000000009        0.0000000000000000        0.0000000000000000     
   1.3200000000000010        0.0000000000000000        0.0000000000000000     
   1.3300000000000010        0.0000000000000000        0.0000000000000000     
   1.3400000000000010        0.0000000000000000        0.0000000000000000     
   1.3500000000000010        0.0000000000000000        0.0000000000000000     
   1.3600000000000010        0.0000000000000000        0.0000000000000000     
   1.3700000000000010        0.0000000000000000        0.0000000000000000     
   1.3800000000000010        0.0000000000000000        0.0000000000000000     
   1.3900000000000010        0.0000000000000000        0.0000000000000000     
   1.4000000000000010        0.0000000000000000        0.0000000000000000     
   1.4100000000000010        0.0000000000000000        0.0000000000000000     
   1.4200000000000010        0.0000000000000000        0.0000000000000000     
   1.4300000000000010        0.0000000000000000        0.0000000000000000     
   1.4400000000000011        0.0000000000000000        0.0000000000000000     
   1.4500000000000011        0.0000000000000000        0.0000000000000000     
   1.4600000000000011        0.0000000000000000        0.0000000000000000     
   1.4700000000000011        0.0000000000000000        0.0000000000000000     
   1.4800000000000011        0.0000000000000000        0.0000000000000000     
   1.4900000000000011        0.0000000000000000        0.0000000000000000     
   1.5000000000000011        0.0000000000000000        0.0000000000000000     
   1.5100000000000011        0.0000000000000000        0.0000000000000000     
   1.5200000000000011        0.0000000000000000        0.0000000000000000     
   1.5300000000000011        0.0000000000000000        0.0000000000000000     
   1.5400000000000011        0.0000000000000000        0.0000000000000000     
   1.5500000000000012        0.0000000000000000        0.0000000000000000     
   1.5600000000000012        0.0000000000000000        0.0000000000000000     
   1.5700000000000012        0.0000000000000000        0.0000000000000000     
   1.5800000000000012        0.0000000000000000        0.0000000000000000     
   1.5900000000000012        0.0000000000000000        0.0000000000000000     
   1.6000000000000012        0.0000000000000000        0.0000000000000000     
   1.6100000000000012        0.0000000000000000        0.0000000000000000     
   1.6200000000000012        0.0000000000000000        0.0000000000000000     
   1.6300000000000012        0.0000000000000000        0.0000000000000000     
   1.6400000000000012        0.0000000000000000        0.0000000000000000     
   1.6500000000000012        0.0000000000000000        0.0000000000000000     
   1.6600000000000013        0.0000000000000000        0.0000000000000000     
   1.6700000000000013        0.0000000000000000        0.0000000000000000     
   1.6800000000000013        0.0000000000000000        0.0000000000000000     
   1.6900000000000013        0.0000000000000000        0.0000000000000000     
   1.7000000000000013        0.0000000000000000        0.0000000000000000     
   1.7100000000000013        0.0000000000000000        0.0000000000000000     
   1.7200000000000013        0.0000000000000000        0.0000000000000000     
   1.7300000000000013        0.0000000000000000        0.0000000000000000     
   1.7400000000000013        0.0000000000000000        0.0000000000000000     
   1.7500000000000013        0.0000000000000000        0.0000000000000000     
   1.7600000000000013        0.0000000000000000        0.0000000000000000     
   1.7700000000000014        0.0000000000000000        0.0000000000000000     
   1.7800000000000014        0.0000000000000000        0.0000000000000000     
   1.7900000000000014        0.0000000000000000        0.0000000000000000     
   1.8000000000000014        0.0000000000000000        0.0000000000000000     
   1.8100000000000014        0.0000000000000000        0.0000000000000000     
   1.8200000000000014        0.0000000000000000        0.0000000000000000     
   1.8300000000000014        0.0000000000000000        0.0000000000000000     
   1.8400000000000014        0.0000000000000000        0.0000000000000000     
   1.8500000000000014        0.0000000000000000        0.0000000000000000     
   1.8600000000000014        0.0000000000000000        0.0000000000000000     
   1.8700000000000014        0.0000000000000000        0.0000000000000000     
   1.8800000000000014        0.0000000000000000        0.0000000000000000     
   1.8900000000000015        0.0000000000000000        0.0000000000000000     
   1.9000000000000015        0.0000000000000000        0.0000000000000000     
   1.9100000000000015        0.0000000000000000        0.0000000000000000     
   1.9200000000000015        0.0000000000000000        0.0000000000000000     
   1.9300000000000015        0.0000000000000000        0.0000000000000000     
   1.9400000000000015        0.0000000000000000        0.0000000000000000     
   1.9500000000000015        0.0000000000000000        0.0000000000000000     
   1.9600000000000015        0.0000000000000000        0.0000000000000000     
   1.9700000000000015        0.0000000000000000        0.0000000000000000     
   1.9800000000000015        0.0000000000000000        0.0000000000000000     
   1.9900000000000013        0.0000000000000000        0.0000000000000000     
