   0.0000000000000000        1.9925855853972389E-002   1.4131556488889519E-005
  0.25000000000000000        2.5273428013490758E-003   5.3297633602257024E-006
  0.50000000000000000        1.4892786330371096E-003   4.0996310384826104E-006
  0.75000000000000000        1.0615245672189577E-003   3.4619481615660450E-006
   1.0000000000000000        8.2495128347920873E-004   3.0513277216475245E-006
   1.2500000000000000        6.6910284570432751E-004   2.7471622932470817E-006
   1.5000000000000000        5.6183778588350197E-004   2.5207537660606017E-006
   1.7500000000000000        4.8483411512968374E-004   2.3405610760563501E-006
   2.0000000000000000        4.2483461036032355E-004   2.1867722684117721E-006
   2.2500000000000000        3.7321672759606201E-004   2.0519730548316765E-006
   2.5000000000000000        3.3480448247366921E-004   1.9413010031010259E-006
   2.7500000000000000        3.0389765201195226E-004   1.8520804085049359E-006
   3.0000000000000000        2.7342917769221766E-004   1.7564478966851340E-006
   3.2500000000000000        2.5136311308311535E-004   1.6818726670061281E-006
   3.5000000000000000        2.3257733556477695E-004   1.6183897124473653E-006
   3.7500000000000000        2.1485704918284464E-004   1.5519790530864974E-006
   4.0000000000000000        1.9647777014950506E-004   1.4858935567081951E-006
   4.2500000000000000        1.8392389150177296E-004   1.4369172806917724E-006
   4.5000000000000000        1.7119773045355397E-004   1.3838986039376296E-006
   4.7500000000000000        1.6106878937042945E-004   1.3437814680294681E-006
   5.0000000000000000        1.5057743987460429E-004   1.2984822039970508E-006
   5.2500000000000000        1.4096282023932268E-004   1.2565781026814221E-006
   5.5000000000000000        1.3217000475272442E-004   1.2180614176973162E-006
   5.7500000000000000        1.2281222476231954E-004   1.1726572469407073E-006
   6.0000000000000000        1.1824612768148170E-004   1.1518589942088860E-006
   6.2500000000000000        1.1156346083172368E-004   1.1165592410223474E-006
   6.5000000000000000        1.0666231490470271E-004   1.0952843336859882E-006
   6.7500000000000000        9.9515590662507293E-005   1.0548325234981292E-006
   7.0000000000000000        9.5042675888932742E-005   1.0315463261307572E-006
   7.2500000000000000        9.1320304175634116E-005   1.0106182715716774E-006
   7.5000000000000000        8.5979554813567482E-005   9.8312944986685304E-007
   7.7500000000000000        8.0336526951593754E-005   9.4687640601185248E-007
   8.0000000000000000        7.7037916938478326E-005   9.3042954829709305E-007
   8.2500000000000000        7.4422302860318923E-005   9.1105875086161517E-007
   8.5000000000000000        6.9500549685825119E-005   8.8305004825592648E-007
   8.7500000000000000        6.8231404949627316E-005   8.7538285380985738E-007
   9.0000000000000000        6.4458923287980452E-005   8.4933601611937792E-007
   9.2500000000000000        6.1561340394625222E-005   8.3019548953011054E-007
   9.5000000000000000        5.9797931658008225E-005   8.1807404147972506E-007
   9.7500000000000000        5.5901363794700492E-005   7.9009683281550036E-007
   10.000000000000000        5.3177322015903128E-005   7.7165799077730512E-007
   10.250000000000000        5.0992767718848233E-005   7.5531530483174975E-007
   10.500000000000000        4.9074568235928639E-005   7.4198292213390261E-007
   10.750000000000000        4.6625135583393134E-005   7.2107548926767288E-007
   11.000000000000000        4.6172783816549336E-005   7.1867996055292790E-007
   11.250000000000000        4.2325594623359163E-005   6.8880834143889473E-007
   11.500000000000000        4.1287487090857435E-005   6.8043416795553187E-007
   11.750000000000000        3.9125844546055928E-005   6.6103286716495004E-007
   12.000000000000000        3.7232189692329043E-005   6.4630117939540864E-007
   12.250000000000000        3.5031977734592674E-005   6.2597636016427032E-007
   12.500000000000000        3.4297056991790126E-005   6.1833845075447555E-007
   12.750000000000000        3.2334196654002679E-005   6.0061391698557365E-007
   13.000000000000000        3.0577750713771273E-005   5.8297723269219454E-007
   13.250000000000000        2.9347354109876291E-005   5.7135058781949586E-007
   13.500000000000000        2.7729131284519827E-005   5.5593147578036243E-007
   13.750000000000000        2.6561397091842601E-005   5.4393427886811637E-007
   14.000000000000000        2.4818693341254830E-005   5.2423071137046501E-007
   14.250000000000000        2.4395586331607387E-005   5.2229619387412097E-007
   14.500000000000000        2.3473234619764813E-005   5.1154366951171908E-007
   14.750000000000000        2.2317858480403806E-005   4.9569612183189243E-007
   15.000000000000000        2.1265692706104978E-005   4.8700123620795600E-007
   15.250000000000000        2.0075297990211540E-005   4.7248271904575357E-007
   15.500000000000000        1.8332041843481588E-005   4.5072099145043020E-007
   15.750000000000000        1.7741968132091522E-005   4.4416023577950492E-007
   16.000000000000000        1.6966889419152823E-005   4.3204508764459596E-007
   16.250000000000000        1.5617414343461376E-005   4.1653351317947678E-007
   16.500000000000000        1.5437976744340748E-005   4.1327417747484832E-007
   16.750000000000000        1.3587695403274312E-005   3.8655398797515223E-007
   17.000000000000000        1.2717658521387712E-005   3.7131467418192724E-007
   17.250000000000000        1.1733723314208097E-005   3.5575877017170246E-007
   17.500000000000000        1.0862677650628066E-005   3.4188134873502778E-007
   17.750000000000000        1.0555108183674631E-005   3.3770424837551937E-007
   18.000000000000000        9.5268951977991066E-006   3.1872116225238926E-007
   18.250000000000000        9.6227952131328358E-006   3.2229603646054467E-007
   18.500000000000000        7.3314514452470668E-006   2.7817762959399000E-007
   18.750000000000000        7.1643369978718955E-006   2.7410967059986395E-007
   19.000000000000000        6.6787617839640364E-006   2.6269020410003780E-007
   19.250000000000000        5.4159037625257525E-006   2.3608689033415123E-007
   19.500000000000000        4.6613203737568577E-006   2.1641114018849868E-007
   19.750000000000000        3.8883575175201933E-006   1.9466245179725451E-007
   20.000000000000000        3.4987424934496287E-006   1.8200631599096404E-007
   20.250000000000000        2.8173097608437879E-006   1.6279543064947910E-007
   20.500000000000000        2.0241932754814860E-006   1.3762806456780995E-007
   20.750000000000000        1.7341539727996160E-006   1.2855652114125552E-007
   21.000000000000000        1.3987522763802500E-006   1.1546725983263784E-007
   21.250000000000000        1.1791795005918196E-006   1.0892945329889843E-007
   21.500000000000000        9.0242994960909974E-007   9.6690280359478517E-008
   21.750000000000000        1.0238942232476218E-006   1.0391084859296376E-007
   22.000000000000000        9.6433263960278057E-007   1.0098937865428382E-007
   22.250000000000000        6.6317828853355767E-007   8.2777898154453747E-008
   22.500000000000000        6.3989772277915776E-007   8.4311876988029821E-008
   22.750000000000000        7.9710056559501682E-007   9.3787755219209259E-008
   23.000000000000000        4.9419083455266990E-007   7.1694143442912703E-008
   23.250000000000000        5.4991720350929048E-007   7.6926542616981357E-008
   23.500000000000000        4.9191491504949140E-007   7.1799105515243012E-008
   23.750000000000000        4.7398998354173375E-007   7.0939670888435699E-008
   24.000000000000000        6.0184087869821482E-007   8.2244375447488369E-008
   24.250000000000000        4.5651874146053790E-007   7.1536961953202695E-008
   24.500000000000000        3.8769192650214913E-007   6.5871387051567070E-008
   24.750000000000000        3.6684033625893995E-007   6.2051093245787201E-008
   25.000000000000000        3.0792962244272870E-007   5.7332511832949477E-008
   25.250000000000000        3.8142367034046983E-007   6.2343146671462490E-008
   25.500000000000000        2.8689888740586218E-007   5.2672080535040871E-008
   25.750000000000000        3.4343665885891715E-007   6.1825513739318422E-008
   26.000000000000000        3.3182484632198265E-007   6.0016166220437710E-008
   26.250000000000000        3.2819188113308166E-007   6.0832635090372075E-008
   26.500000000000000        2.9584200881836677E-007   5.8905103104085090E-008
   26.750000000000000        2.3532206552157199E-007   4.9308497099913052E-008
   27.000000000000000        1.7568211053178822E-007   4.3626082292227733E-008
   27.250000000000000        1.2072672775006235E-007   3.5830539003529507E-008
   27.500000000000000        1.8983553336389404E-007   4.3830387677747355E-008
   27.750000000000000        1.7712265950732247E-007   4.3734164285091119E-008
   28.000000000000000        1.9750943991851679E-007   4.3833538001909052E-008
   28.250000000000000        1.2750689302278004E-007   3.5134763615553597E-008
   28.500000000000000        1.3312672794626994E-007   3.5407150945839813E-008
   28.750000000000000        1.8384141536177683E-007   4.3228321064802548E-008
   29.000000000000000        6.9080881422572336E-008   2.5949517321468746E-008
   29.250000000000000        5.0687420268795137E-008   2.3679930002601180E-008
   29.500000000000000        9.8596307697472545E-008   2.9038308170766190E-008
   29.750000000000000        4.4663898916277172E-008   2.2222670509247683E-008
   30.000000000000000        4.5209584277001478E-008   2.0563637512321189E-008
   30.250000000000000        5.3672627373381233E-008   2.2295029479254277E-008
   30.500000000000000        2.3901312337667087E-008   1.1314336021288314E-008
   30.750000000000000        3.0984564530798943E-008   1.5079596490579719E-008
   31.000000000000000        2.8538193237120378E-008   1.4053759484022529E-008
   31.250000000000000        4.0060000354207185E-008   1.9309377234455264E-008
   31.500000000000000        3.1728966116513288E-008   1.5790421621590701E-008
   31.750000000000000        1.5657910893600026E-009   9.5946771968009532E-010
   32.000000000000000        3.1417347915926628E-008   1.4286026037337928E-008
   32.250000000000000        7.1689607011859688E-011   4.7091673729743950E-011
   32.500000000000000        2.0871994591026865E-009   2.0556857127662897E-009
   32.750000000000000        6.9189494821838165E-014   6.9189492348281316E-014
   33.000000000000000        1.5300204407463712E-011   1.1500373467225692E-011
   33.250000000000000        9.0178669170712479E-010   6.7524141923549409E-010
   33.500000000000000        1.4303589654542287E-009   1.4156490548639532E-009
   33.750000000000000        0.0000000000000000        0.0000000000000000     
   34.000000000000000        2.9593203974584930E-012   2.8019261532691581E-012
   34.250000000000000        0.0000000000000000        0.0000000000000000     
   34.500000000000000        0.0000000000000000        0.0000000000000000     
   34.750000000000000        0.0000000000000000        0.0000000000000000     
   35.000000000000000        0.0000000000000000        0.0000000000000000     
   35.250000000000000        0.0000000000000000        0.0000000000000000     
   35.500000000000000        0.0000000000000000        0.0000000000000000     
   35.750000000000000        0.0000000000000000        0.0000000000000000     
   36.000000000000000        0.0000000000000000        0.0000000000000000     
   36.250000000000000        0.0000000000000000        0.0000000000000000     
   36.500000000000000        0.0000000000000000        0.0000000000000000     
   36.750000000000000        0.0000000000000000        0.0000000000000000     
   37.000000000000000        0.0000000000000000        0.0000000000000000     
   37.250000000000000        0.0000000000000000        0.0000000000000000     
   37.500000000000000        0.0000000000000000        0.0000000000000000     
   37.750000000000000        0.0000000000000000        0.0000000000000000     
   38.000000000000000        0.0000000000000000        0.0000000000000000     
   38.250000000000000        0.0000000000000000        0.0000000000000000     
   38.500000000000000        0.0000000000000000        0.0000000000000000     
   38.750000000000000        0.0000000000000000        0.0000000000000000     
   39.000000000000000        0.0000000000000000        0.0000000000000000     
   39.250000000000000        0.0000000000000000        0.0000000000000000     
   39.500000000000000        0.0000000000000000        0.0000000000000000     
   39.750000000000000        0.0000000000000000        0.0000000000000000     
   40.000000000000000        0.0000000000000000        0.0000000000000000     
   40.250000000000000        0.0000000000000000        0.0000000000000000     
   40.500000000000000        0.0000000000000000        0.0000000000000000     
   40.750000000000000        0.0000000000000000        0.0000000000000000     
   41.000000000000000        0.0000000000000000        0.0000000000000000     
   41.250000000000000        0.0000000000000000        0.0000000000000000     
   41.500000000000000        0.0000000000000000        0.0000000000000000     
   41.750000000000000        0.0000000000000000        0.0000000000000000     
   42.000000000000000        0.0000000000000000        0.0000000000000000     
   42.250000000000000        0.0000000000000000        0.0000000000000000     
   42.500000000000000        0.0000000000000000        0.0000000000000000     
   42.750000000000000        0.0000000000000000        0.0000000000000000     
   43.000000000000000        0.0000000000000000        0.0000000000000000     
   43.250000000000000        0.0000000000000000        0.0000000000000000     
   43.500000000000000        0.0000000000000000        0.0000000000000000     
   43.750000000000000        0.0000000000000000        0.0000000000000000     
   44.000000000000000        0.0000000000000000        0.0000000000000000     
   44.250000000000000        0.0000000000000000        0.0000000000000000     
   44.500000000000000        0.0000000000000000        0.0000000000000000     
   44.750000000000000        0.0000000000000000        0.0000000000000000     
   45.000000000000000        0.0000000000000000        0.0000000000000000     
   45.250000000000000        0.0000000000000000        0.0000000000000000     
   45.500000000000000        0.0000000000000000        0.0000000000000000     
   45.750000000000000        0.0000000000000000        0.0000000000000000     
   46.000000000000000        0.0000000000000000        0.0000000000000000     
   46.250000000000000        0.0000000000000000        0.0000000000000000     
   46.500000000000000        0.0000000000000000        0.0000000000000000     
   46.750000000000000        0.0000000000000000        0.0000000000000000     
   47.000000000000000        0.0000000000000000        0.0000000000000000     
   47.250000000000000        0.0000000000000000        0.0000000000000000     
   47.500000000000000        0.0000000000000000        0.0000000000000000     
   47.750000000000000        0.0000000000000000        0.0000000000000000     
   48.000000000000000        0.0000000000000000        0.0000000000000000     
   48.250000000000000        0.0000000000000000        0.0000000000000000     
   48.500000000000000        0.0000000000000000        0.0000000000000000     
   48.750000000000000        0.0000000000000000        0.0000000000000000     
   49.000000000000000        0.0000000000000000        0.0000000000000000     
   49.250000000000000        0.0000000000000000        0.0000000000000000     
   49.500000000000000        0.0000000000000000        0.0000000000000000     
   49.750000000000000        0.0000000000000000        0.0000000000000000     
