  0.59999999999999998        4.7925466150436349E-003   8.4260883821218001E-004
  0.60599999999999998        5.4374738867624898E-003   1.3792578147492982E-003
  0.61199999999999999        1.0593043737938443E-002   3.1579423210580430E-003
  0.61799999999999999        3.2009021627263436       0.13706910154428728     
  0.62400000000000000        10.247688842920343       0.23047730542983250     
  0.63000000000000000        10.481697990107456       0.20418828149642970     
  0.63600000000000001        11.165307779603047       0.21599997011517102     
  0.64200000000000002        11.244297594945280       0.21221908666959527     
  0.64800000000000002        11.981752052287110       0.23044061584489858     
  0.65400000000000003        12.359156318634266       0.24569915331114311     
  0.66000000000000003        12.351083235368138       0.23310104440041846     
  0.66600000000000004        12.283621303755691       0.20915930228913635     
  0.67200000000000004        12.999746199090778       0.24568563988043626     
  0.67800000000000005        12.807086273056450       0.21792775210159643     
  0.68400000000000005        13.258055753503772       0.23482769154476321     
  0.69000000000000006        13.583840634529295       0.23637796737874117     
  0.69600000000000006        12.981566884587561       0.20533609389476631     
  0.70200000000000007        13.162616522606582       0.21541678549126686     
  0.70800000000000007        13.418560403339837       0.21987224492621757     
  0.71400000000000008        13.917541100663081       0.24666499797598657     
  0.72000000000000008        13.760104132210754       0.22629838193673757     
  0.72600000000000009        14.513860793801703       0.25983123396100644     
  0.73200000000000010        14.727478683205671       0.25480558707663070     
  0.73800000000000010        14.460094467782122       0.24505251628131663     
  0.74400000000000011        14.653276271543358       0.23544420714079967     
  0.75000000000000011        15.139937841432689       0.25725647443294031     
  0.75600000000000012        14.980816967470190       0.24096388903580304     
  0.76200000000000012        15.343416992666588       0.25626991749788119     
  0.76800000000000013        15.722434629858878       0.26571584022381262     
  0.77400000000000013        15.759475157221994       0.24714708651492318     
  0.78000000000000014        15.981313917391752       0.27136085753052452     
  0.78600000000000014        16.074670749267167       0.27322836042312892     
  0.79200000000000015        16.479610346305236       0.26558503314842430     
  0.79800000000000015        16.448301214858105       0.27418633353821054     
  0.80400000000000016        16.345180402227243       0.24851881205051382     
  0.81000000000000016        16.889695018964069       0.26506030422740634     
  0.81600000000000017        17.147417065386627       0.27512829641617731     
  0.82200000000000017        16.937177421536298       0.26263138078141335     
  0.82800000000000018        16.917325050208522       0.23845459399080604     
  0.83400000000000019        17.598096899315077       0.26714052495603435     
  0.84000000000000019        17.819130623112571       0.27685500062391716     
  0.84600000000000020        18.823807917757350       0.28668906735528116     
  0.85200000000000020        18.277669801899005       0.29726469540160333     
  0.85800000000000021        18.795185604832582       0.28629898978170981     
  0.86400000000000021        18.732883556676772       0.27804789561507981     
  0.87000000000000022        19.435641043102660       0.28334374827490111     
  0.87600000000000022        19.081123553752239       0.27898451612146508     
  0.88200000000000023        19.248981045827453       0.28859108652567950     
  0.88800000000000023        19.497451982160783       0.28207864825058626     
  0.89400000000000024        20.087328582044584       0.28961289693934333     
  0.90000000000000024        19.780353184724511       0.28355197182732417     
  0.90600000000000025        20.840744668023607       0.31112955467375714     
  0.91200000000000025        20.318536979346522       0.29801376161327314     
  0.91800000000000026        20.457846621243398       0.27689474798315561     
  0.92400000000000027        20.770067285952525       0.30161152871471930     
  0.93000000000000027        21.425018033704028       0.31797522859581934     
  0.93600000000000028        21.286100790392133       0.29305756675109829     
  0.94200000000000028        21.572868016015693       0.28781930893036917     
  0.94800000000000029        21.704527746127468       0.28995293146353845     
  0.95400000000000029        22.834133824874129       0.33406573661124034     
  0.96000000000000030        22.645864051512316       0.30152310924132203     
  0.96600000000000030        23.277350377677504       0.31584146711552358     
  0.97200000000000031        23.631689677968744       0.33071692140952014     
  0.97800000000000031        24.101958514654864       0.30916244285747679     
  0.98400000000000032        23.989960628884148       0.30659601424714744     
  0.99000000000000032        23.780289325623475       0.30860612970899937     
  0.99600000000000022        25.032448234671428       0.33598242099735592     
   1.0020000000000002        25.259471494857561       0.33057803851308171     
   1.0080000000000002        25.704134359302223       0.33265819266515451     
   1.0140000000000002        25.831834797897450       0.31146767040926737     
   1.0200000000000002        27.201502112182318       0.35170435961521473     
   1.0260000000000002        27.567845003691744       0.32717921997608401     
   1.0320000000000003        28.434500982898747       0.34929953276165093     
   1.0380000000000003        29.089589559503754       0.36080389043929206     
   1.0440000000000003        29.560938538943766       0.34113585698112758     
   1.0500000000000003        30.410754444030658       0.36492883344803001     
   1.0560000000000003        30.796547172939405       0.34699565651592179     
   1.0620000000000003        32.414214244798160       0.36681448973248049     
   1.0680000000000003        33.038257379306216       0.37716419244924521     
   1.0740000000000003        34.765028035527251       0.37763326082555282     
   1.0800000000000003        36.531761477947008       0.40006525926460601     
   1.0860000000000003        38.040758632919420       0.40459476392799609     
   1.0920000000000003        40.041594925328170       0.41821772017471964     
   1.0980000000000003        43.063974322656570       0.45478627401570743     
   1.1040000000000003        44.794307474980904       0.45357952848919231     
   1.1100000000000003        47.713862439087357       0.47731757957793286     
   1.1160000000000003        48.368761315050286       0.47444896715556972     
   1.1220000000000003        48.545828679357513       0.49476126423066041     
   1.1280000000000003        42.526149225941559       0.43532159574544299     
   1.1340000000000003        33.796085070007578       0.37929627333567895     
   1.1400000000000003        26.446092430542055       0.31473905153653536     
   1.1460000000000004        20.246411622275588       0.26239004792912723     
   1.1520000000000004        16.812032997184883       0.22904349972137283     
   1.1580000000000004        14.329589068237244       0.19853266945670583     
   1.1640000000000004        12.091333018245834       0.16262788552581575     
   1.1700000000000004        10.422864817443296       0.13410697235585409     
   1.1760000000000004        9.7874901377807753       0.12658073775384290     
   1.1820000000000004        8.7975906892306472       0.11082885328521679     
   1.1880000000000004        8.1355460240708783        9.3909128276045195E-002
   1.1940000000000004        7.4890362843662990        8.2884717026765753E-002
   1.2000000000000004        7.1639390755500729        7.4998129467110708E-002
   1.2060000000000004        6.6625438015207958        6.4166550204374409E-002
   1.2120000000000004        6.4837768793642629        6.0579080553290018E-002
   1.2180000000000004        6.1222407529317193        5.1567171312137131E-002
   1.2240000000000004        5.8772326432686732        4.4352882102997357E-002
   1.2300000000000004        5.5761301349169248        3.7810369598760267E-002
   1.2360000000000004        5.0097753974457335        2.8862848654083506E-002
   1.2420000000000004        1.0095193302891725        9.1661439055965958E-003
   1.2480000000000004        0.0000000000000000        0.0000000000000000     
   1.2540000000000004        0.0000000000000000        0.0000000000000000     
   1.2600000000000005        0.0000000000000000        0.0000000000000000     
   1.2660000000000005        0.0000000000000000        0.0000000000000000     
   1.2720000000000005        0.0000000000000000        0.0000000000000000     
   1.2780000000000005        0.0000000000000000        0.0000000000000000     
   1.2840000000000005        0.0000000000000000        0.0000000000000000     
   1.2900000000000005        0.0000000000000000        0.0000000000000000     
   1.2960000000000005        0.0000000000000000        0.0000000000000000     
   1.3020000000000005        0.0000000000000000        0.0000000000000000     
   1.3080000000000005        0.0000000000000000        0.0000000000000000     
   1.3140000000000005        0.0000000000000000        0.0000000000000000     
   1.3200000000000005        0.0000000000000000        0.0000000000000000     
   1.3260000000000005        0.0000000000000000        0.0000000000000000     
   1.3320000000000005        0.0000000000000000        0.0000000000000000     
   1.3380000000000005        0.0000000000000000        0.0000000000000000     
   1.3440000000000005        0.0000000000000000        0.0000000000000000     
   1.3500000000000005        0.0000000000000000        0.0000000000000000     
   1.3560000000000005        0.0000000000000000        0.0000000000000000     
   1.3620000000000005        0.0000000000000000        0.0000000000000000     
   1.3680000000000005        0.0000000000000000        0.0000000000000000     
   1.3740000000000006        0.0000000000000000        0.0000000000000000     
   1.3800000000000006        0.0000000000000000        0.0000000000000000     
   1.3860000000000006        0.0000000000000000        0.0000000000000000     
   1.3920000000000006        0.0000000000000000        0.0000000000000000     
   1.3980000000000006        0.0000000000000000        0.0000000000000000     
   1.4040000000000006        0.0000000000000000        0.0000000000000000     
   1.4100000000000006        0.0000000000000000        0.0000000000000000     
   1.4160000000000006        0.0000000000000000        0.0000000000000000     
   1.4220000000000006        0.0000000000000000        0.0000000000000000     
   1.4280000000000006        0.0000000000000000        0.0000000000000000     
   1.4340000000000006        0.0000000000000000        0.0000000000000000     
   1.4400000000000006        0.0000000000000000        0.0000000000000000     
   1.4460000000000006        0.0000000000000000        0.0000000000000000     
   1.4520000000000006        0.0000000000000000        0.0000000000000000     
   1.4580000000000006        0.0000000000000000        0.0000000000000000     
   1.4640000000000006        0.0000000000000000        0.0000000000000000     
   1.4700000000000006        0.0000000000000000        0.0000000000000000     
   1.4760000000000006        0.0000000000000000        0.0000000000000000     
   1.4820000000000007        0.0000000000000000        0.0000000000000000     
   1.4880000000000007        0.0000000000000000        0.0000000000000000     
   1.4940000000000007        0.0000000000000000        0.0000000000000000     
   1.5000000000000007        0.0000000000000000        0.0000000000000000     
   1.5060000000000007        0.0000000000000000        0.0000000000000000     
   1.5120000000000007        0.0000000000000000        0.0000000000000000     
   1.5180000000000007        0.0000000000000000        0.0000000000000000     
   1.5240000000000007        0.0000000000000000        0.0000000000000000     
   1.5300000000000007        0.0000000000000000        0.0000000000000000     
   1.5360000000000007        0.0000000000000000        0.0000000000000000     
   1.5420000000000007        0.0000000000000000        0.0000000000000000     
   1.5480000000000007        0.0000000000000000        0.0000000000000000     
   1.5540000000000007        0.0000000000000000        0.0000000000000000     
   1.5600000000000007        0.0000000000000000        0.0000000000000000     
   1.5660000000000007        0.0000000000000000        0.0000000000000000     
   1.5720000000000007        0.0000000000000000        0.0000000000000000     
   1.5780000000000007        0.0000000000000000        0.0000000000000000     
   1.5840000000000007        0.0000000000000000        0.0000000000000000     
   1.5900000000000007        0.0000000000000000        0.0000000000000000     
   1.5960000000000008        0.0000000000000000        0.0000000000000000     
   1.6020000000000008        0.0000000000000000        0.0000000000000000     
   1.6080000000000008        0.0000000000000000        0.0000000000000000     
   1.6140000000000008        0.0000000000000000        0.0000000000000000     
   1.6200000000000008        0.0000000000000000        0.0000000000000000     
   1.6260000000000008        0.0000000000000000        0.0000000000000000     
   1.6320000000000008        0.0000000000000000        0.0000000000000000     
   1.6380000000000008        0.0000000000000000        0.0000000000000000     
   1.6440000000000008        0.0000000000000000        0.0000000000000000     
   1.6500000000000008        0.0000000000000000        0.0000000000000000     
   1.6560000000000008        0.0000000000000000        0.0000000000000000     
   1.6620000000000008        0.0000000000000000        0.0000000000000000     
   1.6680000000000008        0.0000000000000000        0.0000000000000000     
   1.6740000000000008        0.0000000000000000        0.0000000000000000     
   1.6800000000000008        0.0000000000000000        0.0000000000000000     
   1.6860000000000008        0.0000000000000000        0.0000000000000000     
   1.6920000000000008        0.0000000000000000        0.0000000000000000     
   1.6980000000000008        0.0000000000000000        0.0000000000000000     
   1.7040000000000008        0.0000000000000000        0.0000000000000000     
   1.7100000000000009        0.0000000000000000        0.0000000000000000     
   1.7160000000000009        0.0000000000000000        0.0000000000000000     
   1.7220000000000009        0.0000000000000000        0.0000000000000000     
   1.7280000000000009        0.0000000000000000        0.0000000000000000     
   1.7340000000000009        0.0000000000000000        0.0000000000000000     
   1.7400000000000009        0.0000000000000000        0.0000000000000000     
   1.7460000000000009        0.0000000000000000        0.0000000000000000     
   1.7520000000000009        0.0000000000000000        0.0000000000000000     
   1.7580000000000009        0.0000000000000000        0.0000000000000000     
   1.7640000000000009        0.0000000000000000        0.0000000000000000     
   1.7700000000000009        0.0000000000000000        0.0000000000000000     
   1.7760000000000009        0.0000000000000000        0.0000000000000000     
   1.7820000000000009        0.0000000000000000        0.0000000000000000     
   1.7880000000000009        0.0000000000000000        0.0000000000000000     
   1.7940000000000009        0.0000000000000000        0.0000000000000000     
