  -2.0000000000000000        0.0000000000000000        0.0000000000000000     
  -1.9800000000000000        0.0000000000000000        0.0000000000000000     
  -1.9600000000000000        0.0000000000000000        0.0000000000000000     
  -1.9399999999999999        0.0000000000000000        0.0000000000000000     
  -1.9199999999999999        0.0000000000000000        0.0000000000000000     
  -1.8999999999999999        0.0000000000000000        0.0000000000000000     
  -1.8799999999999999        0.0000000000000000        0.0000000000000000     
  -1.8599999999999999        0.0000000000000000        0.0000000000000000     
  -1.8399999999999999        0.0000000000000000        0.0000000000000000     
  -1.8199999999999998        0.0000000000000000        0.0000000000000000     
  -1.7999999999999998        0.0000000000000000        0.0000000000000000     
  -1.7799999999999998        0.0000000000000000        0.0000000000000000     
  -1.7599999999999998        0.0000000000000000        0.0000000000000000     
  -1.7399999999999998        0.0000000000000000        0.0000000000000000     
  -1.7199999999999998        0.0000000000000000        0.0000000000000000     
  -1.6999999999999997        0.0000000000000000        0.0000000000000000     
  -1.6799999999999997        0.0000000000000000        0.0000000000000000     
  -1.6599999999999997        0.0000000000000000        0.0000000000000000     
  -1.6399999999999997        0.0000000000000000        0.0000000000000000     
  -1.6199999999999997        0.0000000000000000        0.0000000000000000     
  -1.5999999999999996        0.0000000000000000        0.0000000000000000     
  -1.5799999999999996        0.0000000000000000        0.0000000000000000     
  -1.5599999999999996        0.0000000000000000        0.0000000000000000     
  -1.5399999999999996        0.0000000000000000        0.0000000000000000     
  -1.5199999999999996        0.0000000000000000        0.0000000000000000     
  -1.4999999999999996        0.0000000000000000        0.0000000000000000     
  -1.4799999999999995        0.0000000000000000        0.0000000000000000     
  -1.4599999999999995        0.0000000000000000        0.0000000000000000     
  -1.4399999999999995        0.0000000000000000        0.0000000000000000     
  -1.4199999999999995        0.0000000000000000        0.0000000000000000     
  -1.3999999999999995        0.0000000000000000        0.0000000000000000     
  -1.3799999999999994        0.0000000000000000        0.0000000000000000     
  -1.3599999999999994        0.0000000000000000        0.0000000000000000     
  -1.3399999999999994        0.0000000000000000        0.0000000000000000     
  -1.3199999999999994        9.8458578672375438E-002   5.7210786550345206E-003
  -1.2999999999999994       0.64837643472832052        3.2827339930191539E-002
  -1.2799999999999994       0.88048887055761982        2.6768078661853951E-002
  -1.2599999999999993        1.1090158431560495        3.6020880244234166E-002
  -1.2399999999999993        1.3085328100122651        4.1241068265809068E-002
  -1.2199999999999993        1.4171879975394481        3.3960616191316205E-002
  -1.1999999999999993        1.6288477295454387        3.6748911927627539E-002
  -1.1799999999999993        1.7903453629277497        5.1627179948493029E-002
  -1.1599999999999993        1.8942792577666692        3.8651209921825178E-002
  -1.1399999999999992        2.1391864076656244        4.1886047997360190E-002
  -1.1199999999999992        2.3711749327186435        4.4103478277042071E-002
  -1.0999999999999992        2.5630438687188026        5.2704073918293078E-002
  -1.0799999999999992        2.8317470050023421        5.7480383385259466E-002
  -1.0599999999999992        2.8045752147765115        5.0252292335374878E-002
  -1.0399999999999991        2.9856805207811150        5.4242337447976956E-002
  -1.0199999999999991        3.1290084660167659        6.3360763627589814E-002
 -0.99999999999999911        3.2379538531994032        5.9885246402597757E-002
 -0.97999999999999909        3.2246195759310945        5.7814640715258374E-002
 -0.95999999999999908        3.3510052183342784        6.2275402117474586E-002
 -0.93999999999999906        3.5636422133368555        7.0152439685944729E-002
 -0.91999999999999904        3.7567494120811298        7.2485242383273502E-002
 -0.89999999999999902        3.6240716967705304        6.4960559217760727E-002
 -0.87999999999999901        3.7703404432795433        6.8732525780400816E-002
 -0.85999999999999899        3.9041222076349245        7.2963682052680875E-002
 -0.83999999999999897        3.7973834999919207        6.0942802999146520E-002
 -0.81999999999999895        3.9314844504443949        6.8451962841546476E-002
 -0.79999999999999893        3.8294476918620979        5.4133730332061085E-002
 -0.77999999999999892        4.1692096176595514        7.5262131879108338E-002
 -0.75999999999999890        4.1077275823929957        6.7732662156608447E-002
 -0.73999999999999888        4.3098086966425431        7.2638013550428204E-002
 -0.71999999999999886        4.3819502683649008        7.5778641901123961E-002
 -0.69999999999999885        4.3686483137092251        6.8801565247083377E-002
 -0.67999999999999883        4.4353309931253806        7.5430172083766442E-002
 -0.65999999999999881        4.4656082920185023        6.8748533701293316E-002
 -0.63999999999999879        4.5405157935752207        6.8245406316137083E-002
 -0.61999999999999877        4.4716913664897673        6.5166683064112413E-002
 -0.59999999999999876        4.6851350416743518        7.0228966510680821E-002
 -0.57999999999999874        4.8335914843749856        7.0384454268918401E-002
 -0.55999999999999872        4.8290144682935461        7.0929826486960904E-002
 -0.53999999999999870        4.8264818776395479        8.7571294752709944E-002
 -0.51999999999999869        4.9928703600933071        7.3333066761652604E-002
 -0.49999999999999867        5.0695270542487432        7.3534460411217903E-002
 -0.47999999999999865        5.0965525519449679        8.3985102912060711E-002
 -0.45999999999999863        5.0839934730815068        7.8203943569459602E-002
 -0.43999999999999861        5.0448236211520445        7.3849257745414870E-002
 -0.41999999999999860        4.9965206381438616        6.8358425925030400E-002
 -0.39999999999999858        5.1547658567695587        8.1862369199856150E-002
 -0.37999999999999856        5.1216049718602461        7.3034717135301477E-002
 -0.35999999999999854        5.2461322649615543        7.1279284972949400E-002
 -0.33999999999999853        5.2844372981143950        8.4341539257899417E-002
 -0.31999999999999851        5.2986768073883788        7.6027584941654638E-002
 -0.29999999999999849        5.3920882172322537        8.1243243396377604E-002
 -0.27999999999999847        5.5758591747274728       0.10703650169140316     
 -0.25999999999999845        5.4568212329500030        7.7869543643778238E-002
 -0.23999999999999846        5.6243360550624883        8.9996710098361063E-002
 -0.21999999999999847        5.5728638514052813        7.7353805477548582E-002
 -0.19999999999999848        5.5212998043737160       0.11083094022771381     
 -0.17999999999999849        5.7014713941605644        8.4715925540275849E-002
 -0.15999999999999850        5.5204657176240897        7.5158474938337522E-002
 -0.13999999999999851        5.7035539303079466        8.6105733738678386E-002
 -0.11999999999999851        5.8266345157522306        8.9260567347936443E-002
  -9.9999999999998507E-002   5.8301654676210264        8.5976405395156275E-002
  -7.9999999999998503E-002   5.8830802309613004        8.7679580577127159E-002
  -5.9999999999998499E-002   5.8910192214123480        8.8671239973427393E-002
  -3.9999999999998495E-002   6.0934329760277874        9.3145210893376337E-002
  -1.9999999999998495E-002   5.8760393752379194        8.3309530538777044E-002
   1.5057399771478686E-015   5.9437572926900284        8.4132261797971924E-002
   2.0000000000001506E-002   6.0015504740668950        8.8232288241804679E-002
   4.0000000000001507E-002   6.0204755795653533        8.5258145551041345E-002
   6.0000000000001510E-002   6.0944888596916709        9.6735608120581670E-002
   8.0000000000001514E-002   6.0569516095271299        8.3532633030485845E-002
  0.10000000000000152        6.3559088139429063        9.9925499871246382E-002
  0.12000000000000151        6.2682747184915941        8.5772558927635120E-002
  0.14000000000000151        6.3027478652516304        9.2414846636133585E-002
  0.16000000000000150        6.2941570554360755        8.7919008494986878E-002
  0.18000000000000149        6.1527314166129949        8.7355410654629151E-002
  0.20000000000000148        6.4152213521400814        9.7943195960198168E-002
  0.22000000000000147        6.4219945383417061        9.5969171357241895E-002
  0.24000000000000146        6.2877306154957084       0.10125377245827874     
  0.26000000000000145        6.4934854942115328       0.10083250089962856     
  0.28000000000000147        6.4474788412345232        8.9456066047528274E-002
  0.30000000000000149        6.3271675072994960        8.6158228400026238E-002
  0.32000000000000151        6.5288682626519563        9.8729466601294655E-002
  0.34000000000000152        6.4669283550144563       0.10094455299384397     
  0.36000000000000154        6.4594706259798880        8.8140446706957601E-002
  0.38000000000000156        6.4333541338921245        9.2586580406830238E-002
  0.40000000000000158        6.5668962982799171        9.9153643885320955E-002
  0.42000000000000159        6.2219828726773008        8.9220917388555546E-002
  0.44000000000000161        6.3872728868064206        9.4409330180703896E-002
  0.46000000000000163        6.4763686945963519        9.9852362962379718E-002
  0.48000000000000165        6.1950734757568311        8.3470416346752188E-002
  0.50000000000000167        6.2748229698898044        9.0697033520483680E-002
  0.52000000000000168        6.4393375664271471        9.4564670470288048E-002
  0.54000000000000170        6.1402723978879648        8.8217402285061128E-002
  0.56000000000000172        6.2721982879891822       0.10325945903333887     
  0.58000000000000174        6.1994545533084766       0.10054123962436956     
  0.60000000000000175        6.1441258094734890        8.9332012769528041E-002
  0.62000000000000177        5.9986582482103321        9.4046947322783250E-002
  0.64000000000000179        6.1632634883021309        8.9925227264089566E-002
  0.66000000000000181        5.9328758045222107        9.1330086703854896E-002
  0.68000000000000183        5.8915138609331388       0.11166215544767212     
  0.70000000000000184        5.8908917463251633        9.4583733675048742E-002
  0.72000000000000186        5.8600410559624496        9.1215137257970189E-002
  0.74000000000000188        5.7237776036349901        8.7669573483807925E-002
  0.76000000000000190        5.7069288921036820        9.0201717600413248E-002
  0.78000000000000191        5.5266158425544338        9.0115261357248455E-002
  0.80000000000000193        5.4094838637075435        9.4343109630847008E-002
  0.82000000000000195        5.2395089522464167        8.6878051804227932E-002
  0.84000000000000197        5.0486264396367231        8.2055924799698907E-002
  0.86000000000000199        5.0294926510682023        8.3657593356294579E-002
  0.88000000000000200        4.9669180459831210        8.1829838891538526E-002
  0.90000000000000202        4.8648576308166147        8.0777838049801362E-002
  0.92000000000000204        4.7230365687677782        7.7016245902288394E-002
  0.94000000000000206        4.6739789933414615        7.6680591168538717E-002
  0.96000000000000207        4.6483077736147527        8.6302803364698921E-002
  0.98000000000000198        4.5025014503522804        8.8370897539789786E-002
   1.0000000000000020        4.2854081878922585        7.4260671861315589E-002
   1.0200000000000020        4.1039521190117387        6.6834459365246679E-002
   1.0400000000000020        3.9314267662657834        7.6169856285650261E-002
   1.0600000000000021        3.9477228886338116        7.7609876932581548E-002
   1.0800000000000021        3.7182272894950996        7.3878020193083149E-002
   1.1000000000000021        3.4306143480992599        7.0189131790659179E-002
   1.1200000000000021        3.1565707688028426        6.4043092717248146E-002
   1.1400000000000021        2.7467722803966836        4.8920109211907030E-002
   1.1600000000000021        2.5253974558458610        5.2440106560833262E-002
   1.1800000000000022        2.3367395512379630        5.7517800855721370E-002
   1.2000000000000022        2.1003207936919575        5.0322324152058825E-002
   1.2200000000000022        1.9573812834071669        5.8686659731460665E-002
   1.2400000000000022        1.7665433450281562        5.5597260031073348E-002
   1.2600000000000022        1.3744401410422840        4.2795539993554350E-002
   1.2800000000000022        1.0730569082794443        5.2205660900242812E-002
   1.3000000000000023       0.21102009305377545        2.0900978023616255E-002
   1.3200000000000023        0.0000000000000000        0.0000000000000000     
   1.3400000000000023        0.0000000000000000        0.0000000000000000     
   1.3600000000000023        0.0000000000000000        0.0000000000000000     
   1.3800000000000023        0.0000000000000000        0.0000000000000000     
   1.4000000000000024        0.0000000000000000        0.0000000000000000     
   1.4200000000000024        0.0000000000000000        0.0000000000000000     
   1.4400000000000024        0.0000000000000000        0.0000000000000000     
   1.4600000000000024        0.0000000000000000        0.0000000000000000     
   1.4800000000000024        0.0000000000000000        0.0000000000000000     
   1.5000000000000024        0.0000000000000000        0.0000000000000000     
   1.5200000000000025        0.0000000000000000        0.0000000000000000     
   1.5400000000000025        0.0000000000000000        0.0000000000000000     
   1.5600000000000025        0.0000000000000000        0.0000000000000000     
   1.5800000000000025        0.0000000000000000        0.0000000000000000     
   1.6000000000000025        0.0000000000000000        0.0000000000000000     
   1.6200000000000025        0.0000000000000000        0.0000000000000000     
   1.6400000000000026        0.0000000000000000        0.0000000000000000     
   1.6600000000000026        0.0000000000000000        0.0000000000000000     
   1.6800000000000026        0.0000000000000000        0.0000000000000000     
   1.7000000000000026        0.0000000000000000        0.0000000000000000     
   1.7200000000000026        0.0000000000000000        0.0000000000000000     
   1.7400000000000027        0.0000000000000000        0.0000000000000000     
   1.7600000000000027        0.0000000000000000        0.0000000000000000     
   1.7800000000000027        0.0000000000000000        0.0000000000000000     
   1.8000000000000027        0.0000000000000000        0.0000000000000000     
   1.8200000000000027        0.0000000000000000        0.0000000000000000     
   1.8400000000000027        0.0000000000000000        0.0000000000000000     
   1.8600000000000028        0.0000000000000000        0.0000000000000000     
   1.8800000000000028        0.0000000000000000        0.0000000000000000     
   1.9000000000000028        0.0000000000000000        0.0000000000000000     
   1.9200000000000028        0.0000000000000000        0.0000000000000000     
   1.9400000000000028        0.0000000000000000        0.0000000000000000     
   1.9600000000000029        0.0000000000000000        0.0000000000000000     
   1.9800000000000026        0.0000000000000000        0.0000000000000000     
