   40.000000000000000        0.0000000000000000        0.0000000000000000     
   40.299999999999997        0.0000000000000000        0.0000000000000000     
   40.599999999999994        0.0000000000000000        0.0000000000000000     
   40.899999999999991        2.5710632653522140E-006   1.8721606526677377E-006
   41.199999999999989        1.4804098367230608E-005   1.4804097835460900E-005
   41.499999999999986        0.0000000000000000        0.0000000000000000     
   41.799999999999983        0.0000000000000000        0.0000000000000000     
   42.099999999999980        7.9967425490293252E-006   6.0642536531596022E-006
   42.399999999999977        0.0000000000000000        0.0000000000000000     
   42.699999999999974        1.1104489511569827E-006   1.1104489112691689E-006
   42.999999999999972        3.0614454090063106E-005   2.1763405515537045E-005
   43.299999999999969        2.6024278621851024E-006   2.6024277687047511E-006
   43.599999999999966        7.3758299609593004E-006   6.0592903859662892E-006
   43.899999999999963        1.3543764378079018E-005   1.3543763891581057E-005
   44.199999999999960        1.5012412531202570E-006   1.5012411991950122E-006
   44.499999999999957        3.9998531660774995E-005   3.7949730090458676E-005
   44.799999999999955        6.5999593659089318E-006   4.2308684137385561E-006
   45.099999999999952        4.6790894189450240E-004   4.6195291872541173E-004
   45.399999999999949        9.0823283851077894E-006   5.3955845279383939E-006
   45.699999999999946        1.0115334017116516E-005   4.7529923567271429E-006
   45.999999999999943        1.9293509008630644E-005   9.6988818085189022E-006
   46.299999999999940        6.0320715157070840E-006   5.2044646478739204E-006
   46.599999999999937        3.4932481609338446E-005   1.4781786196043609E-005
   46.899999999999935        1.2246757564352715E-005   5.8646170896565990E-006
   47.199999999999932        1.8390897112483443E-005   9.7979161113275446E-006
   47.499999999999929        2.4806428615547025E-005   8.9848426915193946E-006
   47.799999999999926        4.2848428722328187E-005   1.4306668640078038E-005
   48.099999999999923        7.1895030025499192E-005   2.6550789340657834E-005
   48.399999999999920        1.1134114309960717E-004   6.1613487894311318E-005
   48.699999999999918        1.1016193760156643E-004   4.8186161515892494E-005
   48.999999999999915        1.3222047668593963E-003   1.2610926546530940E-003
   49.299999999999912        2.2906412474634722E-004   8.5778010628250075E-005
   49.599999999999909        8.9294648758992453E-005   2.4208022411524109E-005
   49.899999999999906        7.7493901329655904E-002   2.6209282470584377E-003
   50.199999999999903       0.12671213363272998        3.3416929134924664E-003
   50.499999999999901       0.12930051235368120        3.5918235747463968E-003
   50.799999999999898       0.13193591812975186        3.0263624099605281E-003
   51.099999999999895       0.13241160297065646        3.1432202315622793E-003
   51.399999999999892       0.13742484054819207        3.4456690283902179E-003
   51.699999999999889       0.14880443503353247        4.7829498086939815E-003
   51.999999999999886       0.14299552876672167        3.4410243136749658E-003
   52.299999999999883       0.14859219725250242        3.7179050519465717E-003
   52.599999999999881       0.14912128770899707        3.8956336784643094E-003
   52.899999999999878       0.15349878503353390        4.1735890540013356E-003
   53.199999999999875       0.14689123747954061        3.2999634646368606E-003
   53.499999999999872       0.14592738468759109        3.5516688793378933E-003
   53.799999999999869       0.15806710206628008        3.6797817121957169E-003
   54.099999999999866       0.15359019035041888        4.0055289212528686E-003
   54.399999999999864       0.15214456566537732        3.6568389162410608E-003
   54.699999999999861       0.15901593348721738        3.7961353208648225E-003
   54.999999999999858       0.15995657714445155        3.6883739318928255E-003
   55.299999999999855       0.16310498591253986        4.0213831858025226E-003
   55.599999999999852       0.15544846364047962        3.3806629276713265E-003
   55.899999999999849       0.16438392840091337        3.6158912421638632E-003
   56.199999999999847       0.16317092370377778        3.6277502881576292E-003
   56.499999999999844       0.16945872015951019        4.3670462529657389E-003
   56.799999999999841       0.16715233696583434        3.8258201577893842E-003
   57.099999999999838       0.16959588258142749        3.5052870932528297E-003
   57.399999999999835       0.17405324219040369        4.8741656032165268E-003
   57.699999999999832       0.16478578133633440        3.7001194048518877E-003
   57.999999999999829       0.17542771759423509        4.4074586704045031E-003
   58.299999999999827       0.17053735276688217        3.5754654635947280E-003
   58.599999999999824       0.16749743534130940        3.6335635262968752E-003
   58.899999999999821       0.17925451881786192        4.1271538256203479E-003
   59.199999999999818       0.18162752851654193        4.6094154050487779E-003
   59.499999999999815       0.17717264616818468        3.7063116392828592E-003
   59.799999999999812       0.17639923508987401        3.6246935665941804E-003
   60.099999999999810       0.18114502710793123        3.4890725427243145E-003
   60.399999999999807       0.17797487621156449        3.5561275043131061E-003
   60.699999999999804       0.18710739586782082        4.4221686815156301E-003
   60.999999999999801       0.17570696633506813        3.1782918817858216E-003
   61.299999999999798       0.17838936553373402        3.6045922114859787E-003
   61.599999999999795       0.18016105896772089        3.1322094371190011E-003
   61.899999999999793       0.17990508803546046        3.3134275149252291E-003
   62.199999999999790       0.19433353176680673        4.6024360581552112E-003
   62.499999999999787       0.19451027689564473        5.9079604143715738E-003
   62.799999999999784       0.19973004131984040        4.5703103597698009E-003
   63.099999999999781       0.19251712698490117        3.9780680608893877E-003
   63.399999999999778       0.19846431500956330        4.7487631882291003E-003
   63.699999999999775       0.19887665271456217        4.3983863569223691E-003
   63.999999999999773       0.20245970908308306        4.6334425308544504E-003
   64.299999999999770       0.20321646772241261        4.5412144176068241E-003
   64.599999999999767       0.19690517591133397        4.1683474759966034E-003
   64.899999999999764       0.20389223938141426        4.0632865636312503E-003
   65.199999999999761       0.19938523772641700        4.1881646197008985E-003
   65.499999999999758       0.21070717264176633        4.8541028862353749E-003
   65.799999999999756       0.21322641313706320        4.8263261917629438E-003
   66.099999999999753       0.20797807443082883        4.0943866625672929E-003
   66.399999999999750       0.21456836543136568        4.6000686385593327E-003
   66.699999999999747       0.22152291167031787        5.5156058362516953E-003
   66.999999999999744       0.21417264219112403        4.7830921912731779E-003
   67.299999999999741       0.21873164158933917        4.2575584543418869E-003
   67.599999999999739       0.21760694762413321        4.5601132795441701E-003
   67.899999999999736       0.22032315991049023        4.4517813780973158E-003
   68.199999999999733       0.22563817194348235        4.6938807723637477E-003
   68.499999999999730       0.22143570407128421        4.4751796139057666E-003
   68.799999999999727       0.22151077992312568        4.3549922182609824E-003
   69.099999999999724       0.22147198834822227        4.6527160978551679E-003
   69.399999999999721       0.22891873098928681        4.1695434464650918E-003
   69.699999999999719       0.23027531618357860        4.9289156271902683E-003
   69.999999999999716       0.23268613631851126        4.5058442596167189E-003
   70.299999999999713       0.22636772912040934        4.2471871212349851E-003
   70.599999999999710       0.22931853810447203        4.0844899285251077E-003
   70.899999999999707       0.23629711571863951        4.5271436925111326E-003
   71.199999999999704       0.23697282063272315        4.8224483109389248E-003
   71.499999999999702       0.23097283181977482        3.9133349386484828E-003
   71.799999999999699       0.24397069513829406        4.7329828953674210E-003
   72.099999999999696       0.23264393427607216        4.2605430288597829E-003
   72.399999999999693       0.23724483196532323        4.6226263335957633E-003
   72.699999999999690       0.24232360432007077        4.5656394000251595E-003
   72.999999999999687       0.24786218366775947        4.9981989715050940E-003
   73.299999999999685       0.24300098721266802        4.3330035954551654E-003
   73.599999999999682       0.25065091250975502        4.8972466099055454E-003
   73.899999999999679       0.24969468572082373        4.4156014158634209E-003
   74.199999999999676       0.25624080041700292        4.7764899329400604E-003
   74.499999999999673       0.25095783597598847        4.4921365016797089E-003
   74.799999999999670       0.25630488000446405        4.5741675595839873E-003
   75.099999999999667       0.25845280456700148        4.9886598913262371E-003
   75.399999999999665       0.25334358962935344        4.4139351152857245E-003
   75.699999999999662       0.26071456522610997        4.5012111727293080E-003
   75.999999999999659       0.26219219727789173        4.5653519593873088E-003
   76.299999999999656       0.26779921393688311        4.8093047661933999E-003
   76.599999999999653       0.25698009355751911        4.3013592195916585E-003
   76.899999999999650       0.26881021930860383        5.5512376873942245E-003
   77.199999999999648       0.28188696376227312        6.4653599758442938E-003
   77.499999999999645       0.27731988117195855        5.4654335118526250E-003
   77.799999999999642       0.27221949233585674        4.6164113237708252E-003
   78.099999999999639       0.28154245515837867        5.2314852228239027E-003
   78.399999999999636       0.28004485827116121        4.9165261202873478E-003
   78.699999999999633       0.28526027462253234        4.9775844239223037E-003
   78.999999999999631       0.29504979187774560        5.5616979232513096E-003
   79.299999999999628       0.29192765370526697        4.9137206825954245E-003
   79.599999999999625       0.28412452936070542        4.9682043486538414E-003
   79.899999999999622       0.29330027146721815        5.0257275475841879E-003
   80.199999999999619       0.28983964752458585        4.7712106065664790E-003
   80.499999999999616       0.29524612495423408        4.7585841543306895E-003
   80.799999999999613       0.30181812722756712        5.0068713388514222E-003
   81.099999999999611       0.30731854806970760        4.9878040605722245E-003
   81.399999999999608       0.31448676412959792        5.1197626219810603E-003
   81.699999999999605       0.31980879450088445        5.3668836535613346E-003
   81.999999999999602       0.32356634144336455        5.0891431579818697E-003
   82.299999999999599       0.31758689742002039        5.1867607608915671E-003
   82.599999999999596       0.32853464220630330        5.6211878227523616E-003
   82.899999999999594       0.33279987797648941        6.7676811796745810E-003
   83.199999999999591       0.32960330171867325        5.1368494768515563E-003
   83.499999999999588       0.34581060313522377        5.4092603117000190E-003
   83.799999999999585       0.34202593079060800        5.3964919288645658E-003
   84.099999999999582       0.35211140703973337        5.3237585745471334E-003
   84.399999999999579       0.35640110828249949        5.3928596320282716E-003
   84.699999999999577       0.35748724746470062        5.2583974117560196E-003
   84.999999999999574       0.38287042987425379        6.3043914714262300E-003
   85.299999999999571       0.37759467723806489        5.4647899501220802E-003
   85.599999999999568       0.38723412225527826        5.7694718343449473E-003
   85.899999999999565       0.40079913897030067        8.1188849629035449E-003
   86.199999999999562       0.40807408295849529        5.9871820520820389E-003
   86.499999999999559       0.40605221679114950        5.4851444471529162E-003
   86.799999999999557       0.43290677436930963        6.7904452944798658E-003
   87.099999999999554       0.42825660151198608        6.0142970084838621E-003
   87.399999999999551       0.44981508846322937        6.8976989387756708E-003
   87.699999999999548       0.45258234138702219        6.1454342737760209E-003
   87.999999999999545       0.47033878050986594        6.3519317889324045E-003
   88.299999999999542       0.48923819531592888        6.2937804181302983E-003
   88.599999999999540       0.51679641892245631        6.8853305104391131E-003
   88.899999999999537       0.52284993184190132        6.9916220358148193E-003
   89.199999999999534       0.54669190378571753        7.4901830127485514E-003
   89.499999999999531       0.56768365406476262        7.3800200060739262E-003
   89.799999999999528       0.57957788641499675        6.9020562244672219E-003
   90.099999999999525       0.58695013332418355        7.3518882744620252E-003
   90.399999999999523       0.59071612797292761        8.0480323255395104E-003
   90.699999999999520       0.59097462090155628        7.8224467520396010E-003
   90.999999999999517       0.53981078158098927        7.0924939508910517E-003
   91.299999999999514       0.49134945215043069        6.9432679673974741E-003
   91.599999999999511       0.43080073303337202        6.7056470997130619E-003
   91.899999999999508       0.35357908995760912        5.2944336161805366E-003
   92.199999999999505       0.30596538374141746        4.7601377704914521E-003
   92.499999999999503       0.26247148377023055        4.1684686093963041E-003
   92.799999999999500       0.23051404442671466        3.7143479247659429E-003
   93.099999999999497       0.19910708122955958        3.6715778047677465E-003
   93.399999999999494       0.18172796680856174        3.0185605835900400E-003
   93.699999999999491       0.16346555029696969        2.6324544151181094E-003
   93.999999999999488       0.14867460496308199        2.4680553290024384E-003
   94.299999999999486       0.13804092923779046        2.1921848408694208E-003
   94.599999999999483       0.12967037968713316        2.3569861727772198E-003
   94.899999999999480       0.12089236275527636        2.0583147195331959E-003
   95.199999999999477       0.11287016796274255        1.7620388114952083E-003
   95.499999999999474       0.10659665224458596        1.8113075019276020E-003
   95.799999999999471       0.10191475890200576        1.4542190012588935E-003
   96.099999999999469        9.8326463426215843E-002   1.4229470049589414E-003
   96.399999999999466        9.2002406281902482E-002   1.2637790294642594E-003
   96.699999999999463        8.9534822757579124E-002   1.1486765771285871E-003
   96.999999999999460        8.8292408142444739E-002   1.2479173298792193E-003
   97.299999999999457        8.4718101832377227E-002   1.0643912287420731E-003
   97.599999999999454        8.2483617843953014E-002   9.7805496950365261E-004
   97.899999999999451        7.9826688539564233E-002   9.0274370647020689E-004
   98.199999999999449        7.7065552403984591E-002   8.0671740548765559E-004
   98.499999999999446        7.5249858296020905E-002   7.6119829228229313E-004
   98.799999999999443        7.3443487775845528E-002   6.8939535902351533E-004
   99.099999999999440        7.0135774798667561E-002   5.7823863487280701E-004
   99.399999999999437        6.6125524226958859E-002   4.8254140131634004E-004
   99.699999999999434        4.8775664720512861E-002   3.1730379443768107E-004
