   86.000000000000000       0.19743514128830678        7.7192908046244037E-003
   86.049999999999997       0.19691095207728990        7.7465223875374731E-003
   86.099999999999994       0.21077636060513003        8.5411229260701233E-003
   86.149999999999991       0.21347171336667659        7.9880693478956641E-003
   86.199999999999989       0.21500542625490895        8.9000450900353790E-003
   86.249999999999986       0.20805106056856881        7.1788327365760064E-003
   86.299999999999983       0.21327449720718639        7.5745495930351131E-003
   86.349999999999980       0.21664712633922703        7.5459937985297041E-003
   86.399999999999977       0.22979741605854415        8.6236232031302786E-003
   86.449999999999974       0.22869556857569159        9.1421548765406938E-003
   86.499999999999972       0.23611448038254279        9.2158620594280649E-003
   86.549999999999969       0.23582454357672908        9.1946320801432405E-003
   86.599999999999966       0.24806834544343373        9.0756980198752179E-003
   86.649999999999963       0.24546984276242020        7.5484607504123771E-003
   86.699999999999960       0.25366759998491900        9.0579395735307482E-003
   86.749999999999957       0.25035411786124612        7.4477142451206133E-003
   86.799999999999955       0.26015203381630297        8.8847862794860788E-003
   86.849999999999952       0.29333472477300443        1.1142362712981017E-002
   86.899999999999949       0.26590963724668604        9.3930166990278986E-003
   86.949999999999946       0.27998432198932272        9.5682812070270497E-003
   86.999999999999943       0.27813854724037201        8.5968183504684798E-003
   87.049999999999940       0.30095745794055428        1.0974334412841829E-002
   87.099999999999937       0.31022650434084287        1.1091044105839973E-002
   87.149999999999935       0.30870474090194816        1.0904423698407901E-002
   87.199999999999932       0.32376022955805173        1.1146596983547025E-002
   87.249999999999929       0.32936699875088304        1.0788261079767904E-002
   87.299999999999926       0.31023023363197588        9.2568146323457386E-003
   87.349999999999923       0.35227695374120033        1.2008233770879524E-002
   87.399999999999920       0.33948084743706891        1.1120280655905181E-002
   87.449999999999918       0.34019805192990654        1.0256738849610135E-002
   87.499999999999915       0.37028229022856446        1.2519416208899882E-002
   87.549999999999912       0.37344840533241791        1.2115769866870780E-002
   87.599999999999909       0.38186498917193062        1.2569196670608778E-002
   87.649999999999906       0.38572007327870539        1.0880598742271833E-002
   87.699999999999903       0.39008018983084342        1.1671410576764442E-002
   87.749999999999901       0.41310005156811713        1.2242237690046761E-002
   87.799999999999898       0.41106726910323688        1.2595725781745231E-002
   87.849999999999895       0.40951682859102134        1.1075471890432627E-002
   87.899999999999892       0.44575024767607652        1.3999163860451427E-002
   87.949999999999889       0.45151609830759304        1.3147193478346248E-002
   87.999999999999886       0.46287346980276817        1.2661541884821171E-002
   88.049999999999883       0.47999903601460991        1.3486145703823203E-002
   88.099999999999881       0.47539506211960553        1.3134551063830388E-002
   88.149999999999878       0.49032964249749611        1.3713792843224519E-002
   88.199999999999875       0.52286113357652797        1.3611055001044634E-002
   88.249999999999872       0.53960584811953372        1.4560411308067012E-002
   88.299999999999869       0.54956538602001614        1.4630200758021334E-002
   88.349999999999866       0.53567848807387020        1.3950814574066101E-002
   88.399999999999864       0.57838279634767642        1.4810299249943331E-002
   88.449999999999861       0.57731459274600938        1.4617649431578597E-002
   88.499999999999858       0.61672446994012953        1.6016404377077301E-002
   88.549999999999855       0.64595555575433528        1.6461647392792739E-002
   88.599999999999852       0.65987035373605196        1.6883986155406018E-002
   88.649999999999849       0.64735127349268140        1.5298662772192219E-002
   88.699999999999847       0.70917647451551180        1.7163103330127695E-002
   88.749999999999844       0.72095812907878698        1.6983090547978631E-002
   88.799999999999841       0.73960353206778684        1.7812390976474825E-002
   88.849999999999838       0.76808368136672822        1.6916101940153649E-002
   88.899999999999835       0.78602975909588779        1.8179836300215347E-002
   88.949999999999832       0.83567571856008205        2.0065609149077807E-002
   88.999999999999829       0.85879070070888808        1.9565444789634259E-002
   89.049999999999827       0.89579532154595642        1.9486604876709931E-002
   89.099999999999824       0.92499801867268217        2.0300548191630158E-002
   89.149999999999821       0.97641162566453921        2.1603296202996898E-002
   89.199999999999818       0.98257089161816158        1.9848791326631560E-002
   89.249999999999815        1.0042419399312406        2.0419326105094539E-002
   89.299999999999812        1.0417097785328888        2.1224688353703506E-002
   89.349999999999810        1.0737397281588810        2.1462239009894593E-002
   89.399999999999807        1.1358277961808667        2.2391888193936216E-002
   89.449999999999804        1.2223141277524390        2.5003363451364658E-002
   89.499999999999801        1.2204055356203112        2.4513112811727838E-002
   89.549999999999798        1.2146793468870749        2.1908010495011013E-002
   89.599999999999795        1.3324704188385033        2.5637691664541246E-002
   89.649999999999793        1.3449566215105073        2.3233373301178081E-002
   89.699999999999790        1.3930024486271810        2.4563450755284502E-002
   89.749999999999787        1.4608061529335001        2.4780580158101341E-002
   89.799999999999784        1.4695587888261987        2.4203618066567269E-002
   89.849999999999781        1.4871563666965393        2.4388434303051900E-002
   89.899999999999778        1.5978146642590538        2.5810439148846030E-002
   89.949999999999775        1.6013452527909335        2.5728295423197659E-002
   89.999999999999773        1.7072736469637619        2.7026615135894532E-002
   90.049999999999770        1.8085656883993391        2.8744757867368225E-002
   90.099999999999767        1.8247669368756447        2.9373496249979963E-002
   90.149999999999764        1.8265517457832461        2.6755762620691834E-002
   90.199999999999761        1.8898981970705160        2.9024387712302539E-002
   90.249999999999758        1.9464732019364783        2.8716971214489382E-002
   90.299999999999756        2.0221920345844588        3.0618447792349346E-002
   90.349999999999753        2.0391683700701746        2.9284504308370117E-002
   90.399999999999750        2.1662071960987057        3.2768277667103218E-002
   90.449999999999747        2.1153056168792777        2.9842226338882404E-002
   90.499999999999744        2.2605693630138819        3.2836136499486759E-002
   90.549999999999741        2.2733301456032655        3.2287143108763829E-002
   90.599999999999739        2.2493446950935407        3.2183306452370934E-002
   90.649999999999736        2.2506201824773404        3.0897856533018568E-002
   90.699999999999733        2.3243596136530749        3.4507496588012436E-002
   90.749999999999730        2.2824723691701263        3.1991821255864458E-002
   90.799999999999727        2.3310585128919805        3.2704213569989309E-002
   90.849999999999724        2.3202579333889655        3.2682428092069574E-002
   90.899999999999721        2.2865616306709353        3.2467969595454151E-002
   90.949999999999719        2.2645764618068083        3.1544501084299424E-002
   90.999999999999716        2.2687554268848666        3.1818398781191637E-002
   91.049999999999713        2.2188296297494059        3.1908529616685805E-002
   91.099999999999710        2.1807511697588433        3.1476786984662351E-002
   91.149999999999707        2.1552017932896539        3.2327377693535525E-002
   91.199999999999704        2.0834767658887707        2.9306114130185131E-002
   91.249999999999702        2.0385966019963018        2.9610139899176286E-002
   91.299999999999699        2.0222829524080588        3.0444432613432902E-002
   91.349999999999696        2.0040052706583973        3.0434501986374388E-002
   91.399999999999693        1.8984801082974820        2.9619636872915918E-002
   91.449999999999690        1.8906911131437074        3.0285307161087911E-002
   91.499999999999687        1.7859649420780226        2.8260286071915997E-002
   91.549999999999685        1.7097280936086745        2.6200506394103415E-002
   91.599999999999682        1.7357917018748719        2.8409288088394997E-002
   91.649999999999679        1.6257002284860651        2.5471650707196817E-002
   91.699999999999676        1.5636954206639360        2.4437720819281118E-002
   91.749999999999673        1.5628614662135891        2.6416650048910181E-002
   91.799999999999670        1.5142573985499073        2.6644238687187318E-002
   91.849999999999667        1.4203479300770228        2.4079909697845819E-002
   91.899999999999665        1.3481851340369402        2.3016936193249099E-002
   91.949999999999662        1.3634625466658048        2.3655924290334099E-002
   91.999999999999659        1.3279900841254966        2.3414937842797672E-002
   92.049999999999656        1.2314959572216417        2.1966872731851002E-002
   92.099999999999653        1.2314706145729968        2.3095059481295092E-002
   92.149999999999650        1.1784851704167281        2.1638092641437776E-002
   92.199999999999648        1.1788022498845432        2.2350771399932974E-002
   92.249999999999645        1.0963068468203234        2.0888911996508983E-002
   92.299999999999642        1.0553859349885801        2.0394065599783313E-002
   92.349999999999639        1.0344131796130198        2.0718203893255609E-002
   92.399999999999636        1.0113526026430755        1.9769279448622359E-002
   92.449999999999633       0.96122550332114975        1.8774100545611447E-002
   92.499999999999631       0.96812264544312732        1.9530585668617810E-002
   92.549999999999628       0.91373718271230941        1.9572543057125202E-002
   92.599999999999625       0.87609832176061897        1.7899748636528410E-002
   92.649999999999622       0.86117773097023553        1.8481711141380676E-002
   92.699999999999619       0.82710312128236108        1.7030299928715693E-002
   92.749999999999616       0.79992849167150148        1.7420993017611231E-002
   92.799999999999613       0.80331373155398855        1.8718973104545938E-002
   92.849999999999611       0.76678874476721637        1.6510115736522828E-002
   92.899999999999608       0.73744414245098899        1.5644383957014542E-002
   92.949999999999605       0.73401123735275753        1.5875989244283968E-002
   92.999999999999602       0.71238529987286392        1.5525190107144378E-002
   93.049999999999599       0.70782658388992903        1.6075337384399108E-002
   93.099999999999596       0.67626348257850011        1.5586142971861771E-002
   93.149999999999594       0.64218960654775614        1.3856959979231837E-002
   93.199999999999591       0.63780521203242369        1.4393305787022054E-002
   93.249999999999588       0.66480792961715485        1.6476662992591429E-002
   93.299999999999585       0.61164181319088695        1.4167112972799371E-002
   93.349999999999582       0.60837101258319659        1.4300552363041036E-002
   93.399999999999579       0.57759659346659087        1.3481927892304487E-002
   93.449999999999577       0.57527600421629466        1.3893077704446911E-002
   93.499999999999574       0.55620978742228111        1.2821883325851852E-002
   93.549999999999571       0.55982392349481114        1.3380024426723008E-002
   93.599999999999568       0.55144367580998144        1.3693955460125166E-002
   93.649999999999565       0.52691709599555192        1.2408121900583468E-002
   93.699999999999562       0.52935339323090858        1.3934499282664919E-002
   93.749999999999559       0.50772360794803817        1.2240892475215974E-002
   93.799999999999557       0.49629900996955728        1.1396809082218497E-002
   93.849999999999554       0.46915202614542273        1.1550757644976612E-002
   93.899999999999551       0.47934060846366744        1.2247577317229719E-002
   93.949999999999548       0.49084886099825870        1.3018570304602640E-002
   93.999999999999545       0.47580016330590874        1.2184780961284586E-002
   94.049999999999542       0.45016976836729089        1.0968408367053513E-002
   94.099999999999540       0.44327274260811017        1.1428780306018264E-002
   94.149999999999537       0.42087312251119208        9.9998772181905411E-003
   94.199999999999534       0.42802512571671630        1.0783058470226228E-002
   94.249999999999531       0.41935440516627720        1.0294219084036917E-002
   94.299999999999528       0.41273076919577212        1.0281933137042547E-002
   94.349999999999525       0.40463149869600057        1.0411662992554426E-002
   94.399999999999523       0.40223273347678828        1.0014391017298001E-002
   94.449999999999520       0.38760512683052445        9.9757512723497050E-003
   94.499999999999517       0.39818989934775789        1.0173472611207244E-002
   94.549999999999514       0.38772572034884073        9.6862112104802497E-003
   94.599999999999511       0.37675651384922587        9.0639829558436039E-003
   94.649999999999508       0.37700702684158927        9.7752231084891929E-003
   94.699999999999505       0.38062434487178715        9.8126498289050242E-003
   94.749999999999503       0.38163262864843650        1.0150179436933634E-002
   94.799999999999500       0.37026309462859081        1.0005208305886639E-002
   94.849999999999497       0.35173003582690876        8.3056997167621164E-003
   94.899999999999494       0.34621771241438182        8.2424058406230984E-003
   94.949999999999491       0.32892150549181909        7.4849792214202781E-003
   94.999999999999488       0.32884334585921776        7.6825173238739821E-003
   95.049999999999486       0.33363303069988021        7.8705733768493699E-003
   95.099999999999483       0.32847730584968182        7.9500563778386029E-003
   95.149999999999480       0.32077986850801837        8.0704061271407897E-003
   95.199999999999477       0.31274656851312704        8.0763418871781442E-003
   95.249999999999474       0.31123664815079072        7.4752243050087873E-003
   95.299999999999471       0.31038587636377918        7.3984722569033785E-003
   95.349999999999469       0.31969887822350873        7.7330657333757394E-003
   95.399999999999466       0.31012294095919812        7.0806892916920310E-003
   95.449999999999463       0.31057808575409018        7.2782790131984531E-003
   95.499999999999460       0.29758652210383807        6.8458105215987728E-003
   95.549999999999457       0.29240350241599877        6.5796270708640570E-003
   95.599999999999454       0.31541192083432867        7.9417867015184954E-003
   95.649999999999451       0.29465517524109075        6.8497334701039976E-003
   95.699999999999449       0.29262445975863849        6.6137218549366045E-003
   95.749999999999446       0.29876158493857607        6.9893453079216752E-003
   95.799999999999443       0.28688797459721882        6.7088806499731764E-003
   95.849999999999440       0.28695785239875893        6.5969643599009028E-003
   95.899999999999437       0.27774752710470613        6.2370187768657640E-003
   95.949999999999434       0.28325273502880710        6.4400961954798122E-003
