   0.0000000000000000        173.37724672729760        4.6587388688981033     
   1.0000000000000000E-002   102.12141968526829        4.4169466535371509     
   1.9999999999999997E-002   102.00499466661984        7.2576530790250917     
   2.9999999999999999E-002   129.63655570858418        16.065309126899376     
   4.0000000000000001E-002   123.96865736337929        14.992351409123767     
   5.0000000000000003E-002   123.98036401413781        23.995834543606271     
   6.0000000000000005E-002   92.800284513076576        14.044309987825079     
   7.0000000000000007E-002   91.178735358877177        15.644414550988165     
   8.0000000000000002E-002   85.548870046142113        20.343224991558454     
   8.9999999999999997E-002   40.702666906923710        12.507716484204186     
   9.9999999999999992E-002   28.443508490683261        9.5413747653040399     
  0.10999999999999999        11.062325907962197        4.2771319259174279     
  0.11999999999999998        4.8379687575081443        2.0563136518376344     
  0.12999999999999998        5.8773189220923419        2.3201399900611102     
  0.13999999999999999        2.4581052475918908       0.96888847468909989     
  0.14999999999999999        2.4911278858447718        1.6495828153208925     
  0.16000000000000000       0.74977946482439706       0.27319956608160695     
  0.17000000000000001        1.8375297215046973       0.91205580026466282     
  0.18000000000000002        1.3917555673731854        1.2238646290553779     
  0.19000000000000003       0.47969043749707641       0.16792502289143474     
  0.20000000000000004       0.24788183864743943       0.15922787361710497     
  0.21000000000000005        9.5259076928068828E-002   3.7392175413451183E-002
  0.22000000000000006       0.39826739554959079       0.23263779298251727     
  0.23000000000000007        4.1103742280135976E-002   2.9287444613351667E-002
  0.24000000000000005        8.5960279400043582E-002   3.8329342393837021E-002
  0.25000000000000006        1.7522417704663423E-002   1.3154944823708223E-002
  0.26000000000000006        1.1065035221221584        1.0334577589436440     
  0.27000000000000007       0.56880456165065585       0.45535412344935944     
  0.28000000000000008       0.13416734695908294       0.12719642014139995     
  0.29000000000000009       0.21976315912200689       0.18010748552121433     
  0.30000000000000010        3.8325278336582800        3.6545993998366479     
  0.31000000000000011        6.8817568785368127E-002   6.1959349103960629E-002
  0.32000000000000012        7.4055796592114573E-002   4.0169371596076989E-002
  0.33000000000000013        7.4455446793505006E-002   6.3455098814398703E-002
  0.34000000000000014       0.46833756063288567       0.43848725198076977     
  0.35000000000000014        2.1485421832917670        1.9745787620414967     
  0.36000000000000015       0.15355626880991360       0.10876442400532865     
  0.37000000000000016        1.5247906998390508E-002   1.1988884812521231E-002
  0.38000000000000017        7.9620989786767307E-002   7.9618261498871398E-002
  0.39000000000000018        0.0000000000000000        0.0000000000000000     
  0.40000000000000019        1.2458028994810128E-002   1.2457602108761559E-002
  0.41000000000000020        0.0000000000000000        0.0000000000000000     
  0.42000000000000021        5.0510833601401933E-002   3.6727226418065223E-002
  0.43000000000000022        1.5310266229600633E-002   1.5309741608967940E-002
  0.44000000000000022        0.0000000000000000        0.0000000000000000     
  0.45000000000000023        0.0000000000000000        0.0000000000000000     
  0.46000000000000024        3.1889513955720559        3.1888421231613950     
  0.47000000000000025        0.0000000000000000        0.0000000000000000     
  0.48000000000000026        0.0000000000000000        0.0000000000000000     
  0.49000000000000021        0.0000000000000000        0.0000000000000000     
  0.50000000000000022        0.0000000000000000        0.0000000000000000     
  0.51000000000000023        0.0000000000000000        0.0000000000000000     
  0.52000000000000024        1.9189859567029888E-002   1.9189202008492612E-002
  0.53000000000000025        0.0000000000000000        0.0000000000000000     
  0.54000000000000026        5.9135022722954803E-002   4.1815247450763281E-002
  0.55000000000000027        0.0000000000000000        0.0000000000000000     
  0.56000000000000028        0.0000000000000000        0.0000000000000000     
  0.57000000000000028        0.0000000000000000        0.0000000000000000     
  0.58000000000000029        0.0000000000000000        0.0000000000000000     
  0.59000000000000030        3.3380513592217810E-002   3.3379369777610170E-002
  0.60000000000000031        0.0000000000000000        0.0000000000000000     
  0.61000000000000032        0.0000000000000000        0.0000000000000000     
  0.62000000000000033        0.0000000000000000        0.0000000000000000     
  0.63000000000000034       0.10256267302661927       0.10255915862042890     
  0.64000000000000035        0.0000000000000000        0.0000000000000000     
  0.65000000000000036        0.0000000000000000        0.0000000000000000     
  0.66000000000000036        0.0000000000000000        0.0000000000000000     
  0.67000000000000037        0.0000000000000000        0.0000000000000000     
  0.68000000000000038        0.0000000000000000        0.0000000000000000     
  0.69000000000000039        0.0000000000000000        0.0000000000000000     
  0.70000000000000040        0.0000000000000000        0.0000000000000000     
  0.71000000000000041        0.0000000000000000        0.0000000000000000     
  0.72000000000000042        0.0000000000000000        0.0000000000000000     
  0.73000000000000043        0.0000000000000000        0.0000000000000000     
  0.74000000000000044        0.0000000000000000        0.0000000000000000     
  0.75000000000000044        0.0000000000000000        0.0000000000000000     
  0.76000000000000045        0.0000000000000000        0.0000000000000000     
  0.77000000000000046        0.0000000000000000        0.0000000000000000     
  0.78000000000000047        0.0000000000000000        0.0000000000000000     
  0.79000000000000048        0.0000000000000000        0.0000000000000000     
  0.80000000000000049        0.0000000000000000        0.0000000000000000     
  0.81000000000000050        0.0000000000000000        0.0000000000000000     
  0.82000000000000051        0.0000000000000000        0.0000000000000000     
  0.83000000000000052        0.0000000000000000        0.0000000000000000     
  0.84000000000000052        0.0000000000000000        0.0000000000000000     
  0.85000000000000053        0.0000000000000000        0.0000000000000000     
  0.86000000000000054        0.0000000000000000        0.0000000000000000     
  0.87000000000000055        0.0000000000000000        0.0000000000000000     
  0.88000000000000056        0.0000000000000000        0.0000000000000000     
  0.89000000000000057        0.0000000000000000        0.0000000000000000     
  0.90000000000000058        0.0000000000000000        0.0000000000000000     
  0.91000000000000059        0.0000000000000000        0.0000000000000000     
  0.92000000000000060        0.0000000000000000        0.0000000000000000     
  0.93000000000000060        0.0000000000000000        0.0000000000000000     
  0.94000000000000061        0.0000000000000000        0.0000000000000000     
  0.95000000000000062        0.0000000000000000        0.0000000000000000     
  0.96000000000000063        0.0000000000000000        0.0000000000000000     
  0.97000000000000064        0.0000000000000000        0.0000000000000000     
  0.98000000000000065        0.0000000000000000        0.0000000000000000     
  0.99000000000000066        0.0000000000000000        0.0000000000000000     
   1.0000000000000007        0.0000000000000000        0.0000000000000000     
   1.0100000000000007        0.0000000000000000        0.0000000000000000     
   1.0200000000000007        0.0000000000000000        0.0000000000000000     
   1.0300000000000007        0.0000000000000000        0.0000000000000000     
   1.0400000000000007        0.0000000000000000        0.0000000000000000     
   1.0500000000000007        0.0000000000000000        0.0000000000000000     
   1.0600000000000007        0.0000000000000000        0.0000000000000000     
   1.0700000000000007        0.0000000000000000        0.0000000000000000     
   1.0800000000000007        0.0000000000000000        0.0000000000000000     
   1.0900000000000007        0.0000000000000000        0.0000000000000000     
   1.1000000000000008        0.0000000000000000        0.0000000000000000     
   1.1100000000000008        0.0000000000000000        0.0000000000000000     
   1.1200000000000008        0.0000000000000000        0.0000000000000000     
   1.1300000000000008        0.0000000000000000        0.0000000000000000     
   1.1400000000000008        0.0000000000000000        0.0000000000000000     
   1.1500000000000008        0.0000000000000000        0.0000000000000000     
   1.1600000000000008        0.0000000000000000        0.0000000000000000     
   1.1700000000000008        0.0000000000000000        0.0000000000000000     
   1.1800000000000008        0.0000000000000000        0.0000000000000000     
   1.1900000000000008        0.0000000000000000        0.0000000000000000     
   1.2000000000000008        0.0000000000000000        0.0000000000000000     
   1.2100000000000009        0.0000000000000000        0.0000000000000000     
   1.2200000000000009        0.0000000000000000        0.0000000000000000     
   1.2300000000000009        0.0000000000000000        0.0000000000000000     
   1.2400000000000009        0.0000000000000000        0.0000000000000000     
   1.2500000000000009        0.0000000000000000        0.0000000000000000     
   1.2600000000000009        0.0000000000000000        0.0000000000000000     
   1.2700000000000009        0.0000000000000000        0.0000000000000000     
   1.2800000000000009        0.0000000000000000        0.0000000000000000     
   1.2900000000000009        0.0000000000000000        0.0000000000000000     
   1.3000000000000009        0.0000000000000000        0.0000000000000000     
   1.3100000000000009        0.0000000000000000        0.0000000000000000     
   1.3200000000000010        0.0000000000000000        0.0000000000000000     
   1.3300000000000010        0.0000000000000000        0.0000000000000000     
   1.3400000000000010        0.0000000000000000        0.0000000000000000     
   1.3500000000000010        0.0000000000000000        0.0000000000000000     
   1.3600000000000010        0.0000000000000000        0.0000000000000000     
   1.3700000000000010        0.0000000000000000        0.0000000000000000     
   1.3800000000000010        0.0000000000000000        0.0000000000000000     
   1.3900000000000010        0.0000000000000000        0.0000000000000000     
   1.4000000000000010        0.0000000000000000        0.0000000000000000     
   1.4100000000000010        0.0000000000000000        0.0000000000000000     
   1.4200000000000010        0.0000000000000000        0.0000000000000000     
   1.4300000000000010        0.0000000000000000        0.0000000000000000     
   1.4400000000000011        0.0000000000000000        0.0000000000000000     
   1.4500000000000011        0.0000000000000000        0.0000000000000000     
   1.4600000000000011        0.0000000000000000        0.0000000000000000     
   1.4700000000000011        0.0000000000000000        0.0000000000000000     
   1.4800000000000011        0.0000000000000000        0.0000000000000000     
   1.4900000000000011        0.0000000000000000        0.0000000000000000     
   1.5000000000000011        0.0000000000000000        0.0000000000000000     
   1.5100000000000011        0.0000000000000000        0.0000000000000000     
   1.5200000000000011        0.0000000000000000        0.0000000000000000     
   1.5300000000000011        0.0000000000000000        0.0000000000000000     
   1.5400000000000011        0.0000000000000000        0.0000000000000000     
   1.5500000000000012        0.0000000000000000        0.0000000000000000     
   1.5600000000000012        0.0000000000000000        0.0000000000000000     
   1.5700000000000012        0.0000000000000000        0.0000000000000000     
   1.5800000000000012        0.0000000000000000        0.0000000000000000     
   1.5900000000000012        0.0000000000000000        0.0000000000000000     
   1.6000000000000012        0.0000000000000000        0.0000000000000000     
   1.6100000000000012        0.0000000000000000        0.0000000000000000     
   1.6200000000000012        0.0000000000000000        0.0000000000000000     
   1.6300000000000012        0.0000000000000000        0.0000000000000000     
   1.6400000000000012        0.0000000000000000        0.0000000000000000     
   1.6500000000000012        0.0000000000000000        0.0000000000000000     
   1.6600000000000013        0.0000000000000000        0.0000000000000000     
   1.6700000000000013        0.0000000000000000        0.0000000000000000     
   1.6800000000000013        0.0000000000000000        0.0000000000000000     
   1.6900000000000013        0.0000000000000000        0.0000000000000000     
   1.7000000000000013        0.0000000000000000        0.0000000000000000     
   1.7100000000000013        0.0000000000000000        0.0000000000000000     
   1.7200000000000013        0.0000000000000000        0.0000000000000000     
   1.7300000000000013        0.0000000000000000        0.0000000000000000     
   1.7400000000000013        0.0000000000000000        0.0000000000000000     
   1.7500000000000013        0.0000000000000000        0.0000000000000000     
   1.7600000000000013        0.0000000000000000        0.0000000000000000     
   1.7700000000000014        0.0000000000000000        0.0000000000000000     
   1.7800000000000014        0.0000000000000000        0.0000000000000000     
   1.7900000000000014        0.0000000000000000        0.0000000000000000     
   1.8000000000000014        0.0000000000000000        0.0000000000000000     
   1.8100000000000014        0.0000000000000000        0.0000000000000000     
   1.8200000000000014        0.0000000000000000        0.0000000000000000     
   1.8300000000000014        0.0000000000000000        0.0000000000000000     
   1.8400000000000014        0.0000000000000000        0.0000000000000000     
   1.8500000000000014        0.0000000000000000        0.0000000000000000     
   1.8600000000000014        0.0000000000000000        0.0000000000000000     
   1.8700000000000014        0.0000000000000000        0.0000000000000000     
   1.8800000000000014        0.0000000000000000        0.0000000000000000     
   1.8900000000000015        0.0000000000000000        0.0000000000000000     
   1.9000000000000015        0.0000000000000000        0.0000000000000000     
   1.9100000000000015        0.0000000000000000        0.0000000000000000     
   1.9200000000000015        0.0000000000000000        0.0000000000000000     
   1.9300000000000015        0.0000000000000000        0.0000000000000000     
   1.9400000000000015        0.0000000000000000        0.0000000000000000     
   1.9500000000000015        0.0000000000000000        0.0000000000000000     
   1.9600000000000015        0.0000000000000000        0.0000000000000000     
   1.9700000000000015        0.0000000000000000        0.0000000000000000     
   1.9800000000000015        0.0000000000000000        0.0000000000000000     
   1.9900000000000013        0.0000000000000000        0.0000000000000000     
