  0.59999999999999998        14.184633840409596       0.23987169364405431     
  0.60599999999999998        14.657580785546918       0.25802445456073697     
  0.61199999999999999        14.763139276973872       0.23843468028978276     
  0.61799999999999999        15.118683132094876       0.26203423592152775     
  0.62400000000000000        15.142846534427939       0.24260325646097927     
  0.63000000000000000        15.273942530547993       0.28214228981760875     
  0.63600000000000001        15.469994472209544       0.25173141855744124     
  0.64200000000000002        15.589839703721115       0.25198137776235591     
  0.64800000000000002        16.169362241498821       0.28515982423726516     
  0.65400000000000003        16.119985753961480       0.23861652897834407     
  0.66000000000000003        16.401923071194524       0.24239721429467295     
  0.66600000000000004        16.223870252966236       0.25471216112807737     
  0.67200000000000004        16.306011790130036       0.21970278234093601     
  0.67800000000000005        16.927857769948819       0.26005983550445416     
  0.68400000000000005        17.389795165164649       0.33968343615494656     
  0.69000000000000006        17.679360309913299       0.27146629460152488     
  0.69600000000000006        18.049742813952321       0.30520276556576054     
  0.70200000000000007        18.220878427960937       0.30773937317900024     
  0.70800000000000007        18.403078424247685       0.29006332267312834     
  0.71400000000000008        18.394513383055759       0.30363751839809611     
  0.72000000000000008        18.884010813799698       0.30025921034222092     
  0.72600000000000009        19.341043170217123       0.29404140960563208     
  0.73200000000000010        19.719404295979324       0.33322293320682034     
  0.73800000000000010        19.671744179804900       0.28497709106541991     
  0.74400000000000011        20.066446488028532       0.29617779303861286     
  0.75000000000000011        20.050217875641579       0.30324435452094850     
  0.75600000000000012        20.163020888376902       0.29490064277879263     
  0.76200000000000012        20.558087591662957       0.29872564890025999     
  0.76800000000000013        20.767431861430964       0.28735608973694332     
  0.77400000000000013        20.809025234833101       0.27492330021908323     
  0.78000000000000014        21.287355811013605       0.29759929766590237     
  0.78600000000000014        21.537852064994183       0.29618148632062824     
  0.79200000000000015        21.398417257675401       0.29091010616628737     
  0.79800000000000015        22.046372545916103       0.31267679167988210     
  0.80400000000000016        22.240726906722060       0.30567924708456901     
  0.81000000000000016        22.678274892012588       0.29564813989895145     
  0.81600000000000017        22.985338382632957       0.30534583613547078     
  0.82200000000000017        23.169954374132328       0.31418616807378286     
  0.82800000000000018        23.550331102114960       0.29892648853389830     
  0.83400000000000019        23.682778903093393       0.30663944508623403     
  0.84000000000000019        23.737309927851268       0.31037607749547730     
  0.84600000000000020        25.295370272613511       0.41183686248655271     
  0.85200000000000020        25.027440597440766       0.32726824927737463     
  0.85800000000000021        25.296813568406989       0.32535096922515283     
  0.86400000000000021        26.302796219548956       0.35211579997785442     
  0.87000000000000022        25.966507763898001       0.32318004931876665     
  0.87600000000000022        26.236077728393887       0.31949382118284197     
  0.88200000000000023        27.196169956374515       0.32875251109374526     
  0.88800000000000023        27.467649461449767       0.31346124132598818     
  0.89400000000000024        28.773196636792253       0.34989760328794073     
  0.90000000000000024        28.920114716484186       0.34546444832935957     
  0.90600000000000025        29.846163388607920       0.42183475574548368     
  0.91200000000000025        30.404729457059641       0.34143113430737881     
  0.91800000000000026        31.470204455944224       0.36175761729856110     
  0.92400000000000027        31.773733709761526       0.34437886885273483     
  0.93000000000000027        33.844803273484871       0.38958919149604931     
  0.93600000000000028        34.475628823684779       0.38657516550040372     
  0.94200000000000028        36.248935843990580       0.45911280069496369     
  0.94800000000000029        37.557291466417944       0.40593520111874054     
  0.95400000000000029        39.130740097048381       0.41473245103840972     
  0.96000000000000030        40.982719451221634       0.42809741569507342     
  0.96600000000000030        43.664517933060246       0.41043668759414259     
  0.97200000000000031        47.413774068763118       0.46597967888960595     
  0.97800000000000031        50.236479828783722       0.48339532176957800     
  0.98400000000000032        52.448490671807377       0.47596078743149234     
  0.99000000000000032        53.331605133117868       0.51830055458684343     
  0.99600000000000022        50.317817674053877       0.48844065284288529     
   1.0020000000000002        40.783439330241066       0.44039974713669106     
   1.0080000000000002        30.063041040048986       0.32640727122068069     
   1.0140000000000002        22.992180282663806       0.27920712484569621     
   1.0200000000000002        17.951342829383645       0.21349226449989653     
   1.0260000000000002        14.993306092361959       0.17974935459253913     
   1.0320000000000003        12.956439142938814       0.16404496729527068     
   1.0380000000000003        11.146725343546580       0.12665021928456704     
   1.0440000000000003        10.122518270650644       0.11890983513199595     
   1.0500000000000003        9.2215721491253326        9.3808792632771851E-002
   1.0560000000000003        8.5244512809770949        8.5163228459510298E-002
   1.0620000000000003        8.1709106196445287        8.0314672133935630E-002
   1.0680000000000003        7.5863854060039992        6.2615498909584469E-002
   1.0740000000000003        7.1740801952600810        5.4901791565001086E-002
   1.0800000000000003        6.7698306384616602        4.4723969928438800E-002
   1.0860000000000003        5.9285715315069796        3.0796112279102294E-002
   1.0920000000000003       0.49176899608026198        5.4429878516487357E-003
   1.0980000000000003        0.0000000000000000        0.0000000000000000     
   1.1040000000000003        0.0000000000000000        0.0000000000000000     
   1.1100000000000003        0.0000000000000000        0.0000000000000000     
   1.1160000000000003        0.0000000000000000        0.0000000000000000     
   1.1220000000000003        0.0000000000000000        0.0000000000000000     
   1.1280000000000003        0.0000000000000000        0.0000000000000000     
   1.1340000000000003        0.0000000000000000        0.0000000000000000     
   1.1400000000000003        0.0000000000000000        0.0000000000000000     
   1.1460000000000004        0.0000000000000000        0.0000000000000000     
   1.1520000000000004        0.0000000000000000        0.0000000000000000     
   1.1580000000000004        0.0000000000000000        0.0000000000000000     
   1.1640000000000004        0.0000000000000000        0.0000000000000000     
   1.1700000000000004        0.0000000000000000        0.0000000000000000     
   1.1760000000000004        0.0000000000000000        0.0000000000000000     
   1.1820000000000004        0.0000000000000000        0.0000000000000000     
   1.1880000000000004        0.0000000000000000        0.0000000000000000     
   1.1940000000000004        0.0000000000000000        0.0000000000000000     
   1.2000000000000004        0.0000000000000000        0.0000000000000000     
   1.2060000000000004        0.0000000000000000        0.0000000000000000     
   1.2120000000000004        0.0000000000000000        0.0000000000000000     
   1.2180000000000004        0.0000000000000000        0.0000000000000000     
   1.2240000000000004        0.0000000000000000        0.0000000000000000     
   1.2300000000000004        0.0000000000000000        0.0000000000000000     
   1.2360000000000004        0.0000000000000000        0.0000000000000000     
   1.2420000000000004        0.0000000000000000        0.0000000000000000     
   1.2480000000000004        0.0000000000000000        0.0000000000000000     
   1.2540000000000004        0.0000000000000000        0.0000000000000000     
   1.2600000000000005        0.0000000000000000        0.0000000000000000     
   1.2660000000000005        0.0000000000000000        0.0000000000000000     
   1.2720000000000005        0.0000000000000000        0.0000000000000000     
   1.2780000000000005        0.0000000000000000        0.0000000000000000     
   1.2840000000000005        0.0000000000000000        0.0000000000000000     
   1.2900000000000005        0.0000000000000000        0.0000000000000000     
   1.2960000000000005        0.0000000000000000        0.0000000000000000     
   1.3020000000000005        0.0000000000000000        0.0000000000000000     
   1.3080000000000005        0.0000000000000000        0.0000000000000000     
   1.3140000000000005        0.0000000000000000        0.0000000000000000     
   1.3200000000000005        0.0000000000000000        0.0000000000000000     
   1.3260000000000005        0.0000000000000000        0.0000000000000000     
   1.3320000000000005        0.0000000000000000        0.0000000000000000     
   1.3380000000000005        0.0000000000000000        0.0000000000000000     
   1.3440000000000005        0.0000000000000000        0.0000000000000000     
   1.3500000000000005        0.0000000000000000        0.0000000000000000     
   1.3560000000000005        0.0000000000000000        0.0000000000000000     
   1.3620000000000005        0.0000000000000000        0.0000000000000000     
   1.3680000000000005        0.0000000000000000        0.0000000000000000     
   1.3740000000000006        0.0000000000000000        0.0000000000000000     
   1.3800000000000006        0.0000000000000000        0.0000000000000000     
   1.3860000000000006        0.0000000000000000        0.0000000000000000     
   1.3920000000000006        0.0000000000000000        0.0000000000000000     
   1.3980000000000006        0.0000000000000000        0.0000000000000000     
   1.4040000000000006        0.0000000000000000        0.0000000000000000     
   1.4100000000000006        0.0000000000000000        0.0000000000000000     
   1.4160000000000006        0.0000000000000000        0.0000000000000000     
   1.4220000000000006        0.0000000000000000        0.0000000000000000     
   1.4280000000000006        0.0000000000000000        0.0000000000000000     
   1.4340000000000006        0.0000000000000000        0.0000000000000000     
   1.4400000000000006        0.0000000000000000        0.0000000000000000     
   1.4460000000000006        0.0000000000000000        0.0000000000000000     
   1.4520000000000006        0.0000000000000000        0.0000000000000000     
   1.4580000000000006        0.0000000000000000        0.0000000000000000     
   1.4640000000000006        0.0000000000000000        0.0000000000000000     
   1.4700000000000006        0.0000000000000000        0.0000000000000000     
   1.4760000000000006        0.0000000000000000        0.0000000000000000     
   1.4820000000000007        0.0000000000000000        0.0000000000000000     
   1.4880000000000007        0.0000000000000000        0.0000000000000000     
   1.4940000000000007        0.0000000000000000        0.0000000000000000     
   1.5000000000000007        0.0000000000000000        0.0000000000000000     
   1.5060000000000007        0.0000000000000000        0.0000000000000000     
   1.5120000000000007        0.0000000000000000        0.0000000000000000     
   1.5180000000000007        0.0000000000000000        0.0000000000000000     
   1.5240000000000007        0.0000000000000000        0.0000000000000000     
   1.5300000000000007        0.0000000000000000        0.0000000000000000     
   1.5360000000000007        0.0000000000000000        0.0000000000000000     
   1.5420000000000007        0.0000000000000000        0.0000000000000000     
   1.5480000000000007        0.0000000000000000        0.0000000000000000     
   1.5540000000000007        0.0000000000000000        0.0000000000000000     
   1.5600000000000007        0.0000000000000000        0.0000000000000000     
   1.5660000000000007        0.0000000000000000        0.0000000000000000     
   1.5720000000000007        0.0000000000000000        0.0000000000000000     
   1.5780000000000007        0.0000000000000000        0.0000000000000000     
   1.5840000000000007        0.0000000000000000        0.0000000000000000     
   1.5900000000000007        0.0000000000000000        0.0000000000000000     
   1.5960000000000008        0.0000000000000000        0.0000000000000000     
   1.6020000000000008        0.0000000000000000        0.0000000000000000     
   1.6080000000000008        0.0000000000000000        0.0000000000000000     
   1.6140000000000008        0.0000000000000000        0.0000000000000000     
   1.6200000000000008        0.0000000000000000        0.0000000000000000     
   1.6260000000000008        0.0000000000000000        0.0000000000000000     
   1.6320000000000008        0.0000000000000000        0.0000000000000000     
   1.6380000000000008        0.0000000000000000        0.0000000000000000     
   1.6440000000000008        0.0000000000000000        0.0000000000000000     
   1.6500000000000008        0.0000000000000000        0.0000000000000000     
   1.6560000000000008        0.0000000000000000        0.0000000000000000     
   1.6620000000000008        0.0000000000000000        0.0000000000000000     
   1.6680000000000008        0.0000000000000000        0.0000000000000000     
   1.6740000000000008        0.0000000000000000        0.0000000000000000     
   1.6800000000000008        0.0000000000000000        0.0000000000000000     
   1.6860000000000008        0.0000000000000000        0.0000000000000000     
   1.6920000000000008        0.0000000000000000        0.0000000000000000     
   1.6980000000000008        0.0000000000000000        0.0000000000000000     
   1.7040000000000008        0.0000000000000000        0.0000000000000000     
   1.7100000000000009        0.0000000000000000        0.0000000000000000     
   1.7160000000000009        0.0000000000000000        0.0000000000000000     
   1.7220000000000009        0.0000000000000000        0.0000000000000000     
   1.7280000000000009        0.0000000000000000        0.0000000000000000     
   1.7340000000000009        0.0000000000000000        0.0000000000000000     
   1.7400000000000009        0.0000000000000000        0.0000000000000000     
   1.7460000000000009        0.0000000000000000        0.0000000000000000     
   1.7520000000000009        0.0000000000000000        0.0000000000000000     
   1.7580000000000009        0.0000000000000000        0.0000000000000000     
   1.7640000000000009        0.0000000000000000        0.0000000000000000     
   1.7700000000000009        0.0000000000000000        0.0000000000000000     
   1.7760000000000009        0.0000000000000000        0.0000000000000000     
   1.7820000000000009        0.0000000000000000        0.0000000000000000     
   1.7880000000000009        0.0000000000000000        0.0000000000000000     
   1.7940000000000009        0.0000000000000000        0.0000000000000000     
