   40.000000000000000        0.0000000000000000        0.0000000000000000     
   40.299999999999997        3.2264310422309918E-007   3.2264309248840690E-007
   40.599999999999994        6.3391231456629392E-006   3.8367796273237378E-006
   40.899999999999991        2.9729413280034097E-006   2.4856440793810787E-006
   41.199999999999989        0.0000000000000000        0.0000000000000000     
   41.499999999999986        4.1009851293605675E-006   2.1957127524921737E-006
   41.799999999999983        3.0510319934712985E-006   2.3440265013203604E-006
   42.099999999999980        4.8742990534019632E-007   4.8742988761212507E-007
   42.399999999999977        0.0000000000000000        0.0000000000000000     
   42.699999999999974        1.7388137474769428E-006   1.7388136842354106E-006
   42.999999999999972        1.3219830819885003E-006   1.3219830339073095E-006
   43.299999999999969        4.2775293351691156E-006   3.1684950829278162E-006
   43.599999999999966        2.2698133772496583E-006   1.9135616102957691E-006
   43.899999999999963        1.6274572398995854E-005   8.8473660417294692E-006
   44.199999999999960        4.0461248826545671E-006   2.9334731948609005E-006
   44.499999999999957        2.3395094273397122E-005   9.4375546038811809E-006
   44.799999999999955        1.0911793932768161E-005   5.7982996764511612E-006
   45.099999999999952        1.8489605472843255E-005   7.6175864451769261E-006
   45.399999999999949        2.7309990861248309E-005   1.5538844469310244E-005
   45.699999999999946        1.7861647601675943E-005   9.0635196138839107E-006
   45.999999999999943        7.9852119842398287E-005   4.7718345594113893E-005
   46.299999999999940        2.5522782837348223E-005   8.7757373317058111E-006
   46.599999999999937        6.4274584692174507E-005   2.9742878063779496E-005
   46.899999999999935        2.0811091634728866E-005   1.0640008162819279E-005
   47.199999999999932        4.2172856521463884E-005   1.3269396611518575E-005
   47.499999999999929        4.1247269555562238E-005   9.9092620202656304E-006
   47.799999999999926        8.9119167147233092E-005   2.2046132634597199E-005
   48.099999999999923        7.7055026360975767E-005   2.2819232645908648E-005
   48.399999999999920        1.4504549461440619E-004   7.0641686330550799E-005
   48.699999999999918        1.0925372029655732E-004   3.1949453131395065E-005
   48.999999999999915        8.7070284691652419E-005   1.8406978851501746E-005
   49.299999999999912        2.6597925914949506E-004   9.0856116665386118E-005
   49.599999999999909        2.8067277036068360E-004   5.2559893814780168E-005
   49.899999999999906        6.1550127373334498E-002   1.9103044911968862E-003
   50.199999999999903       0.10089281954577126        2.0107713718993561E-003
   50.499999999999901       0.10987566557351940        2.4056545663684536E-003
   50.799999999999898       0.11263181057015552        2.5575289785752619E-003
   51.099999999999895       0.11974996901481497        2.6528578926871349E-003
   51.399999999999892       0.11653817405375877        2.5891070200473165E-003
   51.699999999999889       0.11919192875563575        2.5220537005785039E-003
   51.999999999999886       0.12218018291278381        2.6869253278537886E-003
   52.299999999999883       0.12150027185276369        2.3572276365343195E-003
   52.599999999999881       0.12764876602734612        2.7383255802216852E-003
   52.899999999999878       0.12747401227970129        2.7013395274459069E-003
   53.199999999999875       0.12372581690231184        2.3864330121959620E-003
   53.499999999999872       0.13508687397033858        2.8964213819388826E-003
   53.799999999999869       0.13355730025985277        2.8088516033393904E-003
   54.099999999999866       0.13228077576423727        2.5546808976065153E-003
   54.399999999999864       0.13932353337644765        3.0369730700219905E-003
   54.699999999999861       0.13722260730803570        2.9301808423122916E-003
   54.999999999999858       0.13547273107042426        2.8368239166187931E-003
   55.299999999999855       0.13833669711960178        2.7862965283587935E-003
   55.599999999999852       0.13876366202466389        2.7863096352342574E-003
   55.899999999999849       0.14012554621167359        2.8237846781628607E-003
   56.199999999999847       0.14629344552995560        3.0077700861597806E-003
   56.499999999999844       0.14067642286716212        2.6090471518493948E-003
   56.799999999999841       0.14235618631670072        2.5715095462494086E-003
   57.099999999999838       0.13995325829232350        2.6149076470186748E-003
   57.399999999999835       0.14575497360542189        2.8476748463241836E-003
   57.699999999999832       0.14617784043391341        2.7286568787711881E-003
   57.999999999999829       0.15076954644072335        2.9916029600440316E-003
   58.299999999999827       0.15320343367703260        3.1097281223471914E-003
   58.599999999999824       0.15090285195487663        2.8162248637908366E-003
   58.899999999999821       0.15139535546014860        3.0037037125700871E-003
   59.199999999999818       0.15129976871445774        2.8720538724917653E-003
   59.499999999999815       0.15538077959427971        2.8501402495308518E-003
   59.799999999999812       0.15278348517675719        2.7033712868829753E-003
   60.099999999999810       0.15842284908670826        3.0639549983853703E-003
   60.399999999999807       0.16279856739854706        3.1264081061079083E-003
   60.699999999999804       0.15669512152929277        2.9163603236175410E-003
   60.999999999999801       0.16141589984951299        2.9926923402045177E-003
   61.299999999999798       0.16291029526887232        3.0351484423063687E-003
   61.599999999999795       0.16201276735804904        3.0435144368251119E-003
   61.899999999999793       0.16345774918546976        2.8689096466781995E-003
   62.199999999999790       0.16376584797702939        2.8368711165776754E-003
   62.499999999999787       0.16541342007773444        3.1681360379112425E-003
   62.799999999999784       0.17607955455173477        3.4212670377102941E-003
   63.099999999999781       0.16985583696653259        2.9651674578666408E-003
   63.399999999999778       0.16744964071608898        2.9493201567739108E-003
   63.699999999999775       0.17417245992619634        3.1706790976452708E-003
   63.999999999999773       0.17300486139861526        2.9450637667870413E-003
   64.299999999999770       0.17504894499658288        3.0530220867267042E-003
   64.599999999999767       0.17668195963078476        3.2572742050289757E-003
   64.899999999999764       0.17917159728914542        3.1179195709052127E-003
   65.199999999999761       0.17452651831904525        2.9107593995629389E-003
   65.499999999999758       0.17419530212939885        2.8708050050553079E-003
   65.799999999999756       0.18156254621445311        3.1622838555033263E-003
   66.099999999999753       0.18191655667095435        3.3246545331005509E-003
   66.399999999999750       0.18243061741577418        3.2103682682313220E-003
   66.699999999999747       0.18196734779402082        3.0324340552009489E-003
   66.999999999999744       0.18580222987127956        3.1560412034764120E-003
   67.299999999999741       0.18692463445725158        3.1881254528448259E-003
   67.599999999999739       0.18524483308193909        3.0179365443537545E-003
   67.899999999999736       0.19210714275406054        3.2399511485860163E-003
   68.199999999999733       0.19496351033591799        3.4062109030485095E-003
   68.499999999999730       0.19306561188318094        3.2376536780411667E-003
   68.799999999999727       0.19218096578799096        3.2727260401468148E-003
   69.099999999999724       0.19705979925530476        3.4486688448642647E-003
   69.399999999999721       0.19775286788427693        3.2282388783383079E-003
   69.699999999999719       0.19947264811932636        3.3780299975189796E-003
   69.999999999999716       0.20385161142578881        3.6291390899606713E-003
   70.299999999999713       0.19728974041584427        3.0952767978504889E-003
   70.599999999999710       0.20255494888472103        3.2955134649225708E-003
   70.899999999999707       0.20521519724135392        3.3724298168702218E-003
   71.199999999999704       0.20320334050268180        3.1945994885138424E-003
   71.499999999999702       0.20811638947260636        3.4858765850760290E-003
   71.799999999999699       0.20466056611888958        3.1863458669390424E-003
   72.099999999999696       0.20706637578101875        3.2551989766223545E-003
   72.399999999999693       0.21270267726050973        3.4975335647722829E-003
   72.699999999999690       0.21127731850974435        3.3149499245603157E-003
   72.999999999999687       0.21537477808615946        3.5736796174443549E-003
   73.299999999999685       0.21461674954555460        3.3078588868133418E-003
   73.599999999999682       0.21508239026228268        3.4440261421468019E-003
   73.899999999999679       0.21770240100272351        3.5101449158271673E-003
   74.199999999999676       0.21733648590899829        3.2726589803006097E-003
   74.499999999999673       0.22111557052623249        3.3838992174817562E-003
   74.799999999999670       0.22552073357036584        3.5843750201102007E-003
   75.099999999999667       0.22007732499589747        3.2183705369751322E-003
   75.399999999999665       0.22408943845256793        3.4968647672221900E-003
   75.699999999999662       0.23321185964078001        3.7653709404972171E-003
   75.999999999999659       0.23185043038754924        3.7568502174258290E-003
   76.299999999999656       0.23104106932212287        3.6008317461797752E-003
   76.599999999999653       0.23051556685601293        3.4191451966828273E-003
   76.899999999999650       0.23146246911447871        3.4012211575074063E-003
   77.199999999999648       0.23675385061518928        3.5250986901923086E-003
   77.499999999999645       0.23525713617797075        3.4942508534759509E-003
   77.799999999999642       0.24234436584165361        3.5611264050492953E-003
   78.099999999999639       0.23933391477951094        3.5697324548379524E-003
   78.399999999999636       0.24511383958840263        3.6811708232179041E-003
   78.699999999999633       0.25539037169689899        3.9444056749273603E-003
   78.999999999999631       0.25488917226612134        3.7721614469893609E-003
   79.299999999999628       0.26006132236719437        4.0516225131628216E-003
   79.599999999999625       0.25155710276202592        3.7930508145244150E-003
   79.899999999999622       0.25996872828666628        3.8607061555140276E-003
   80.199999999999619       0.25665676954553895        3.6229551252093479E-003
   80.499999999999616       0.25895230546655534        3.5518624989624866E-003
   80.799999999999613       0.26369227795175465        3.7726910161642686E-003
   81.099999999999611       0.26948327451181486        3.8295365831788140E-003
   81.399999999999608       0.27366085307594784        3.9996872684354440E-003
   81.699999999999605       0.27085374248425331        3.6314343337006325E-003
   81.999999999999602       0.28691348427982000        4.3015932098668446E-003
   82.299999999999599       0.27201254751080245        3.5515627075818216E-003
   82.599999999999596       0.28711611538417625        4.0037459183634638E-003
   82.899999999999594       0.28811518294116145        4.0965927797625241E-003
   83.199999999999591       0.29475817049275599        4.1476304884980756E-003
   83.499999999999588       0.30170114932621928        4.1994497624878420E-003
   83.799999999999585       0.30190569186916638        4.1082467258717770E-003
   84.099999999999582       0.29969918910492344        3.9727369962994953E-003
   84.399999999999579       0.30943494257849047        4.0050059136258094E-003
   84.699999999999577       0.31489697213940582        4.1020412662237165E-003
   84.999999999999574       0.31939238664188208        4.1604377376825378E-003
   85.299999999999571       0.32627296371023062        4.2265530719092052E-003
   85.599999999999568       0.33353812608085803        4.2580747813077561E-003
   85.899999999999565       0.33761800611520193        4.3880334408876211E-003
   86.199999999999562       0.34571764223995427        4.3888006886320967E-003
   86.499999999999559       0.35023214281459386        4.1745323663086474E-003
   86.799999999999557       0.35270951526766542        4.1540670175595111E-003
   87.099999999999554       0.37235336506709227        4.5895642385894875E-003
   87.399999999999551       0.37980112131297250        4.6004450298402829E-003
   87.699999999999548       0.38984497106301019        4.5947144616712244E-003
   87.999999999999545       0.39905785339019600        4.6067111642747486E-003
   88.299999999999542       0.41559806118615877        4.9252595934751739E-003
   88.599999999999540       0.42437492501671592        4.7514778662652232E-003
   88.899999999999537       0.44070585530187500        4.8980649066146971E-003
   89.199999999999534       0.45860290539078513        5.2217501213361614E-003
   89.499999999999531       0.48201906855533166        5.1877021964594336E-003
   89.799999999999528       0.50330908914549677        5.7115329025284886E-003
   90.099999999999525       0.50898212410533328        5.5590261257445588E-003
   90.399999999999523       0.51801940510238043        5.6305246043973078E-003
   90.699999999999520       0.49119403248822591        5.1671245085578620E-003
   90.999999999999517       0.47641215555613520        5.3046185392304187E-003
   91.299999999999514       0.43562464971915982        4.8942577550278718E-003
   91.599999999999511       0.38226533511460153        4.5494641077432237E-003
   91.899999999999508       0.32915764572039014        4.2248119832688771E-003
   92.199999999999505       0.28005350344788543        3.6530358097693004E-003
   92.499999999999503       0.23953233374951932        3.2390065648603651E-003
   92.799999999999500       0.21113319017619295        2.9758945502658687E-003
   93.099999999999497       0.18246243687823552        2.5801295628750383E-003
   93.399999999999494       0.16247212181109486        2.2459450636912555E-003
   93.699999999999491       0.15027074176812530        2.1680440368595320E-003
   93.999999999999488       0.13879183425828204        2.0537456086564447E-003
   94.299999999999486       0.12398622705124818        1.7687345377244963E-003
   94.599999999999483       0.11624732860612556        1.5784113048573788E-003
   94.899999999999480       0.10823400000016760        1.4237141623794653E-003
   95.199999999999477       0.10355009496558891        1.3902524548329140E-003
   95.499999999999474        9.8091842535247706E-002   1.3106902885736632E-003
   95.799999999999471        9.0936858053257366E-002   1.1234812329457070E-003
   96.099999999999469        8.6880822790975684E-002   1.0028689268164240E-003
   96.399999999999466        8.5008461932617851E-002   9.6719932373433304E-004
   96.699999999999463        8.2019269644437523E-002   9.0535553973250754E-004
   96.999999999999460        7.7512168575407325E-002   8.1354946824508637E-004
   97.299999999999457        7.4429238216887947E-002   7.5242612474913490E-004
   97.599999999999454        7.3174624987455889E-002   7.0874365131298072E-004
   97.899999999999451        7.0972867530373726E-002   6.5064845279867549E-004
   98.199999999999449        6.9238393377728011E-002   5.9867699440842195E-004
   98.499999999999446        6.7158975464960274E-002   5.4291438352980755E-004
   98.799999999999443        6.5171913729257278E-002   4.8860560315667036E-004
   99.099999999999440        6.2774458701770161E-002   4.2363554243886027E-004
   99.399999999999437        5.9730877828997130E-002   3.6126239691573655E-004
   99.699999999999434        4.4939482837168948E-002   2.4721337707010450E-004
