   0.0000000000000000        4.3626744103201665        1.1942934692822847E-002
   1.0000000000000000       0.40184393749334429        3.1978486809305668E-003
   2.0000000000000000       0.23117447203413252        2.4295357801483977E-003
   3.0000000000000000       0.15545082387182144        2.5169372257546848E-003
   4.0000000000000000       0.11581726679925507        1.7982216351400526E-003
   5.0000000000000000        8.7998830732958250E-002   1.7792230744690023E-003
   6.0000000000000000        6.9057602949436511E-002   1.3671280074913309E-003
   7.0000000000000000        5.6982111623351241E-002   1.2783649548815963E-003
   8.0000000000000000        5.0060639426981426E-002   1.8171553411187548E-003
   9.0000000000000000        3.8435316086638055E-002   1.0940868783177165E-003
   10.000000000000000        3.1342352932413990E-002   8.8315317289311684E-004
   11.000000000000000        2.5632766312426676E-002   7.8680524398483972E-004
   12.000000000000000        2.4356288835189300E-002   1.0409236544841655E-003
   13.000000000000000        1.9283628004957549E-002   1.5424308677246029E-003
   14.000000000000000        1.5399840256567954E-002   6.5865904717154089E-004
   15.000000000000000        1.4265276232841101E-002   8.8525126565947520E-004
   16.000000000000000        1.3272332610796713E-002   1.0307420284585498E-003
   17.000000000000000        9.4685976169818897E-003   6.2416040858669336E-004
   18.000000000000000        8.3146507886258051E-003   6.9312296692122571E-004
   19.000000000000000        5.5680813040080105E-003   5.1483107928995339E-004
   20.000000000000000        3.2601349107793964E-003   3.1323220237023145E-004
   21.000000000000000        1.9117413936240414E-003   1.4933683694275682E-004
   22.000000000000000        1.1279468456688660E-003   1.1730564744910501E-004
   23.000000000000000        7.5982777745372697E-004   7.8742977728728274E-005
   24.000000000000000        5.0240445893624092E-004   7.9575736188526423E-005
   25.000000000000000        2.2133028137579259E-004   4.1510207423977849E-005
   26.000000000000000        2.3316470627141904E-004   4.0081532416870680E-005
   27.000000000000000        1.7369493064378782E-004   3.9212644259961694E-005
   28.000000000000000        1.4433993969242405E-004   2.8203593753766833E-005
   29.000000000000000        8.6224377603140250E-005   2.0615977692431502E-005
   30.000000000000000        8.7061969671773133E-005   2.4591103296462461E-005
   31.000000000000000        8.1707790742454570E-005   2.9234990194748588E-005
   32.000000000000000        2.9515647505277523E-005   1.0270570370054994E-005
   33.000000000000000        1.0811221908521568E-005   7.2579743404254650E-006
   34.000000000000000        6.2550489294630960E-006   2.7926918254694869E-006
   35.000000000000000        1.6249832145455275E-005   9.2283863443112254E-006
   36.000000000000000        2.1545083451893931E-006   1.5248389270429512E-006
   37.000000000000000        0.0000000000000000        0.0000000000000000     
   38.000000000000000        0.0000000000000000        0.0000000000000000     
   39.000000000000000        0.0000000000000000        0.0000000000000000     
   40.000000000000000        0.0000000000000000        0.0000000000000000     
   41.000000000000000        0.0000000000000000        0.0000000000000000     
   42.000000000000000        0.0000000000000000        0.0000000000000000     
   43.000000000000000        0.0000000000000000        0.0000000000000000     
   44.000000000000000        0.0000000000000000        0.0000000000000000     
   45.000000000000000        0.0000000000000000        0.0000000000000000     
   46.000000000000000        0.0000000000000000        0.0000000000000000     
   47.000000000000000        0.0000000000000000        0.0000000000000000     
   48.000000000000000        0.0000000000000000        0.0000000000000000     
   49.000000000000000        0.0000000000000000        0.0000000000000000     
   50.000000000000000        0.0000000000000000        0.0000000000000000     
   51.000000000000000        0.0000000000000000        0.0000000000000000     
   52.000000000000000        0.0000000000000000        0.0000000000000000     
   53.000000000000000        0.0000000000000000        0.0000000000000000     
   54.000000000000000        0.0000000000000000        0.0000000000000000     
   55.000000000000000        0.0000000000000000        0.0000000000000000     
   56.000000000000000        0.0000000000000000        0.0000000000000000     
   57.000000000000000        0.0000000000000000        0.0000000000000000     
   58.000000000000000        0.0000000000000000        0.0000000000000000     
   59.000000000000000        0.0000000000000000        0.0000000000000000     
   60.000000000000000        0.0000000000000000        0.0000000000000000     
   61.000000000000000        0.0000000000000000        0.0000000000000000     
   62.000000000000000        0.0000000000000000        0.0000000000000000     
   63.000000000000000        0.0000000000000000        0.0000000000000000     
   64.000000000000000        0.0000000000000000        0.0000000000000000     
   65.000000000000000        0.0000000000000000        0.0000000000000000     
   66.000000000000000        0.0000000000000000        0.0000000000000000     
   67.000000000000000        0.0000000000000000        0.0000000000000000     
   68.000000000000000        0.0000000000000000        0.0000000000000000     
   69.000000000000000        0.0000000000000000        0.0000000000000000     
   70.000000000000000        0.0000000000000000        0.0000000000000000     
   71.000000000000000        0.0000000000000000        0.0000000000000000     
   72.000000000000000        0.0000000000000000        0.0000000000000000     
   73.000000000000000        0.0000000000000000        0.0000000000000000     
   74.000000000000000        0.0000000000000000        0.0000000000000000     
   75.000000000000000        0.0000000000000000        0.0000000000000000     
   76.000000000000000        0.0000000000000000        0.0000000000000000     
   77.000000000000000        0.0000000000000000        0.0000000000000000     
   78.000000000000000        0.0000000000000000        0.0000000000000000     
   79.000000000000000        0.0000000000000000        0.0000000000000000     
   80.000000000000000        0.0000000000000000        0.0000000000000000     
   81.000000000000000        0.0000000000000000        0.0000000000000000     
   82.000000000000000        0.0000000000000000        0.0000000000000000     
   83.000000000000000        0.0000000000000000        0.0000000000000000     
   84.000000000000000        0.0000000000000000        0.0000000000000000     
   85.000000000000000        0.0000000000000000        0.0000000000000000     
   86.000000000000000        0.0000000000000000        0.0000000000000000     
   87.000000000000000        0.0000000000000000        0.0000000000000000     
   88.000000000000000        0.0000000000000000        0.0000000000000000     
   89.000000000000000        0.0000000000000000        0.0000000000000000     
   90.000000000000000        0.0000000000000000        0.0000000000000000     
   91.000000000000000        0.0000000000000000        0.0000000000000000     
   92.000000000000000        0.0000000000000000        0.0000000000000000     
   93.000000000000000        0.0000000000000000        0.0000000000000000     
   94.000000000000000        0.0000000000000000        0.0000000000000000     
   95.000000000000000        0.0000000000000000        0.0000000000000000     
   96.000000000000000        0.0000000000000000        0.0000000000000000     
   97.000000000000000        0.0000000000000000        0.0000000000000000     
   98.000000000000000        0.0000000000000000        0.0000000000000000     
   99.000000000000000        0.0000000000000000        0.0000000000000000     
   100.00000000000000        0.0000000000000000        0.0000000000000000     
   101.00000000000000        0.0000000000000000        0.0000000000000000     
   102.00000000000000        0.0000000000000000        0.0000000000000000     
   103.00000000000000        0.0000000000000000        0.0000000000000000     
   104.00000000000000        0.0000000000000000        0.0000000000000000     
   105.00000000000000        0.0000000000000000        0.0000000000000000     
   106.00000000000000        0.0000000000000000        0.0000000000000000     
   107.00000000000000        0.0000000000000000        0.0000000000000000     
   108.00000000000000        0.0000000000000000        0.0000000000000000     
   109.00000000000000        0.0000000000000000        0.0000000000000000     
   110.00000000000000        0.0000000000000000        0.0000000000000000     
   111.00000000000000        0.0000000000000000        0.0000000000000000     
   112.00000000000000        0.0000000000000000        0.0000000000000000     
   113.00000000000000        0.0000000000000000        0.0000000000000000     
   114.00000000000000        0.0000000000000000        0.0000000000000000     
   115.00000000000000        0.0000000000000000        0.0000000000000000     
   116.00000000000000        0.0000000000000000        0.0000000000000000     
   117.00000000000000        0.0000000000000000        0.0000000000000000     
   118.00000000000000        0.0000000000000000        0.0000000000000000     
   119.00000000000000        0.0000000000000000        0.0000000000000000     
   120.00000000000000        0.0000000000000000        0.0000000000000000     
   121.00000000000000        0.0000000000000000        0.0000000000000000     
   122.00000000000000        0.0000000000000000        0.0000000000000000     
   123.00000000000000        0.0000000000000000        0.0000000000000000     
   124.00000000000000        0.0000000000000000        0.0000000000000000     
   125.00000000000000        0.0000000000000000        0.0000000000000000     
   126.00000000000000        0.0000000000000000        0.0000000000000000     
   127.00000000000000        0.0000000000000000        0.0000000000000000     
   128.00000000000000        0.0000000000000000        0.0000000000000000     
   129.00000000000000        0.0000000000000000        0.0000000000000000     
   130.00000000000000        0.0000000000000000        0.0000000000000000     
   131.00000000000000        0.0000000000000000        0.0000000000000000     
   132.00000000000000        0.0000000000000000        0.0000000000000000     
   133.00000000000000        0.0000000000000000        0.0000000000000000     
   134.00000000000000        0.0000000000000000        0.0000000000000000     
   135.00000000000000        0.0000000000000000        0.0000000000000000     
   136.00000000000000        0.0000000000000000        0.0000000000000000     
   137.00000000000000        0.0000000000000000        0.0000000000000000     
   138.00000000000000        0.0000000000000000        0.0000000000000000     
   139.00000000000000        0.0000000000000000        0.0000000000000000     
   140.00000000000000        0.0000000000000000        0.0000000000000000     
   141.00000000000000        0.0000000000000000        0.0000000000000000     
   142.00000000000000        0.0000000000000000        0.0000000000000000     
   143.00000000000000        0.0000000000000000        0.0000000000000000     
   144.00000000000000        0.0000000000000000        0.0000000000000000     
   145.00000000000000        0.0000000000000000        0.0000000000000000     
   146.00000000000000        0.0000000000000000        0.0000000000000000     
   147.00000000000000        0.0000000000000000        0.0000000000000000     
   148.00000000000000        0.0000000000000000        0.0000000000000000     
   149.00000000000000        0.0000000000000000        0.0000000000000000     
   150.00000000000000        0.0000000000000000        0.0000000000000000     
   151.00000000000000        0.0000000000000000        0.0000000000000000     
   152.00000000000000        0.0000000000000000        0.0000000000000000     
   153.00000000000000        0.0000000000000000        0.0000000000000000     
   154.00000000000000        0.0000000000000000        0.0000000000000000     
   155.00000000000000        0.0000000000000000        0.0000000000000000     
   156.00000000000000        0.0000000000000000        0.0000000000000000     
   157.00000000000000        0.0000000000000000        0.0000000000000000     
   158.00000000000000        0.0000000000000000        0.0000000000000000     
   159.00000000000000        0.0000000000000000        0.0000000000000000     
   160.00000000000000        0.0000000000000000        0.0000000000000000     
   161.00000000000000        0.0000000000000000        0.0000000000000000     
   162.00000000000000        0.0000000000000000        0.0000000000000000     
   163.00000000000000        0.0000000000000000        0.0000000000000000     
   164.00000000000000        0.0000000000000000        0.0000000000000000     
   165.00000000000000        0.0000000000000000        0.0000000000000000     
   166.00000000000000        0.0000000000000000        0.0000000000000000     
   167.00000000000000        0.0000000000000000        0.0000000000000000     
   168.00000000000000        0.0000000000000000        0.0000000000000000     
   169.00000000000000        0.0000000000000000        0.0000000000000000     
   170.00000000000000        0.0000000000000000        0.0000000000000000     
   171.00000000000000        0.0000000000000000        0.0000000000000000     
   172.00000000000000        0.0000000000000000        0.0000000000000000     
   173.00000000000000        0.0000000000000000        0.0000000000000000     
   174.00000000000000        0.0000000000000000        0.0000000000000000     
   175.00000000000000        0.0000000000000000        0.0000000000000000     
   176.00000000000000        0.0000000000000000        0.0000000000000000     
   177.00000000000000        0.0000000000000000        0.0000000000000000     
   178.00000000000000        0.0000000000000000        0.0000000000000000     
   179.00000000000000        0.0000000000000000        0.0000000000000000     
   180.00000000000000        0.0000000000000000        0.0000000000000000     
   181.00000000000000        0.0000000000000000        0.0000000000000000     
   182.00000000000000        0.0000000000000000        0.0000000000000000     
   183.00000000000000        0.0000000000000000        0.0000000000000000     
   184.00000000000000        0.0000000000000000        0.0000000000000000     
   185.00000000000000        0.0000000000000000        0.0000000000000000     
   186.00000000000000        0.0000000000000000        0.0000000000000000     
   187.00000000000000        0.0000000000000000        0.0000000000000000     
   188.00000000000000        0.0000000000000000        0.0000000000000000     
   189.00000000000000        0.0000000000000000        0.0000000000000000     
   190.00000000000000        0.0000000000000000        0.0000000000000000     
   191.00000000000000        0.0000000000000000        0.0000000000000000     
   192.00000000000000        0.0000000000000000        0.0000000000000000     
   193.00000000000000        0.0000000000000000        0.0000000000000000     
   194.00000000000000        0.0000000000000000        0.0000000000000000     
   195.00000000000000        0.0000000000000000        0.0000000000000000     
   196.00000000000000        0.0000000000000000        0.0000000000000000     
   197.00000000000000        0.0000000000000000        0.0000000000000000     
   198.00000000000000        0.0000000000000000        0.0000000000000000     
   199.00000000000000        0.0000000000000000        0.0000000000000000     
