   86.000000000000000       0.14828909032222518        7.8012201474593366E-003
   86.049999999999997       0.15580757910481174        8.1241296306018822E-003
   86.099999999999994       0.16411933935444648        1.1577495553808182E-002
   86.149999999999991       0.14679466801822802        5.8657474319564430E-003
   86.199999999999989       0.16099627531170843        9.5152634395416803E-003
   86.249999999999986       0.16240256083197008        8.8522608635994791E-003
   86.299999999999983       0.17464851002656964        9.0876070183225511E-003
   86.349999999999980       0.17893008798022172        9.4127819363113100E-003
   86.399999999999977       0.18987241474881292        1.2579899675049350E-002
   86.449999999999974       0.18269481754458944        8.7900967390004345E-003
   86.499999999999972       0.18143395513608979        8.7229401565297147E-003
   86.549999999999969       0.17090019484853222        8.1543761684950283E-003
   86.599999999999966       0.19050585464263056        9.3192309894767431E-003
   86.649999999999963       0.18925464927657051        8.5630731061024940E-003
   86.699999999999960       0.18348541355297932        7.2692412780096319E-003
   86.749999999999957       0.17628661296153783        6.6067977214222659E-003
   86.799999999999955       0.18561136210996321        6.3498922658693216E-003
   86.849999999999952       0.20418356949327646        1.0088038085801745E-002
   86.899999999999949       0.20509441461421382        1.3129374670094458E-002
   86.949999999999946       0.22173708027696579        1.0041570013499364E-002
   86.999999999999943       0.23174100865427277        1.2542274052310872E-002
   87.049999999999940       0.22601467825741722        1.5970366085452856E-002
   87.099999999999937       0.22537228123873745        1.0984768096547991E-002
   87.149999999999935       0.23459172552424923        1.1889582952541134E-002
   87.199999999999932       0.22946724237228477        9.9213958954221578E-003
   87.249999999999929       0.22707128739260832        1.0660855863784888E-002
   87.299999999999926       0.22188124334291309        9.1368596685339719E-003
   87.349999999999923       0.25379799821332133        1.0548106042465094E-002
   87.399999999999920       0.26201857090672248        1.2226780306981745E-002
   87.449999999999918       0.26679390378649082        1.1763309816894638E-002
   87.499999999999915       0.27236348247352776        1.3281698471721958E-002
   87.549999999999912       0.27070771816537076        1.3236101708658273E-002
   87.599999999999909       0.25903146734651178        9.6586121223282643E-003
   87.649999999999906       0.27415980507174259        1.2805779150449708E-002
   87.699999999999903       0.26144555980675854        8.3776133132060226E-003
   87.749999999999901       0.28079583762409710        1.1496116330718521E-002
   87.799999999999898       0.28911683202039523        1.1397133481398074E-002
   87.849999999999895       0.29764674664793439        1.1266386818119246E-002
   87.899999999999892       0.32242033925433400        2.8464133437855161E-002
   87.949999999999889       0.30583215056741275        1.2221265039564380E-002
   87.999999999999886       0.32965170095157703        1.5782082242031096E-002
   88.049999999999883       0.32503340764564587        1.2100770112059610E-002
   88.099999999999881       0.34313866105126822        1.7284511599879607E-002
   88.149999999999878       0.35586493274831860        1.5055536663616175E-002
   88.199999999999875       0.36429240641377869        1.3483537903170972E-002
   88.249999999999872       0.35387494339242714        1.2344152614294522E-002
   88.299999999999869       0.35683681803523348        1.2963758271157731E-002
   88.349999999999866       0.38497347273754140        1.4937842055770235E-002
   88.399999999999864       0.37372901602934849        1.2083000768054984E-002
   88.449999999999861       0.40841981444513770        1.5521740439103530E-002
   88.499999999999858       0.41160496846636169        1.3940942787962516E-002
   88.549999999999855       0.41989550753010013        1.5124858801179739E-002
   88.599999999999852       0.40763388604933454        1.2343579749535039E-002
   88.649999999999849       0.43239355066085322        1.4196116010839616E-002
   88.699999999999847       0.45193717232139363        2.0050111899779406E-002
   88.749999999999844       0.45415310007276155        1.4419594342522648E-002
   88.799999999999841       0.47434663464667676        1.6017618690814570E-002
   88.849999999999838       0.49444274653496795        2.0686478684386809E-002
   88.899999999999835       0.49951941262542759        1.5354714679966748E-002
   88.949999999999832       0.49820798019930818        1.5012118312139318E-002
   88.999999999999829       0.53269965545400622        1.5548591935736950E-002
   89.049999999999827       0.54001705424096247        1.5879138268910183E-002
   89.099999999999824       0.54134454079897609        1.5812974321183951E-002
   89.149999999999821       0.54687148056592927        1.5130030391927014E-002
   89.199999999999818       0.57543493867145301        1.8948390774360911E-002
   89.249999999999815       0.62825037135413941        1.9207752273120764E-002
   89.299999999999812       0.64781609328086365        2.0325917078841488E-002
   89.349999999999810       0.66368721852134505        1.8295869659424910E-002
   89.399999999999807       0.67213118887222834        1.8619024193995314E-002
   89.449999999999804       0.69037284390810649        2.0448887309161053E-002
   89.499999999999801       0.73873252684683499        2.1270148774699005E-002
   89.549999999999798       0.74543322517364941        1.8966879533873958E-002
   89.599999999999795       0.76836643993089482        2.2560275211577378E-002
   89.649999999999793       0.76707307073068010        1.8359931913314042E-002
   89.699999999999790       0.79449661847341180        1.9586041819274362E-002
   89.749999999999787       0.85410604227031894        2.6709678173300791E-002
   89.799999999999784       0.84799743402181704        1.9215404503928706E-002
   89.849999999999781       0.88087870298459992        1.9677327258003450E-002
   89.899999999999778       0.98546683979956506        2.9928913530681982E-002
   89.949999999999775        1.0013104169685998        2.4650433005040964E-002
   89.999999999999773       0.95753746458114697        2.1840572377410494E-002
   90.049999999999770        1.0653025078395528        2.4083244959853561E-002
   90.099999999999767        1.0835510660244418        2.8273561182090751E-002
   90.149999999999764        1.0875492587503619        2.1681354380202533E-002
   90.199999999999761        1.1472010167714604        2.3442840562837089E-002
   90.249999999999758        1.1730546037822058        2.3626646883978822E-002
   90.299999999999756        1.2525037045677081        2.5397932324057328E-002
   90.349999999999753        1.3146476743110673        2.6659108778105900E-002
   90.399999999999750        1.3651532325315110        2.6336855374859386E-002
   90.449999999999747        1.3892810618247047        2.9759977786240979E-002
   90.499999999999744        1.4814926559405515        3.0706621633251319E-002
   90.549999999999741        1.5129964713338551        2.8477213647231867E-002
   90.599999999999739        1.6160140033878667        3.5162151274939775E-002
   90.649999999999736        1.6216579638035029        3.0062553544071037E-002
   90.699999999999733        1.7367431169599830        3.1206444964090127E-002
   90.749999999999730        1.7383650258281320        2.9086340766627885E-002
   90.799999999999727        1.8607423911337024        3.3483822997899287E-002
   90.849999999999724        1.8064119611289076        3.0546873269747424E-002
   90.899999999999721        1.9552304336255717        3.8338998242351242E-002
   90.949999999999719        2.0563826242192378        3.6301424606390742E-002
   90.999999999999716        2.0762893697019851        3.6445505824125660E-002
   91.049999999999713        2.1367735305906463        3.6908162832266958E-002
   91.099999999999710        2.2064396224033151        3.4915723320055894E-002
   91.149999999999707        2.3021227363441001        3.6000102387678569E-002
   91.199999999999704        2.3344901260856252        3.7806738493802935E-002
   91.249999999999702        2.4190497152540029        4.1875255361471519E-002
   91.299999999999699        2.4732932700683685        3.9537869174733106E-002
   91.349999999999696        2.4599438239084717        3.6303287861979602E-002
   91.399999999999693        2.5591591303190953        3.9346648789374231E-002
   91.449999999999690        2.5037431656454343        3.9190731139255752E-002
   91.499999999999687        2.5606445249163916        4.4362501168180850E-002
   91.549999999999685        2.5935544244776656        3.8424680357793083E-002
   91.599999999999682        2.6188526435615689        3.9352798326012364E-002
   91.649999999999679        2.6536555223377367        4.1962452748444540E-002
   91.699999999999676        2.6082387587518547        4.0935801433730115E-002
   91.749999999999673        2.6586519433072571        3.8153122800610936E-002
   91.799999999999670        2.5967057042446906        4.2827853773320268E-002
   91.849999999999667        2.5990055360111777        4.0214811053829715E-002
   91.899999999999665        2.4960387751743069        3.8091007688224911E-002
   91.949999999999662        2.4272813201897123        3.6278659893263607E-002
   91.999999999999659        2.4491521813486803        3.7951772822762624E-002
   92.049999999999656        2.3437983992647085        3.3834482884909471E-002
   92.099999999999653        2.4542258913464323        4.1126123672190311E-002
   92.149999999999650        2.2969223789711579        3.5507307894816903E-002
   92.199999999999648        2.2156085738505245        3.3577283214011482E-002
   92.249999999999645        2.2148970384231905        3.5201129707348157E-002
   92.299999999999642        2.0994112646498522        3.4985600914101279E-002
   92.349999999999639        2.0179719376824408        3.1139384777466257E-002
   92.399999999999636        2.0364903172895583        3.6831071310978236E-002
   92.449999999999633        1.9804592566934736        3.3917305101422671E-002
   92.499999999999631        1.8346356600949743        2.9841689463663650E-002
   92.549999999999628        1.8584686044063374        3.3901677526354090E-002
   92.599999999999625        1.7716546133558202        3.1823667233389100E-002
   92.649999999999622        1.7466942257775564        3.2638641851451454E-002
   92.699999999999619        1.6737074618791961        3.2919248867316571E-002
   92.749999999999616        1.6019764153908655        3.0979716479323283E-002
   92.799999999999613        1.5742531007946932        3.3988472343035925E-002
   92.849999999999611        1.4866269300741775        2.7209644282535427E-002
   92.899999999999608        1.4643825590549922        3.0363964187496161E-002
   92.949999999999605        1.3840384827149073        2.4883553196123433E-002
   92.999999999999602        1.3381401770845449        2.5023594134631576E-002
   93.049999999999599        1.3473491375224740        2.9155059514682675E-002
   93.099999999999596        1.2991082204728479        2.5438924719089942E-002
   93.149999999999594        1.2595401434872353        2.8319045134941490E-002
   93.199999999999591        1.2137951502815170        2.5229632922412860E-002
   93.249999999999588        1.1689238456544953        2.3910366173786265E-002
   93.299999999999585        1.1176009501492821        2.2557275353982678E-002
   93.349999999999582        1.0409714672885813        2.5427593313572434E-002
   93.399999999999579        1.0434120034900807        2.2899456279256259E-002
   93.449999999999577        1.0279951356597370        2.2376429971953594E-002
   93.499999999999574        1.0379555193244632        2.5238043713838979E-002
   93.549999999999571       0.98631520128229477        2.2319682133702612E-002
   93.599999999999568       0.94787506124652388        2.1771447499709034E-002
   93.649999999999565       0.92771722748837371        2.5264210637566290E-002
   93.699999999999562       0.86982037795577760        1.9478939220451720E-002
   93.749999999999559       0.88102217112157855        2.1328745309653924E-002
   93.799999999999557       0.84101454685072441        1.8811403680842123E-002
   93.849999999999554       0.83802342630121140        2.0607371015545807E-002
   93.899999999999551       0.82705772313091375        2.1529873681146141E-002
   93.949999999999548       0.79722125773922337        1.8640616030577564E-002
   93.999999999999545       0.76730768158665397        1.9367514227149180E-002
   94.049999999999542       0.74790041209433045        1.7559689950997312E-002
   94.099999999999540       0.72567589883314843        1.7715776593130173E-002
   94.149999999999537       0.71664908089075163        1.7441848722387632E-002
   94.199999999999534       0.69024349999307166        1.9106181471329139E-002
   94.249999999999531       0.69227075430565588        1.9602624653422482E-002
   94.299999999999528       0.67536331216618906        1.6720916864495387E-002
   94.349999999999525       0.66732870541809652        2.4275906147457567E-002
   94.399999999999523       0.61417054318316133        1.4730237228523294E-002
   94.449999999999520       0.63972664246350430        1.5028447020667799E-002
   94.499999999999517       0.57325241469515942        1.4654354154045653E-002
   94.549999999999514       0.59395478581350425        1.3836797578589789E-002
   94.599999999999511       0.58613241280084216        1.5827339896603756E-002
   94.649999999999508       0.59102453580465653        1.6647630652700633E-002
   94.699999999999505       0.54968103923952905        1.2792770846687887E-002
   94.749999999999503       0.55045387050343697        1.3616991780027862E-002
   94.799999999999500       0.54280329057472132        1.3451585569688828E-002
   94.849999999999497       0.53573150410194481        1.2975017974071400E-002
   94.899999999999494       0.52240124623361517        1.3439450146082532E-002
   94.949999999999491       0.48705213455597729        1.2704488821683674E-002
   94.999999999999488       0.50609865192645487        1.2471557157717363E-002
   95.049999999999486       0.50091823248566081        1.3433421132496393E-002
   95.099999999999483       0.50594781811217882        1.4174588200085899E-002
   95.149999999999480       0.49315359289898980        1.3887635669664364E-002
   95.199999999999477       0.47124084296167573        1.0918646282923133E-002
   95.249999999999474       0.44858787205422529        1.0645691470524500E-002
   95.299999999999471       0.45998761577419411        1.2297614138642403E-002
   95.349999999999469       0.46208335201186801        1.1915217273760553E-002
   95.399999999999466       0.46668374290252373        1.2874474020389624E-002
   95.449999999999463       0.44651629927018888        1.2688690406321810E-002
   95.499999999999460       0.46034543322545363        1.2543017031520292E-002
   95.549999999999457       0.42526080040143910        1.1599246417919705E-002
   95.599999999999454       0.43323608667790076        1.1066034669240539E-002
   95.649999999999451       0.42573889499352269        1.0462481254390537E-002
   95.699999999999449       0.41604280425839568        1.1488776884727048E-002
   95.749999999999446       0.40889347397192033        1.1038827543279455E-002
   95.799999999999443       0.39535877456791119        1.0173511146832759E-002
   95.849999999999440       0.41581575461452291        1.1997151096617068E-002
   95.899999999999437       0.40887794066750982        1.0485816022622793E-002
   95.949999999999434       0.38841415160448284        9.9756054150067636E-003
