 -0.50000000000000000        1.8398961200376394E-002   1.9054295860985544E-003
 -0.49500000000000000        3.1276543056487090E-002   1.2944231714483081E-002
 -0.48999999999999999        2.0945730261987448E-002   2.7455025844859522E-003
 -0.48499999999999999        1.9283710396439099E-002   3.3379722223538400E-003
 -0.47999999999999998        2.2660115923206128E-002   4.3747433748873620E-003
 -0.47499999999999998        2.8046659926342078E-002   3.9666232254963992E-003
 -0.46999999999999997        2.7678233428359053E-002   5.4720554477920699E-003
 -0.46499999999999997        3.0918828004410259E-002   6.7892665693975009E-003
 -0.45999999999999996        4.0878281206355678E-002   8.7543908439384217E-003
 -0.45499999999999996        2.8584399399821797E-002   4.8915550561906759E-003
 -0.44999999999999996        3.6890209393380675E-002   5.9218309941632633E-003
 -0.44499999999999995        3.7665322020704627E-002   6.4540324315035648E-003
 -0.43999999999999995        4.1366077946342825E-002   5.7538122460531679E-003
 -0.43499999999999994        3.5700289342775020E-002   7.4936799428929959E-003
 -0.42999999999999994        3.7536125961969376E-002   5.0173024510777467E-003
 -0.42499999999999993        4.4536759033387795E-002   6.6773709031012971E-003
 -0.41999999999999993        4.4097292275556088E-002   5.4373880916257934E-003
 -0.41499999999999992        4.6992087723357202E-002   7.5187571231786774E-003
 -0.40999999999999992        5.4425741170646982E-002   7.3359819006272959E-003
 -0.40499999999999992        3.7477213528223752E-002   3.2389329393805698E-003
 -0.39999999999999991        4.8832725306905668E-002   6.3096294987604745E-003
 -0.39499999999999991        5.6016058756533066E-002   7.2699611625736413E-003
 -0.38999999999999990        4.8867417228790198E-002   6.0016980252455164E-003
 -0.38499999999999990        5.2156362515834269E-002   7.3067130515695024E-003
 -0.37999999999999989        5.6815145231337634E-002   6.2934910799517206E-003
 -0.37499999999999989        6.6251593826992944E-002   7.1347813424159703E-003
 -0.36999999999999988        5.9013464309981847E-002   7.7664537703663258E-003
 -0.36499999999999988        6.1853956513484451E-002   6.3914962917483191E-003
 -0.35999999999999988        6.4880518510571986E-002   6.8374698428065291E-003
 -0.35499999999999987        6.7886655596665679E-002   7.3098361073313687E-003
 -0.34999999999999987        8.3795547151654118E-002   1.1849518799495497E-002
 -0.34499999999999986        7.9354144657071510E-002   8.2025589439657237E-003
 -0.33999999999999986        9.1893396413284104E-002   1.0349686605186901E-002
 -0.33499999999999985        8.2672205107866284E-002   7.4689072721935137E-003
 -0.32999999999999985       0.14518771715443404        3.2151417511816806E-002
 -0.32499999999999984       0.11406870883115958        1.8969841863771687E-002
 -0.31999999999999984        9.8765241849069749E-002   1.0518429028275942E-002
 -0.31499999999999984       0.13489019694620252        1.8303085620710889E-002
 -0.30999999999999983       0.11126566532782210        9.4677774486041956E-003
 -0.30499999999999983       0.12638128575409527        9.7999510959072764E-003
 -0.29999999999999982       0.16881737671078464        2.0082872285143605E-002
 -0.29499999999999982       0.16533774030858941        1.5493574398143457E-002
 -0.28999999999999981       0.14944601752004522        1.2378252414702216E-002
 -0.28499999999999981       0.17221153802788675        1.8727125413145168E-002
 -0.27999999999999980       0.16799387579303285        1.9665886762650377E-002
 -0.27499999999999980       0.19174781146323208        2.0080625317906158E-002
 -0.26999999999999980       0.19432110004715911        1.3790826560238976E-002
 -0.26499999999999979       0.20994784591884258        1.5520767779835076E-002
 -0.25999999999999979       0.23837272494225495        1.6898201832151964E-002
 -0.25499999999999978       0.28198937655694495        1.9626815744647041E-002
 -0.24999999999999978       0.25423358304515431        1.9222620394122814E-002
 -0.24499999999999977       0.26046294037854356        1.4704023822202678E-002
 -0.23999999999999977       0.34882320669484485        2.3958812671359398E-002
 -0.23499999999999976       0.34108914163840248        2.7111125440758971E-002
 -0.22999999999999976       0.40576347407499241        2.5313710406991631E-002
 -0.22499999999999976       0.44683402680439971        2.8393617856924565E-002
 -0.21999999999999975       0.47963914846187061        3.8565747702357336E-002
 -0.21499999999999975       0.48460309306006316        2.7322094241503135E-002
 -0.20999999999999974       0.61124056376208413        3.9389245255731647E-002
 -0.20499999999999974       0.71191510866141339        4.5118051836180388E-002
 -0.19999999999999973       0.74510789211091666        4.2064355895778664E-002
 -0.19499999999999973       0.86584836435716483        5.2792261396785216E-002
 -0.18999999999999972       0.87141739382309080        4.0917632449607930E-002
 -0.18499999999999972        1.0930833128380593        5.4601782823198927E-002
 -0.17999999999999972        1.1642033043389894        5.1482789868786592E-002
 -0.17499999999999971        1.3155884199013397        5.2634666344087137E-002
 -0.16999999999999971        1.5877417144936228        7.0153868101232558E-002
 -0.16499999999999970        1.9992611616440406        8.9616335251977763E-002
 -0.15999999999999970        2.0667283300826371        8.0853597157851648E-002
 -0.15499999999999969        2.4365410761420376        8.4708771723041351E-002
 -0.14999999999999969        3.1997983953018352       0.11865471255654879     
 -0.14499999999999968        3.6089050664506406       0.12310493406192068     
 -0.13999999999999968        4.4470561950629968       0.14054977502577870     
 -0.13499999999999968        5.5855883086047333       0.16459993809566562     
 -0.12999999999999967        6.5004806051872990       0.16977174463632905     
 -0.12499999999999967        8.4092422791738564       0.21263676428117259     
 -0.11999999999999966        10.908493334495887       0.23982661414856421     
 -0.11499999999999966        14.439792997552747       0.28251798692930002     
 -0.10999999999999965        20.880072994697485       0.36680933434909069     
 -0.10499999999999965        28.181280907102714       0.42758159822689934     
  -9.9999999999999645E-002   41.181656786886975       0.52850457202220369     
  -9.4999999999999640E-002   57.321244960631546       0.63624925114542263     
  -8.9999999999999636E-002   67.845321514277387       0.64276645701335067     
  -8.4999999999999631E-002   70.488938528813122       0.61033587507404397     
  -7.9999999999999627E-002   64.129280988117415       0.51970516249561760     
  -7.4999999999999623E-002   57.299031742057402       0.45768173842325605     
  -6.9999999999999618E-002   51.325687540165262       0.39878629894964923     
  -6.4999999999999614E-002   45.136643399045681       0.32848174420423137     
  -5.9999999999999616E-002   40.707813891192153       0.27895339246498740     
  -5.4999999999999619E-002   38.284476470883476       0.25870757544738771     
  -4.9999999999999621E-002   35.619731769327707       0.22598594871331726     
  -4.4999999999999624E-002   33.657373716787752       0.19463855147668613     
  -3.9999999999999626E-002   32.536750559423560       0.17152837412522828     
  -3.4999999999999629E-002   31.975694492771005       0.16546290691321269     
  -2.9999999999999628E-002   31.734691740644628       0.15001544489873456     
  -2.4999999999999627E-002   31.995368301082276       0.12913169358712101     
  -1.9999999999999626E-002   33.309783132010907       0.11756297517184215     
  -1.4999999999999625E-002   36.162002064613276       0.11703660267129215     
  -9.9999999999996238E-003   42.309117295769013       0.10794164064615716     
  -4.9999999999996237E-003   78.627857766136401       0.11977738118436636     
   3.7643499428696714E-016   78.636216175152214       0.11230365248032001     
   5.0000000000003765E-003   42.623751509918698       0.11801371853511482     
   1.0000000000000377E-002   36.051072701539944       0.12217647302112573     
   1.5000000000000378E-002   33.525180664018379       0.12383214968754264     
   2.0000000000000379E-002   32.344900391964082       0.13672688378946835     
   2.5000000000000380E-002   31.613421223426997       0.14899655127088146     
   3.0000000000000377E-002   32.134142697488791       0.16948021935835150     
   3.5000000000000378E-002   32.814598043650804       0.18503355906212884     
   4.0000000000000376E-002   34.021644332063346       0.19680398394081011     
   4.5000000000000373E-002   35.406605773713515       0.21581755903746078     
   5.0000000000000371E-002   37.953530699843860       0.25376031131890281     
   5.5000000000000368E-002   41.219623517944029       0.28614682935281799     
   6.0000000000000366E-002   45.523348251757433       0.34478322012011192     
   6.5000000000000363E-002   50.114690249512485       0.37464328473634317     
   7.0000000000000367E-002   57.517982487091743       0.45330586269580742     
   7.5000000000000372E-002   65.385393365543663       0.53998248620953293     
   8.0000000000000376E-002   71.323213309295966       0.62551365420036253     
   8.5000000000000381E-002   69.108695838091791       0.66068015879508946     
   9.0000000000000385E-002   55.833910183445802       0.60244626312107397     
   9.5000000000000390E-002   41.283675162578184       0.53205269200746930     
  0.10000000000000039        28.724648770314097       0.42702185270383808     
  0.10500000000000040        20.379298168787848       0.35964359585642647     
  0.11000000000000040        15.455462059954669       0.31244441861945599     
  0.11500000000000041        10.515890962063052       0.22525259151231863     
  0.12000000000000041        8.5364546759854161       0.20843409994913040     
  0.12500000000000042        6.5444270799659625       0.17387997051117396     
  0.13000000000000042        5.2495534942508169       0.14859273603761949     
  0.13500000000000043        4.3453448425805306       0.13069675883866361     
  0.14000000000000043        3.7524141386309515       0.12735307011112507     
  0.14500000000000043        3.0128959590341089       0.10995115879175987     
  0.15000000000000044        2.6470679773744270        9.7149883078805926E-002
  0.15500000000000044        2.1766523086637273        8.4449059540318727E-002
  0.16000000000000045        1.8676294567792597        7.8953736913418726E-002
  0.16500000000000045        1.7081409997820813        8.2096060618401898E-002
  0.17000000000000046        1.4276588343156826        7.2482592846275340E-002
  0.17500000000000046        1.3638908057951407        7.7545621707164725E-002
  0.18000000000000047       0.98478536675924988        5.2019638306890909E-002
  0.18500000000000047        1.0549605126021904        6.0345343272803546E-002
  0.19000000000000047       0.88559799734080036        5.1824776912077618E-002
  0.19500000000000048       0.70952726440474700        4.7484072106804609E-002
  0.20000000000000048       0.64911978770383294        3.5763213283926336E-002
  0.20500000000000049       0.59818652469655120        3.8902222071768591E-002
  0.21000000000000049       0.58447797636643484        4.7824762342632360E-002
  0.21500000000000050       0.48466367281292433        3.0354080551027979E-002
  0.22000000000000050       0.43656632225530123        2.6285877934241697E-002
  0.22500000000000051       0.38663581290778964        2.5207458521701729E-002
  0.23000000000000051       0.37027112796580081        2.9599647259374477E-002
  0.23500000000000051       0.31342048430363351        2.1322848653725364E-002
  0.24000000000000052       0.34402629676925967        3.0797996584442721E-002
  0.24500000000000050       0.25983985198005666        1.6359919619733414E-002
  0.25000000000000050       0.27097785983446959        2.1953549779098129E-002
  0.25500000000000050       0.26946966305590292        2.2450004483126108E-002
  0.26000000000000051       0.22833755198146338        1.8673660413147785E-002
  0.26500000000000051       0.18198589972417059        1.2749971616001310E-002
  0.27000000000000052       0.19920200251026068        2.1830623613849052E-002
  0.27500000000000052       0.17315613999972210        1.4520311422306460E-002
  0.28000000000000053       0.15418639634432099        1.3043618001613253E-002
  0.28500000000000053       0.17005708771380704        1.5976538729936925E-002
  0.29000000000000054       0.17047661667517305        2.3162079000535258E-002
  0.29500000000000054       0.13270873440382450        1.0368011045052188E-002
  0.30000000000000054       0.12305287318935465        8.5060466927185403E-003
  0.30500000000000055       0.10921733832773665        1.5248426407633351E-002
  0.31000000000000055       0.11953161905077103        1.1338544207965885E-002
  0.31500000000000056       0.10912295143126244        1.0395266289666786E-002
  0.32000000000000056       0.11695575624833608        1.3914032326011126E-002
  0.32500000000000057        8.7822896765710770E-002   8.1200753265455207E-003
  0.33000000000000057        8.7869785847035420E-002   8.3260694585352568E-003
  0.33500000000000058        9.6847538549421408E-002   1.5104379169776619E-002
  0.34000000000000058        7.9230172238999197E-002   8.6492599179894825E-003
  0.34500000000000058        9.8324689497679724E-002   1.3838437482039129E-002
  0.35000000000000059        9.0331681974952296E-002   1.7905054762672148E-002
  0.35500000000000059        7.8324456978167423E-002   8.6955409038557436E-003
  0.36000000000000060        9.0665840695041744E-002   1.6652440462015396E-002
  0.36500000000000060        7.2768403098377593E-002   1.2386420541172796E-002
  0.37000000000000061        6.4316246000213295E-002   8.2152419989687808E-003
  0.37500000000000061        5.9360599137433023E-002   7.4885190121763666E-003
  0.38000000000000062        5.9358828424470184E-002   1.0452621981705981E-002
  0.38500000000000062        9.2032321011518065E-002   2.3421110273669044E-002
  0.39000000000000062        6.6713622880303705E-002   1.2821403244919004E-002
  0.39500000000000063        4.0425648266574014E-002   4.1052725414112094E-003
  0.40000000000000063        4.3937483453131254E-002   5.9258030793798728E-003
  0.40500000000000064        4.5776992020134133E-002   6.0309624833753414E-003
  0.41000000000000064        4.8317689866776467E-002   8.1602306695142089E-003
  0.41500000000000065        4.7056528775911544E-002   1.0108837348399752E-002
  0.42000000000000065        3.2002730629494741E-002   3.4987390340832218E-003
  0.42500000000000066        5.1019980666460449E-002   7.5238154810100743E-003
  0.43000000000000066        3.3956160482658919E-002   4.4960258070000786E-003
  0.43500000000000066        2.9692134324495655E-002   5.1777815638985088E-003
  0.44000000000000067        4.4841908596729881E-002   9.8147680322147740E-003
  0.44500000000000067        3.1127333414499712E-002   3.9757095964362875E-003
  0.45000000000000068        2.3252495833750522E-002   2.3865806039708717E-003
  0.45500000000000068        4.0312322164207458E-002   1.1717634479018461E-002
  0.46000000000000069        2.7481781789792777E-002   4.8255486898744291E-003
  0.46500000000000069        2.4593780106091742E-002   2.9255586442209001E-003
  0.47000000000000069        2.6195302126141858E-002   3.8234474612382800E-003
  0.47500000000000070        2.5902488346457704E-002   3.9525585629106158E-003
  0.48000000000000070        2.2257873455505443E-002   2.6342996623748504E-003
  0.48500000000000071        1.9546642103470249E-002   2.6696610918027102E-003
  0.49000000000000071        3.2630369691484487E-002   1.1652154771143036E-002
  0.49500000000000066        2.1460962277867018E-002   4.0566529517099617E-003
