  -2.0000000000000000        0.0000000000000000        0.0000000000000000     
  -1.9800000000000000        0.0000000000000000        0.0000000000000000     
  -1.9600000000000000        0.0000000000000000        0.0000000000000000     
  -1.9399999999999999        0.0000000000000000        0.0000000000000000     
  -1.9199999999999999        0.0000000000000000        0.0000000000000000     
  -1.8999999999999999        0.0000000000000000        0.0000000000000000     
  -1.8799999999999999        0.0000000000000000        0.0000000000000000     
  -1.8599999999999999        0.0000000000000000        0.0000000000000000     
  -1.8399999999999999        0.0000000000000000        0.0000000000000000     
  -1.8199999999999998        0.0000000000000000        0.0000000000000000     
  -1.7999999999999998        0.0000000000000000        0.0000000000000000     
  -1.7799999999999998        0.0000000000000000        0.0000000000000000     
  -1.7599999999999998        0.0000000000000000        0.0000000000000000     
  -1.7399999999999998        0.0000000000000000        0.0000000000000000     
  -1.7199999999999998        0.0000000000000000        0.0000000000000000     
  -1.6999999999999997        0.0000000000000000        0.0000000000000000     
  -1.6799999999999997        0.0000000000000000        0.0000000000000000     
  -1.6599999999999997        0.0000000000000000        0.0000000000000000     
  -1.6399999999999997        0.0000000000000000        0.0000000000000000     
  -1.6199999999999997        0.0000000000000000        0.0000000000000000     
  -1.5999999999999996        0.0000000000000000        0.0000000000000000     
  -1.5799999999999996        0.0000000000000000        0.0000000000000000     
  -1.5599999999999996        0.0000000000000000        0.0000000000000000     
  -1.5399999999999996        0.0000000000000000        0.0000000000000000     
  -1.5199999999999996        0.0000000000000000        0.0000000000000000     
  -1.4999999999999996        0.0000000000000000        0.0000000000000000     
  -1.4799999999999995        0.0000000000000000        0.0000000000000000     
  -1.4599999999999995        0.0000000000000000        0.0000000000000000     
  -1.4399999999999995        0.0000000000000000        0.0000000000000000     
  -1.4199999999999995        0.0000000000000000        0.0000000000000000     
  -1.3999999999999995        0.0000000000000000        0.0000000000000000     
  -1.3799999999999994        0.0000000000000000        0.0000000000000000     
  -1.3599999999999994        0.0000000000000000        0.0000000000000000     
  -1.3399999999999994        0.0000000000000000        0.0000000000000000     
  -1.3199999999999994       0.10771770435878153        8.2600928867410366E-003
  -1.2999999999999994       0.68774433890698994        3.2849627688704620E-002
  -1.2799999999999994       0.90471012447965182        2.6199149051395611E-002
  -1.2599999999999993        1.1622921511138491        3.7785480940924793E-002
  -1.2399999999999993        1.3498719385498481        4.2416036694277473E-002
  -1.2199999999999993        1.4492280089182041        3.4102469264976738E-002
  -1.1999999999999993        1.6691637512425022        3.6626219628768206E-002
  -1.1799999999999993        1.8467965921289007        5.2070630385664146E-002
  -1.1599999999999993        1.9848426456619259        3.9942921089707192E-002
  -1.1399999999999992        2.2134331470805946        4.1967857154766156E-002
  -1.1199999999999992        2.4725017935375968        4.7541353612568150E-002
  -1.0999999999999992        2.6636587204442899        5.3575349621705563E-002
  -1.0799999999999992        2.8526325421574210        5.6766752940173186E-002
  -1.0599999999999992        2.8771790864405387        5.1204941171446181E-002
  -1.0399999999999991        3.0644012258783846        5.4402496097480400E-002
  -1.0199999999999991        3.2003494275557709        6.4499059335763900E-002
 -0.99999999999999911        3.3383542897646517        6.3375875606553930E-002
 -0.97999999999999909        3.2784200193394799        5.7257016426418970E-002
 -0.95999999999999908        3.4127800181874233        6.2252027044822307E-002
 -0.93999999999999906        3.6858186115704190        7.4248913494086077E-002
 -0.91999999999999904        3.7799218864528736        6.8463739234224955E-002
 -0.89999999999999902        3.7038013769242610        6.6963459001800424E-002
 -0.87999999999999901        3.8730057919628691        7.3168594327316497E-002
 -0.85999999999999899        3.9626141431152719        7.0242998589287342E-002
 -0.83999999999999897        3.8695532697960546        6.0788142027772656E-002
 -0.81999999999999895        3.9995019373439140        6.9719810547557687E-002
 -0.79999999999999893        3.8836666327943630        5.3819147006487954E-002
 -0.77999999999999892        4.2755963860382158        7.6517657332371564E-002
 -0.75999999999999890        4.1738296984559842        6.7573033212549052E-002
 -0.73999999999999888        4.4330717348199284        7.3423972306177615E-002
 -0.71999999999999886        4.4047327680849273        7.6643459422641655E-002
 -0.69999999999999885        4.5071819705614917        7.0935168510348590E-002
 -0.67999999999999883        4.4926636805841653        7.4826003553413012E-002
 -0.65999999999999881        4.5456165812679146        6.9280501373329167E-002
 -0.63999999999999879        4.5868963037482953        6.8922138066026914E-002
 -0.61999999999999877        4.5931860527839836        6.6891865527558853E-002
 -0.59999999999999876        4.7202016579289596        6.9174377284641236E-002
 -0.57999999999999874        4.8986984761375387        7.1040210979819232E-002
 -0.55999999999999872        4.8888297710923689        7.1018714297028690E-002
 -0.53999999999999870        4.9095089524838960        8.7702501043554065E-002
 -0.51999999999999869        5.0904709097406169        7.4576457033637453E-002
 -0.49999999999999867        5.1017701153084491        7.2258734736941943E-002
 -0.47999999999999865        5.1443725230974309        8.4973767233233369E-002
 -0.45999999999999863        5.1984739686866357        8.1278295507326154E-002
 -0.43999999999999861        5.0918093276206218        7.2378333700697711E-002
 -0.41999999999999860        5.0400962235088098        6.9421995008302623E-002
 -0.39999999999999858        5.1707007428670835        8.0818641488594495E-002
 -0.37999999999999856        5.1971893429293532        7.3403245259691136E-002
 -0.35999999999999854        5.3211832400199333        7.3199091125808538E-002
 -0.33999999999999853        5.2920330741178949        8.1413213424055067E-002
 -0.31999999999999851        5.4148847960799511        8.1182274327925116E-002
 -0.29999999999999849        5.4269645750176103        8.1031303882740394E-002
 -0.27999999999999847        5.5809008904283228       0.10522980055991024     
 -0.25999999999999845        5.4857430353326757        7.7781402875415045E-002
 -0.23999999999999846        5.6749521671993515        9.0100330281771127E-002
 -0.21999999999999847        5.5903017167888782        7.7916334473638410E-002
 -0.19999999999999848        5.5305055578139566       0.11076825617672406     
 -0.17999999999999849        5.6876494008089828        8.3794856208748159E-002
 -0.15999999999999850        5.5459075115509275        7.4446778823071019E-002
 -0.13999999999999851        5.6607709547354395        8.4857434135771917E-002
 -0.11999999999999851        5.7775254547099895        8.6884000053330190E-002
  -9.9999999999998507E-002   5.8653055806468863        8.6852095698645673E-002
  -7.9999999999998503E-002   5.9013992367428481        8.7755543891172835E-002
  -5.9999999999998499E-002   5.7825810974559744        8.4942084370821527E-002
  -3.9999999999998495E-002   6.0365708140896448        9.0667660407142331E-002
  -1.9999999999998495E-002   5.7998999257070851        8.1480732166943362E-002
   1.5057399771478686E-015   5.9324408319832784        8.3914743390429855E-002
   2.0000000000001506E-002   5.9489371539269005        8.4375770041829362E-002
   4.0000000000001507E-002   6.0067392975505713        8.6537493671460353E-002
   6.0000000000001510E-002   5.9878038663515305        9.1456749315918365E-002
   8.0000000000001514E-002   6.0143807830630811        8.4964728749162999E-002
  0.10000000000000152        6.1888438196916873        9.2329502219103590E-002
  0.12000000000000151        6.2365888905743976        8.8330560042282111E-002
  0.14000000000000151        6.2556055073742689        9.1602455870792229E-002
  0.16000000000000150        6.1659954517471309        8.5195639360299877E-002
  0.18000000000000149        6.0938133051133470        8.6315834534621688E-002
  0.20000000000000148        6.3140293100043472        9.5536163079478695E-002
  0.22000000000000147        6.2796921239837395        9.1319529662958490E-002
  0.24000000000000146        6.2348125679318533       0.10127817831088509     
  0.26000000000000145        6.3406876574090738        9.6207403200363056E-002
  0.28000000000000147        6.3460344735445817        8.6856300015009852E-002
  0.30000000000000149        6.1743462190169041        8.1753188570353533E-002
  0.32000000000000151        6.4157984174405991        9.7551327561848825E-002
  0.34000000000000152        6.3430119024126110        9.6206183481991003E-002
  0.36000000000000154        6.2697172480372210        8.4041103216878077E-002
  0.38000000000000156        6.3631994125284734        9.3340288949017608E-002
  0.40000000000000158        6.3900874689864260        9.5004468942038470E-002
  0.42000000000000159        6.1190848395932056        8.6713107664733224E-002
  0.44000000000000161        6.3252389112297704        9.6324317818709426E-002
  0.46000000000000163        6.2556129548615518        9.3037146704497864E-002
  0.48000000000000165        6.0958174472272182        8.1727462049909716E-002
  0.50000000000000167        6.1285094419983439        8.7372047234352629E-002
  0.52000000000000168        6.3164855807693989        9.2725308591448868E-002
  0.54000000000000170        5.9871501399262614        8.3562053577378420E-002
  0.56000000000000172        6.1353331227596017       0.10136427316316694     
  0.58000000000000174        6.0285500553759279        9.6987105080802896E-002
  0.60000000000000175        6.0168458932897924        8.7928839233544581E-002
  0.62000000000000177        5.8706620303288481        9.1423557651143197E-002
  0.64000000000000179        5.9822125907495245        8.5669681365434208E-002
  0.66000000000000181        5.8375937545673811       0.10898323098353593     
  0.68000000000000183        5.6652571571885293        8.6234219543614002E-002
  0.70000000000000184        5.7728982819177004        9.2224525359447709E-002
  0.72000000000000186        5.7178269069104042        8.7591268728946167E-002
  0.74000000000000188        5.5647359655298576        8.4328811108212845E-002
  0.76000000000000190        5.5732432146071060        8.6906591690041682E-002
  0.78000000000000191        5.3973217107913669        9.1942387756213079E-002
  0.80000000000000193        5.2725795373724749        8.7272214579909843E-002
  0.82000000000000195        5.0466804421855835        8.1861114456900669E-002
  0.84000000000000197        4.9468238854465412        8.0217019933993869E-002
  0.86000000000000199        4.9219582653446992        8.0493268184230096E-002
  0.88000000000000200        4.8195382316438220        7.8623486564762660E-002
  0.90000000000000202        4.7184665225074509        7.8229171436407077E-002
  0.92000000000000204        4.5902454779059854        7.2548076935030376E-002
  0.94000000000000206        4.5762704924151567        7.5431418265836672E-002
  0.96000000000000207        4.5731706369050693        9.2102190646925625E-002
  0.98000000000000198        4.3329811508658400        7.5573632760655707E-002
   1.0000000000000020        4.2388012917711739        7.5233342429986819E-002
   1.0200000000000020        3.9875154741895131        6.2342595990596841E-002
   1.0400000000000020        3.8254658152499710        7.3205719519203696E-002
   1.0600000000000021        3.8660476906553214        7.5176273354500681E-002
   1.0800000000000021        3.6439486278269477        7.1086894144647889E-002
   1.1000000000000021        3.3335133842301690        6.6337074792114037E-002
   1.1200000000000021        3.1172502843253449        6.0215498445163419E-002
   1.1400000000000021        2.7587825922625804        5.5607403113067673E-002
   1.1600000000000021        2.5093192956679142        5.2621704280556174E-002
   1.1800000000000022        2.2806891386986172        5.4034294232680379E-002
   1.2000000000000022        2.0768310615414114        4.8669510202946943E-002
   1.2200000000000022        1.9831664185675213        6.5867214218703313E-002
   1.2400000000000022        1.6998133068056167        4.9449485519861273E-002
   1.2600000000000022        1.3539178778329026        4.2159583497172845E-002
   1.2800000000000022        1.0367386786941948        4.9453184659204008E-002
   1.3000000000000023       0.21537223452147003        2.1049637033365633E-002
   1.3200000000000023        0.0000000000000000        0.0000000000000000     
   1.3400000000000023        0.0000000000000000        0.0000000000000000     
   1.3600000000000023        0.0000000000000000        0.0000000000000000     
   1.3800000000000023        0.0000000000000000        0.0000000000000000     
   1.4000000000000024        0.0000000000000000        0.0000000000000000     
   1.4200000000000024        0.0000000000000000        0.0000000000000000     
   1.4400000000000024        0.0000000000000000        0.0000000000000000     
   1.4600000000000024        0.0000000000000000        0.0000000000000000     
   1.4800000000000024        0.0000000000000000        0.0000000000000000     
   1.5000000000000024        0.0000000000000000        0.0000000000000000     
   1.5200000000000025        0.0000000000000000        0.0000000000000000     
   1.5400000000000025        0.0000000000000000        0.0000000000000000     
   1.5600000000000025        0.0000000000000000        0.0000000000000000     
   1.5800000000000025        0.0000000000000000        0.0000000000000000     
   1.6000000000000025        0.0000000000000000        0.0000000000000000     
   1.6200000000000025        0.0000000000000000        0.0000000000000000     
   1.6400000000000026        0.0000000000000000        0.0000000000000000     
   1.6600000000000026        0.0000000000000000        0.0000000000000000     
   1.6800000000000026        0.0000000000000000        0.0000000000000000     
   1.7000000000000026        0.0000000000000000        0.0000000000000000     
   1.7200000000000026        0.0000000000000000        0.0000000000000000     
   1.7400000000000027        0.0000000000000000        0.0000000000000000     
   1.7600000000000027        0.0000000000000000        0.0000000000000000     
   1.7800000000000027        0.0000000000000000        0.0000000000000000     
   1.8000000000000027        0.0000000000000000        0.0000000000000000     
   1.8200000000000027        0.0000000000000000        0.0000000000000000     
   1.8400000000000027        0.0000000000000000        0.0000000000000000     
   1.8600000000000028        0.0000000000000000        0.0000000000000000     
   1.8800000000000028        0.0000000000000000        0.0000000000000000     
   1.9000000000000028        0.0000000000000000        0.0000000000000000     
   1.9200000000000028        0.0000000000000000        0.0000000000000000     
   1.9400000000000028        0.0000000000000000        0.0000000000000000     
   1.9600000000000029        0.0000000000000000        0.0000000000000000     
   1.9800000000000026        0.0000000000000000        0.0000000000000000     
