   86.000000000000000       0.14893170814589160        6.3298293431247972E-003
   86.049999999999997       0.17047288144958722        9.9443971411470773E-003
   86.099999999999994       0.17378115543633055        9.4882950339837922E-003
   86.149999999999991       0.18019710836086572        1.2662871007091547E-002
   86.199999999999989       0.18677337702469951        8.3910232676548749E-003
   86.249999999999986       0.19476246267118941        1.0618177818345894E-002
   86.299999999999983       0.17145912348670064        7.5166969668004693E-003
   86.349999999999980       0.20474631313875424        1.1217401176482610E-002
   86.399999999999977       0.20612404119338593        1.1913890859069911E-002
   86.449999999999974       0.19491195148852228        7.9609782183639993E-003
   86.499999999999972       0.18589323701430668        7.3795002656792934E-003
   86.549999999999969       0.18996246142582149        7.7255930234361595E-003
   86.599999999999966       0.20353556446980675        9.6966643544658532E-003
   86.649999999999963       0.20750471582280661        1.3145545643026644E-002
   86.699999999999960       0.22070449108263218        1.0511794715647104E-002
   86.749999999999957       0.21241021349538280        1.0151107704420350E-002
   86.799999999999955       0.22949487171025151        1.6066952420898069E-002
   86.849999999999952       0.24964404245164415        1.4445779566901705E-002
   86.899999999999949       0.21164050576018789        8.0813589138730609E-003
   86.949999999999946       0.24200274536856875        1.2624599907096662E-002
   86.999999999999943       0.23019806375423327        1.0968906444744457E-002
   87.049999999999940       0.22170580156418043        8.9974968747786651E-003
   87.099999999999937       0.24349777235584164        1.0033562301729701E-002
   87.149999999999935       0.25596947605025966        1.0919488321222030E-002
   87.199999999999932       0.26777468749953409        1.1678118107918120E-002
   87.249999999999929       0.27475180453173553        1.3348180092094802E-002
   87.299999999999926       0.26437734376287442        1.3076261831390034E-002
   87.349999999999923       0.26484783594971473        1.0541793243034088E-002
   87.399999999999920       0.27737343701988554        1.1440734429239263E-002
   87.449999999999918       0.25853503712373582        8.9355954668546983E-003
   87.499999999999915       0.28751702916051303        1.1439495551409688E-002
   87.549999999999912       0.28721282720798141        1.0953578622147723E-002
   87.599999999999909       0.29286373333744631        1.1323302552180566E-002
   87.649999999999906       0.33226660830429572        2.9473185520306488E-002
   87.699999999999903       0.32522827887495898        1.2730037764954029E-002
   87.749999999999901       0.32632445917730307        1.5085371850668357E-002
   87.799999999999898       0.33285588839953040        1.3098296707285705E-002
   87.849999999999895       0.35971340673093199        1.9842222422390213E-002
   87.899999999999892       0.33826676550640838        1.2706911682806556E-002
   87.949999999999889       0.36582447368995080        1.3815449846397003E-002
   87.999999999999886       0.36172536021963048        1.2123466878913795E-002
   88.049999999999883       0.34703299927893938        1.1614595132540437E-002
   88.099999999999881       0.37400828550959653        1.3584944369200698E-002
   88.149999999999878       0.37915986433291404        1.3748695662204021E-002
   88.199999999999875       0.41275883996750851        1.6561777154233945E-002
   88.249999999999872       0.41596529671193183        1.3579825054315962E-002
   88.299999999999869       0.42723715461175094        1.5233354302866693E-002
   88.349999999999866       0.43567307851370091        1.5612032089112785E-002
   88.399999999999864       0.43840605638167474        1.4254319196533178E-002
   88.449999999999861       0.47137620837217326        2.1086450296937290E-002
   88.499999999999858       0.44273529111923582        1.3685412863758241E-002
   88.549999999999855       0.47774100855041135        1.7011814576620442E-002
   88.599999999999852       0.48625244370776483        1.6397762200368413E-002
   88.649999999999849       0.51333538578162141        2.0401958122903172E-002
   88.699999999999847       0.51076573220741639        1.5718691558017771E-002
   88.749999999999844       0.52788054248458993        1.5499776177344913E-002
   88.799999999999841       0.55904115214459071        1.6689216808221448E-002
   88.849999999999838       0.53388856342579216        1.5543292869135044E-002
   88.899999999999835       0.56226711054182754        1.6098941423959380E-002
   88.949999999999832       0.58042957252325189        1.9352983451675129E-002
   88.999999999999829       0.61988612549358391        1.8188990640810539E-002
   89.049999999999827       0.64571458357203004        1.9660124428164234E-002
   89.099999999999824       0.65333850418180450        1.7656632486433288E-002
   89.149999999999821       0.68391295592133583        1.9213045992802699E-002
   89.199999999999818       0.70808690749468484        2.1786440766812847E-002
   89.249999999999815       0.72374365187760870        2.0359889957231255E-002
   89.299999999999812       0.76500041673578911        2.0753070162490138E-002
   89.349999999999810       0.77744563401675160        2.3392130285796748E-002
   89.399999999999807       0.75723273094900778        1.7021262170497126E-002
   89.449999999999804       0.81630252475220089        2.1379816723081990E-002
   89.499999999999801       0.86617822628023999        2.7118874205927037E-002
   89.549999999999798       0.87410925911348625        2.0223418998399627E-002
   89.599999999999795       0.89053625766428302        2.0525979321563390E-002
   89.649999999999793       0.97468091617479891        2.7421243643795643E-002
   89.699999999999790       0.99985363142963624        2.7225860998631727E-002
   89.749999999999787       0.97163886056387727        2.2283304682650915E-002
   89.799999999999784        1.0593931920476696        2.3966751027589928E-002
   89.849999999999781        1.0811418047596586        2.8907293043012584E-002
   89.899999999999778        1.0907504038499785        2.2506900526792412E-002
   89.949999999999775        1.1667560395526375        2.4412664811280311E-002
   89.999999999999773        1.1759655624644736        2.3282572179904381E-002
   90.049999999999770        1.2698921069926226        2.5668687196186167E-002
   90.099999999999767        1.3260658875657230        2.7960135124468505E-002
   90.149999999999764        1.3652479902631933        2.6444472175116807E-002
   90.199999999999761        1.4011374381257147        3.0366329717340095E-002
   90.249999999999758        1.4659491269665168        2.8690218268780186E-002
   90.299999999999756        1.5307574491209257        2.9686213534834686E-002
   90.349999999999753        1.6246151383889587        3.5465569884666974E-002
   90.399999999999750        1.6572247473593329        3.1746563712086819E-002
   90.449999999999747        1.7444968821711457        3.1414169654945555E-002
   90.499999999999744        1.7851559881580252        3.2825954809473382E-002
   90.549999999999741        1.8606874935803652        3.3448833379470667E-002
   90.599999999999739        1.8475756466832742        3.1660665435802808E-002
   90.649999999999736        1.9666216883628400        3.8659751462640390E-002
   90.699999999999733        2.0478984887936860        3.6146695763324792E-002
   90.749999999999730        2.0882315239138629        3.7197835330811307E-002
   90.799999999999727        2.1426264328310234        3.7501002482003443E-002
   90.849999999999724        2.2199492648423198        3.4463366633978178E-002
   90.899999999999721        2.3534978748955937        3.9327334351841596E-002
   90.949999999999719        2.3544419579361442        3.9147487699072572E-002
   90.999999999999716        2.4052543429127029        4.0024379802731519E-002
   91.049999999999713        2.5191680267144698        4.1139521623297079E-002
   91.099999999999710        2.4521605997897900        3.6069092636392824E-002
   91.149999999999707        2.5683435652256623        3.9251673110983973E-002
   91.199999999999704        2.5267609156805646        4.0246053631117100E-002
   91.249999999999702        2.5695024853577912        4.5999861025190061E-002
   91.299999999999699        2.5993792508434819        3.8627782707460846E-002
   91.349999999999696        2.6362942773177540        3.9858554840522177E-002
   91.399999999999693        2.6534080696777940        4.1613385605148510E-002
   91.449999999999690        2.6301878047174170        4.3163617564471381E-002
   91.499999999999687        2.6928985564495274        3.9925415054739628E-002
   91.549999999999685        2.6036575572986682        4.3835544473503414E-002
   91.599999999999682        2.6107607525373493        4.1107553993380647E-002
   91.649999999999679        2.5150286070061738        3.9241516230118983E-002
   91.699999999999676        2.4493030776750890        3.5879209797619438E-002
   91.749999999999673        2.4717553762822959        3.9472089543965472E-002
   91.799999999999670        2.3322016169907025        3.3708401849800548E-002
   91.849999999999667        2.4792804660650578        4.2249752514223055E-002
   91.899999999999665        2.3329119249338151        3.7218278684280751E-002
   91.949999999999662        2.2173352300268196        3.4360706666236598E-002
   91.999999999999659        2.1959659544434817        3.4944463276153227E-002
   92.049999999999656        2.1382637548261507        3.6043530884852223E-002
   92.099999999999653        2.0476652223866494        3.2792274948519461E-002
   92.149999999999650        2.0162628496229664        3.6698804901375032E-002
   92.199999999999648        1.9596199612516116        3.2863163491255822E-002
   92.249999999999645        1.8567488669102721        3.1095677189047519E-002
   92.299999999999642        1.8639256392897070        3.5048422371400191E-002
   92.349999999999639        1.7684036864885504        3.1972780780582549E-002
   92.399999999999636        1.7320266761416938        3.1394166975817997E-002
   92.449999999999633        1.6730954755698695        3.3273866080336424E-002
   92.499999999999631        1.5892443683932982        3.1355008333583963E-002
   92.549999999999628        1.5416072642942864        3.2131822941386341E-002
   92.599999999999625        1.5091057966983938        2.8096546014352127E-002
   92.649999999999622        1.4571098029281568        3.0805799100016358E-002
   92.699999999999619        1.3799584836426066        2.5957899374763230E-002
   92.749999999999616        1.3647880361613889        2.6129473056183291E-002
   92.799999999999613        1.3432327196878600        2.9500759187300652E-002
   92.849999999999611        1.2960413306448255        2.8080879786453936E-002
   92.899999999999608        1.2624202659728123        2.8973979962302502E-002
   92.949999999999605        1.2457300449272772        2.7742288199480575E-002
   92.999999999999602        1.1435311208378756        2.3496909298092450E-002
   93.049999999999599        1.1265442042007772        2.2631645707636323E-002
   93.099999999999596        1.0562623637244224        2.4225474169482012E-002
   93.149999999999594        1.0285282874244377        2.1218153489314079E-002
   93.199999999999591        1.0457051425841259        2.3367958965134460E-002
   93.249999999999588        1.0025217521612717        2.3059716250751212E-002
   93.299999999999585       0.99700066206143634        2.3507654571433084E-002
   93.349999999999582       0.96174232078781041        2.5153052434573601E-002
   93.399999999999579       0.87275103864160752        1.8584722459569176E-002
   93.449999999999577       0.92202034543610967        2.6829184278449995E-002
   93.499999999999574       0.86103841103058720        2.0282963898299800E-002
   93.549999999999571       0.84108985647336731        2.1174004185094551E-002
   93.599999999999568       0.81737307053038610        1.9954734699866326E-002
   93.649999999999565       0.82015783363021644        1.9934481058566138E-002
   93.699999999999562       0.79242840076705723        2.1207398790196508E-002
   93.749999999999559       0.75774235722927474        1.8145849136204446E-002
   93.799999999999557       0.77328376859491177        1.9595497002461451E-002
   93.849999999999554       0.75621885503425279        2.0067627175095908E-002
   93.899999999999551       0.68773536771537358        1.6439790614551128E-002
   93.949999999999548       0.71807931075645803        2.0798537523002963E-002
   93.999999999999545       0.69231557851812031        1.9430683932330106E-002
   94.049999999999542       0.66034856545420817        1.6577881725475870E-002
   94.099999999999540       0.68853550189670099        2.6088999832969088E-002
   94.149999999999537       0.62545353842226192        1.5540355413894423E-002
   94.199999999999534       0.60108081414803605        1.4026679694432290E-002
   94.249999999999531       0.59195923261478023        1.5484741818292623E-002
   94.299999999999528       0.57994124159275107        1.4488206713999155E-002
   94.349999999999525       0.57921094815801999        1.4805175761076221E-002
   94.399999999999523       0.56217548375324577        1.6452688014502091E-002
   94.449999999999520       0.57346368467439801        1.4309494592111989E-002
   94.499999999999517       0.53646812700055435        1.3886632809196190E-002
   94.549999999999514       0.52714060394488094        1.3527310304729001E-002
   94.599999999999511       0.51716589445061700        1.2069253291675323E-002
   94.649999999999508       0.54664346050855750        1.5856893539161001E-002
   94.699999999999505       0.49993746157348518        1.3222330784014183E-002
   94.749999999999503       0.49761084980513004        1.4251915393727868E-002
   94.799999999999500       0.50304175572886034        1.2805698605670875E-002
   94.849999999999497       0.48538114504160113        1.2442932530500619E-002
   94.899999999999494       0.48217192178019719        1.3181959313592740E-002
   94.949999999999491       0.46469198542029483        1.1802946100281054E-002
   94.999999999999488       0.45283450776490353        1.0580786410952973E-002
   95.049999999999486       0.44779692967468565        1.1942643710486813E-002
   95.099999999999483       0.45556820068932025        1.2396776730657578E-002
   95.149999999999480       0.45065145033664955        1.2940960925018218E-002
   95.199999999999477       0.45145365571262147        1.1664609970751461E-002
   95.249999999999474       0.42150623067062581        1.0670761687881312E-002
   95.299999999999471       0.42743600626842221        1.2070326718312010E-002
   95.349999999999469       0.42588356330060512        1.1445617891428101E-002
   95.399999999999466       0.42790575636107103        1.2644843123960902E-002
   95.449999999999463       0.42305996565910420        1.2684584597579224E-002
   95.499999999999460       0.41300636220952613        1.1872890760426608E-002
   95.549999999999457       0.39350096606636259        1.1008337750025538E-002
   95.599999999999454       0.41016958977931428        1.1144390527615212E-002
   95.649999999999451       0.39659167167058718        9.8322709835244708E-003
   95.699999999999449       0.37742412683071230        9.7531645983121099E-003
   95.749999999999446       0.38201038387937786        1.0166772502145186E-002
   95.799999999999443       0.38026355812890233        1.0357724924305868E-002
   95.849999999999440       0.39570910698133904        1.1598382381961016E-002
   95.899999999999437       0.38019279532988659        9.9840764548706443E-003
   95.949999999999434       0.36900054070292609        1.0217780975553706E-002
