  0.59999999999999998        0.0000000000000000        0.0000000000000000     
  0.60599999999999998        0.0000000000000000        0.0000000000000000     
  0.61199999999999999        0.0000000000000000        0.0000000000000000     
  0.61799999999999999        2.5076718541240162       0.71360438611918675     
  0.62400000000000000        11.911358246488616        5.7362450589077412     
  0.63000000000000000        6.9861296378587916        2.6241469919615579     
  0.63600000000000001        7.4656016361687412        2.0909943410592162     
  0.64200000000000002        10.741514739486238        5.4186224492174153     
  0.64800000000000002        9.7476719955101050        3.1037568221158431     
  0.65400000000000003        12.465590166670443        3.9590032839009845     
  0.66000000000000003        13.380534147137105        5.6778657903635663     
  0.66600000000000004        7.1282992768837552        1.5740042655806381     
  0.67200000000000004        12.344827019790996        4.9175931515627642     
  0.67800000000000005        8.3121977318964237        2.2287537677557063     
  0.68400000000000005        22.960363532697468        14.547764337439165     
  0.69000000000000006        12.161008071963268        4.5239815808370700     
  0.69600000000000006        11.688387976220664        3.7831983430168901     
  0.70200000000000007        25.637820198194710        12.736182744338024     
  0.70800000000000007        12.598980318504374        6.2481256622687757     
  0.71400000000000008        15.687358495974738        4.5037728017546099     
  0.72000000000000008        10.948070025173905        3.5969663002894934     
  0.72600000000000009        6.2538354590313832        1.1563385722293535     
  0.73200000000000010        13.735406966618577        7.5851819120693085     
  0.73800000000000010        6.2691300443934255        1.0892004728613516     
  0.74400000000000011        20.191477814585660        10.105440628112456     
  0.75000000000000011        8.7024520039267106        1.7823122422897451     
  0.75600000000000012        12.716538065079366        2.7091461737250291     
  0.76200000000000012        11.365043050220605        2.6040714019477353     
  0.76800000000000013        10.812353244881065        2.5939871001096244     
  0.77400000000000013        10.873058460043454        3.5721437511211351     
  0.78000000000000014        27.919207101665961        11.138327689662974     
  0.78600000000000014        13.418537740552145        4.1397460943688031     
  0.79200000000000015        9.7584208493276190        1.8346816924314144     
  0.79800000000000015        30.659917398939520        16.466403666514356     
  0.80400000000000016        13.687137137575798        3.4326519363804411     
  0.81000000000000016        16.954472903621870        3.8018362791424614     
  0.81600000000000017        17.769064910960434        4.9652379172812697     
  0.82200000000000017        11.914363278650320        2.8905831337891961     
  0.82800000000000018        11.983097405413977        2.8680808510626448     
  0.83400000000000019        12.986799980994434        2.7198113132431039     
  0.84000000000000019        39.546054205675588        27.861700842636839     
  0.84600000000000020        10.360021010599462        1.6025038650569232     
  0.85200000000000020        11.200315863630292        2.5171156188562018     
  0.85800000000000021        14.788396606402637        5.0592492787907393     
  0.86400000000000021        8.7262343628570438        1.3649502091926680     
  0.87000000000000022        62.809584056872382        26.658644352759421     
  0.87600000000000022        14.047189253839917        2.4993024834501569     
  0.88200000000000023        29.414173069027434        16.196565236914122     
  0.88800000000000023        19.549212104702999        7.2654618855419715     
  0.89400000000000024        10.355495271522086        2.9891390619043703     
  0.90000000000000024        12.898050182323182        4.2146256813788661     
  0.90600000000000025        21.796015703382846        11.181040213086662     
  0.91200000000000025        12.859893760785621        2.4387782833209544     
  0.91800000000000026        14.137066014702846        5.6067645906403936     
  0.92400000000000027        13.376287953237156        1.9444817138838846     
  0.93000000000000027        8.3494892730857728        1.5103646996768516     
  0.93600000000000028        26.319826561518784        8.5701694960214443     
  0.94200000000000028        18.952084269794227        6.3536982996039395     
  0.94800000000000029        14.023895140774872        2.1068913174260335     
  0.95400000000000029        12.897561251395498        1.9260015974150895     
  0.96000000000000030        30.207666641514614        8.2942633607217324     
  0.96600000000000030        24.197990239194684        8.4878892377039499     
  0.97200000000000031        19.112581901872051        2.9078837194764540     
  0.97800000000000031        16.096980127744096        3.3041479253626984     
  0.98400000000000032        29.257335857397631        9.5368324403462577     
  0.99000000000000032        11.325976576189552        1.6023232184849128     
  0.99600000000000022        21.926792208723572        5.3278667929579386     
   1.0020000000000002        16.985158403319410        4.1063494400734282     
   1.0080000000000002        21.440109360804847        4.2763629519178359     
   1.0140000000000002        18.881555979897165        5.4047993517357495     
   1.0200000000000002        14.260021057045266        2.3263813556500934     
   1.0260000000000002        27.199722234732310        13.296602866770058     
   1.0320000000000003        14.069433567035123        2.0002624488863878     
   1.0380000000000003        22.335918728046064        4.6856483499230537     
   1.0440000000000003        19.940758556158972        3.4303628681814491     
   1.0500000000000003        27.520102921080387        3.8877277620827848     
   1.0560000000000003        43.865454563544148        17.731797380135362     
   1.0620000000000003        14.499090294147349        2.6050597539677098     
   1.0680000000000003        34.777536937617022        13.433768245468446     
   1.0740000000000003        32.227476498643121        4.7887811764106409     
   1.0800000000000003        46.510923110196167        18.090307903062655     
   1.0860000000000003        31.527573527561309        7.1687905322605872     
   1.0920000000000003        29.384030720638648        3.5710254579955065     
   1.0980000000000003        32.251098823137909        5.1886341993205507     
   1.1040000000000003        31.072140093924684        4.0870857432090846     
   1.1100000000000003        47.081814782597306        18.201718723335748     
   1.1160000000000003        54.269029153425450        15.292646936184010     
   1.1220000000000003        31.912390946571374        4.0704796297124783     
   1.1280000000000003        50.561795253503483        18.920616056057028     
   1.1340000000000003        63.851319657873660        24.006482513244269     
   1.1400000000000003        18.964803715617844        2.3182023141755193     
   1.1460000000000004        15.170252452354863        2.8728650274904086     
   1.1520000000000004        17.169631743537110        5.5218231561732898     
   1.1580000000000004        12.572419409963469        2.7125801294721255     
   1.1640000000000004        13.664784304546412        3.8978765721294515     
   1.1700000000000004        16.819364294340815        5.2729306348742817     
   1.1760000000000004        7.9659289992121822        1.1359576879399480     
   1.1820000000000004        9.0352624995634727        1.6714655609346014     
   1.1880000000000004        7.2867712510765594        1.3905855292421809     
   1.1940000000000004        7.6226421507845092        1.4698829776473263     
   1.2000000000000004        7.0923954817712600        1.6950258870150909     
   1.2060000000000004        7.1381403057939661        1.3867185643576763     
   1.2120000000000004        6.4639023207961932       0.88177186082398462     
   1.2180000000000004        6.8583927747308664        1.3481732162729501     
   1.2240000000000004        5.8200590610686573       0.84829756730403150     
   1.2300000000000004        5.5100399738404819       0.95060497481008266     
   1.2360000000000004        6.9778060188915694       0.79899021924515234     
   1.2420000000000004        1.1869040566714366       0.25614120952705099     
   1.2480000000000004        0.0000000000000000        0.0000000000000000     
   1.2540000000000004        0.0000000000000000        0.0000000000000000     
   1.2600000000000005        0.0000000000000000        0.0000000000000000     
   1.2660000000000005        0.0000000000000000        0.0000000000000000     
   1.2720000000000005        0.0000000000000000        0.0000000000000000     
   1.2780000000000005        0.0000000000000000        0.0000000000000000     
   1.2840000000000005        0.0000000000000000        0.0000000000000000     
   1.2900000000000005        0.0000000000000000        0.0000000000000000     
   1.2960000000000005        0.0000000000000000        0.0000000000000000     
   1.3020000000000005        0.0000000000000000        0.0000000000000000     
   1.3080000000000005        0.0000000000000000        0.0000000000000000     
   1.3140000000000005        0.0000000000000000        0.0000000000000000     
   1.3200000000000005        0.0000000000000000        0.0000000000000000     
   1.3260000000000005        0.0000000000000000        0.0000000000000000     
   1.3320000000000005        0.0000000000000000        0.0000000000000000     
   1.3380000000000005        0.0000000000000000        0.0000000000000000     
   1.3440000000000005        0.0000000000000000        0.0000000000000000     
   1.3500000000000005        0.0000000000000000        0.0000000000000000     
   1.3560000000000005        0.0000000000000000        0.0000000000000000     
   1.3620000000000005        0.0000000000000000        0.0000000000000000     
   1.3680000000000005        0.0000000000000000        0.0000000000000000     
   1.3740000000000006        0.0000000000000000        0.0000000000000000     
   1.3800000000000006        0.0000000000000000        0.0000000000000000     
   1.3860000000000006        0.0000000000000000        0.0000000000000000     
   1.3920000000000006        0.0000000000000000        0.0000000000000000     
   1.3980000000000006        0.0000000000000000        0.0000000000000000     
   1.4040000000000006        0.0000000000000000        0.0000000000000000     
   1.4100000000000006        0.0000000000000000        0.0000000000000000     
   1.4160000000000006        0.0000000000000000        0.0000000000000000     
   1.4220000000000006        0.0000000000000000        0.0000000000000000     
   1.4280000000000006        0.0000000000000000        0.0000000000000000     
   1.4340000000000006        0.0000000000000000        0.0000000000000000     
   1.4400000000000006        0.0000000000000000        0.0000000000000000     
   1.4460000000000006        0.0000000000000000        0.0000000000000000     
   1.4520000000000006        0.0000000000000000        0.0000000000000000     
   1.4580000000000006        0.0000000000000000        0.0000000000000000     
   1.4640000000000006        0.0000000000000000        0.0000000000000000     
   1.4700000000000006        0.0000000000000000        0.0000000000000000     
   1.4760000000000006        0.0000000000000000        0.0000000000000000     
   1.4820000000000007        0.0000000000000000        0.0000000000000000     
   1.4880000000000007        0.0000000000000000        0.0000000000000000     
   1.4940000000000007        0.0000000000000000        0.0000000000000000     
   1.5000000000000007        0.0000000000000000        0.0000000000000000     
   1.5060000000000007        0.0000000000000000        0.0000000000000000     
   1.5120000000000007        0.0000000000000000        0.0000000000000000     
   1.5180000000000007        0.0000000000000000        0.0000000000000000     
   1.5240000000000007        0.0000000000000000        0.0000000000000000     
   1.5300000000000007        0.0000000000000000        0.0000000000000000     
   1.5360000000000007        0.0000000000000000        0.0000000000000000     
   1.5420000000000007        0.0000000000000000        0.0000000000000000     
   1.5480000000000007        0.0000000000000000        0.0000000000000000     
   1.5540000000000007        0.0000000000000000        0.0000000000000000     
   1.5600000000000007        0.0000000000000000        0.0000000000000000     
   1.5660000000000007        0.0000000000000000        0.0000000000000000     
   1.5720000000000007        0.0000000000000000        0.0000000000000000     
   1.5780000000000007        0.0000000000000000        0.0000000000000000     
   1.5840000000000007        0.0000000000000000        0.0000000000000000     
   1.5900000000000007        0.0000000000000000        0.0000000000000000     
   1.5960000000000008        0.0000000000000000        0.0000000000000000     
   1.6020000000000008        0.0000000000000000        0.0000000000000000     
   1.6080000000000008        0.0000000000000000        0.0000000000000000     
   1.6140000000000008        0.0000000000000000        0.0000000000000000     
   1.6200000000000008        0.0000000000000000        0.0000000000000000     
   1.6260000000000008        0.0000000000000000        0.0000000000000000     
   1.6320000000000008        0.0000000000000000        0.0000000000000000     
   1.6380000000000008        0.0000000000000000        0.0000000000000000     
   1.6440000000000008        0.0000000000000000        0.0000000000000000     
   1.6500000000000008        0.0000000000000000        0.0000000000000000     
   1.6560000000000008        0.0000000000000000        0.0000000000000000     
   1.6620000000000008        0.0000000000000000        0.0000000000000000     
   1.6680000000000008        0.0000000000000000        0.0000000000000000     
   1.6740000000000008        0.0000000000000000        0.0000000000000000     
   1.6800000000000008        0.0000000000000000        0.0000000000000000     
   1.6860000000000008        0.0000000000000000        0.0000000000000000     
   1.6920000000000008        0.0000000000000000        0.0000000000000000     
   1.6980000000000008        0.0000000000000000        0.0000000000000000     
   1.7040000000000008        0.0000000000000000        0.0000000000000000     
   1.7100000000000009        0.0000000000000000        0.0000000000000000     
   1.7160000000000009        0.0000000000000000        0.0000000000000000     
   1.7220000000000009        0.0000000000000000        0.0000000000000000     
   1.7280000000000009        0.0000000000000000        0.0000000000000000     
   1.7340000000000009        0.0000000000000000        0.0000000000000000     
   1.7400000000000009        0.0000000000000000        0.0000000000000000     
   1.7460000000000009        0.0000000000000000        0.0000000000000000     
   1.7520000000000009        0.0000000000000000        0.0000000000000000     
   1.7580000000000009        0.0000000000000000        0.0000000000000000     
   1.7640000000000009        0.0000000000000000        0.0000000000000000     
   1.7700000000000009        0.0000000000000000        0.0000000000000000     
   1.7760000000000009        0.0000000000000000        0.0000000000000000     
   1.7820000000000009        0.0000000000000000        0.0000000000000000     
   1.7880000000000009        0.0000000000000000        0.0000000000000000     
   1.7940000000000009        0.0000000000000000        0.0000000000000000     
