  0.59999999999999998        14.544343534673516       0.26096899144423730     
  0.60599999999999998        15.013662790678485       0.26551173849988019     
  0.61199999999999999        15.213806108446171       0.25225723266548927     
  0.61799999999999999        15.672116936742455       0.29536798941001918     
  0.62400000000000000        15.439916194632191       0.25150739929463944     
  0.63000000000000000        15.845120578572663       0.30684637669410203     
  0.63600000000000001        16.103984178539786       0.28480008370675730     
  0.64200000000000002        15.921524876483142       0.27378461514353891     
  0.64800000000000002        16.968208914411328       0.32514058918880179     
  0.65400000000000003        16.382112658905811       0.24964335515303637     
  0.66000000000000003        16.727546789316829       0.25056310026837852     
  0.66600000000000004        17.115966606179647       0.27790407690219482     
  0.67200000000000004        16.556291053527627       0.24043873336594179     
  0.67800000000000005        16.990155007072605       0.26769039334960965     
  0.68400000000000005        18.035475456387719       0.37635377845646206     
  0.69000000000000006        18.150108676252795       0.28484749815894828     
  0.69600000000000006        18.528186893378056       0.34642274989679989     
  0.70200000000000007        19.050357077590107       0.32360192058823289     
  0.70800000000000007        18.652016514325929       0.29458762387242493     
  0.71400000000000008        19.153483676817594       0.32600760974519377     
  0.72000000000000008        19.668262462212247       0.32517376994366209     
  0.72600000000000009        19.628355973025936       0.30831608846606873     
  0.73200000000000010        20.243265896094233       0.35108243079017648     
  0.73800000000000010        20.218815058096460       0.32293870955452342     
  0.74400000000000011        20.590888958153229       0.30914009803561987     
  0.75000000000000011        20.711269155641855       0.32163492831178914     
  0.75600000000000012        20.688674879603962       0.31941108590117273     
  0.76200000000000012        21.140029045821738       0.31979007214248834     
  0.76800000000000013        21.526309553257875       0.31810516199989736     
  0.77400000000000013        21.553393115225479       0.30006872245924726     
  0.78000000000000014        22.264545140737184       0.33607350576165124     
  0.78600000000000014        21.962411069727121       0.29917274099407670     
  0.79200000000000015        22.298320597469584       0.33433456841471826     
  0.79800000000000015        22.936711716970009       0.34860997777359570     
  0.80400000000000016        22.865339242866273       0.32731555269254248     
  0.81000000000000016        23.388649287565691       0.32423616573190528     
  0.81600000000000017        23.717540188527934       0.32526859603366776     
  0.82200000000000017        23.889080522153481       0.34030189173681508     
  0.82800000000000018        23.957282492574574       0.31247085388076773     
  0.83400000000000019        24.412622250805065       0.32525986799134904     
  0.84000000000000019        24.600841578076889       0.33130641830669616     
  0.84600000000000020        26.096984342433878       0.45130096174724588     
  0.85200000000000020        25.650402276004307       0.34699557872490405     
  0.85800000000000021        26.186739282389805       0.34526070393714486     
  0.86400000000000021        27.018212977959816       0.37839498871230337     
  0.87000000000000022        26.863630188660675       0.34961355919231701     
  0.87600000000000022        27.136675003375387       0.34668633152140349     
  0.88200000000000023        27.789445962257993       0.35217114885462686     
  0.88800000000000023        28.340690499735000       0.34476288041222691     
  0.89400000000000024        29.602274399475103       0.36918372189933046     
  0.90000000000000024        29.966372223617398       0.36612870819893439     
  0.90600000000000025        30.633342564933741       0.40006756945897665     
  0.91200000000000025        31.466264522132459       0.42225862523957902     
  0.91800000000000026        32.111128321356247       0.36616077354175347     
  0.92400000000000027        32.814676216029412       0.36491020409530744     
  0.93000000000000027        35.105405692546263       0.42786539672536933     
  0.93600000000000028        35.329606743905792       0.38902233526419838     
  0.94200000000000028        37.789471579246459       0.50002152771423547     
  0.94800000000000029        38.645294145848865       0.42053117189825712     
  0.95400000000000029        40.458800841606930       0.44502908965884846     
  0.96000000000000030        42.480566038718038       0.47470626358362983     
  0.96600000000000030        44.910084231263149       0.43509781242103568     
  0.97200000000000031        48.900829160944795       0.51388566668524849     
  0.97800000000000031        51.348290049669600       0.50795006090461392     
  0.98400000000000032        54.089697734571573       0.51981081110360539     
  0.99000000000000032        55.196496383183735       0.56002588136925302     
  0.99600000000000022        50.865405609071132       0.49997587093200691     
   1.0020000000000002        41.942778246437378       0.47042832862826806     
   1.0080000000000002        30.863729781065313       0.35929054712384217     
   1.0140000000000002        23.188808033144845       0.27984708112294499     
   1.0200000000000002        18.540313385274235       0.23800422018618000     
   1.0260000000000002        15.176468640952063       0.20950086318217639     
   1.0320000000000003        12.902712902744828       0.15116042647075237     
   1.0380000000000003        11.433435029791182       0.15235344343440907     
   1.0440000000000003        10.192216426657904       0.12941465357251658     
   1.0500000000000003        9.2870323201497129       0.11756905111432198     
   1.0560000000000003        8.5210544638396257        9.5230138347825788E-002
   1.0620000000000003        7.8971318294608768        7.6720555749460947E-002
   1.0680000000000003        7.5978908611313294        7.5693083549597293E-002
   1.0740000000000003        7.1895526391014473        6.4593755947978088E-002
   1.0800000000000003        6.7810388682347682        5.4356784296831287E-002
   1.0860000000000003        6.5364086438455091        4.7132798059219529E-002
   1.0920000000000003        6.0359123004206641        3.5332864264069647E-002
   1.0980000000000003        3.0978790638742297        1.8613110786539627E-002
   1.1040000000000003        0.0000000000000000        0.0000000000000000     
   1.1100000000000003        0.0000000000000000        0.0000000000000000     
   1.1160000000000003        0.0000000000000000        0.0000000000000000     
   1.1220000000000003        0.0000000000000000        0.0000000000000000     
   1.1280000000000003        0.0000000000000000        0.0000000000000000     
   1.1340000000000003        0.0000000000000000        0.0000000000000000     
   1.1400000000000003        0.0000000000000000        0.0000000000000000     
   1.1460000000000004        0.0000000000000000        0.0000000000000000     
   1.1520000000000004        0.0000000000000000        0.0000000000000000     
   1.1580000000000004        0.0000000000000000        0.0000000000000000     
   1.1640000000000004        0.0000000000000000        0.0000000000000000     
   1.1700000000000004        0.0000000000000000        0.0000000000000000     
   1.1760000000000004        0.0000000000000000        0.0000000000000000     
   1.1820000000000004        0.0000000000000000        0.0000000000000000     
   1.1880000000000004        0.0000000000000000        0.0000000000000000     
   1.1940000000000004        0.0000000000000000        0.0000000000000000     
   1.2000000000000004        0.0000000000000000        0.0000000000000000     
   1.2060000000000004        0.0000000000000000        0.0000000000000000     
   1.2120000000000004        0.0000000000000000        0.0000000000000000     
   1.2180000000000004        0.0000000000000000        0.0000000000000000     
   1.2240000000000004        0.0000000000000000        0.0000000000000000     
   1.2300000000000004        0.0000000000000000        0.0000000000000000     
   1.2360000000000004        0.0000000000000000        0.0000000000000000     
   1.2420000000000004        0.0000000000000000        0.0000000000000000     
   1.2480000000000004        0.0000000000000000        0.0000000000000000     
   1.2540000000000004        0.0000000000000000        0.0000000000000000     
   1.2600000000000005        0.0000000000000000        0.0000000000000000     
   1.2660000000000005        0.0000000000000000        0.0000000000000000     
   1.2720000000000005        0.0000000000000000        0.0000000000000000     
   1.2780000000000005        0.0000000000000000        0.0000000000000000     
   1.2840000000000005        0.0000000000000000        0.0000000000000000     
   1.2900000000000005        0.0000000000000000        0.0000000000000000     
   1.2960000000000005        0.0000000000000000        0.0000000000000000     
   1.3020000000000005        0.0000000000000000        0.0000000000000000     
   1.3080000000000005        0.0000000000000000        0.0000000000000000     
   1.3140000000000005        0.0000000000000000        0.0000000000000000     
   1.3200000000000005        0.0000000000000000        0.0000000000000000     
   1.3260000000000005        0.0000000000000000        0.0000000000000000     
   1.3320000000000005        0.0000000000000000        0.0000000000000000     
   1.3380000000000005        0.0000000000000000        0.0000000000000000     
   1.3440000000000005        0.0000000000000000        0.0000000000000000     
   1.3500000000000005        0.0000000000000000        0.0000000000000000     
   1.3560000000000005        0.0000000000000000        0.0000000000000000     
   1.3620000000000005        0.0000000000000000        0.0000000000000000     
   1.3680000000000005        0.0000000000000000        0.0000000000000000     
   1.3740000000000006        0.0000000000000000        0.0000000000000000     
   1.3800000000000006        0.0000000000000000        0.0000000000000000     
   1.3860000000000006        0.0000000000000000        0.0000000000000000     
   1.3920000000000006        0.0000000000000000        0.0000000000000000     
   1.3980000000000006        0.0000000000000000        0.0000000000000000     
   1.4040000000000006        0.0000000000000000        0.0000000000000000     
   1.4100000000000006        0.0000000000000000        0.0000000000000000     
   1.4160000000000006        0.0000000000000000        0.0000000000000000     
   1.4220000000000006        0.0000000000000000        0.0000000000000000     
   1.4280000000000006        0.0000000000000000        0.0000000000000000     
   1.4340000000000006        0.0000000000000000        0.0000000000000000     
   1.4400000000000006        0.0000000000000000        0.0000000000000000     
   1.4460000000000006        0.0000000000000000        0.0000000000000000     
   1.4520000000000006        0.0000000000000000        0.0000000000000000     
   1.4580000000000006        0.0000000000000000        0.0000000000000000     
   1.4640000000000006        0.0000000000000000        0.0000000000000000     
   1.4700000000000006        0.0000000000000000        0.0000000000000000     
   1.4760000000000006        0.0000000000000000        0.0000000000000000     
   1.4820000000000007        0.0000000000000000        0.0000000000000000     
   1.4880000000000007        0.0000000000000000        0.0000000000000000     
   1.4940000000000007        0.0000000000000000        0.0000000000000000     
   1.5000000000000007        0.0000000000000000        0.0000000000000000     
   1.5060000000000007        0.0000000000000000        0.0000000000000000     
   1.5120000000000007        0.0000000000000000        0.0000000000000000     
   1.5180000000000007        0.0000000000000000        0.0000000000000000     
   1.5240000000000007        0.0000000000000000        0.0000000000000000     
   1.5300000000000007        0.0000000000000000        0.0000000000000000     
   1.5360000000000007        0.0000000000000000        0.0000000000000000     
   1.5420000000000007        0.0000000000000000        0.0000000000000000     
   1.5480000000000007        0.0000000000000000        0.0000000000000000     
   1.5540000000000007        0.0000000000000000        0.0000000000000000     
   1.5600000000000007        0.0000000000000000        0.0000000000000000     
   1.5660000000000007        0.0000000000000000        0.0000000000000000     
   1.5720000000000007        0.0000000000000000        0.0000000000000000     
   1.5780000000000007        0.0000000000000000        0.0000000000000000     
   1.5840000000000007        0.0000000000000000        0.0000000000000000     
   1.5900000000000007        0.0000000000000000        0.0000000000000000     
   1.5960000000000008        0.0000000000000000        0.0000000000000000     
   1.6020000000000008        0.0000000000000000        0.0000000000000000     
   1.6080000000000008        0.0000000000000000        0.0000000000000000     
   1.6140000000000008        0.0000000000000000        0.0000000000000000     
   1.6200000000000008        0.0000000000000000        0.0000000000000000     
   1.6260000000000008        0.0000000000000000        0.0000000000000000     
   1.6320000000000008        0.0000000000000000        0.0000000000000000     
   1.6380000000000008        0.0000000000000000        0.0000000000000000     
   1.6440000000000008        0.0000000000000000        0.0000000000000000     
   1.6500000000000008        0.0000000000000000        0.0000000000000000     
   1.6560000000000008        0.0000000000000000        0.0000000000000000     
   1.6620000000000008        0.0000000000000000        0.0000000000000000     
   1.6680000000000008        0.0000000000000000        0.0000000000000000     
   1.6740000000000008        0.0000000000000000        0.0000000000000000     
   1.6800000000000008        0.0000000000000000        0.0000000000000000     
   1.6860000000000008        0.0000000000000000        0.0000000000000000     
   1.6920000000000008        0.0000000000000000        0.0000000000000000     
   1.6980000000000008        0.0000000000000000        0.0000000000000000     
   1.7040000000000008        0.0000000000000000        0.0000000000000000     
   1.7100000000000009        0.0000000000000000        0.0000000000000000     
   1.7160000000000009        0.0000000000000000        0.0000000000000000     
   1.7220000000000009        0.0000000000000000        0.0000000000000000     
   1.7280000000000009        0.0000000000000000        0.0000000000000000     
   1.7340000000000009        0.0000000000000000        0.0000000000000000     
   1.7400000000000009        0.0000000000000000        0.0000000000000000     
   1.7460000000000009        0.0000000000000000        0.0000000000000000     
   1.7520000000000009        0.0000000000000000        0.0000000000000000     
   1.7580000000000009        0.0000000000000000        0.0000000000000000     
   1.7640000000000009        0.0000000000000000        0.0000000000000000     
   1.7700000000000009        0.0000000000000000        0.0000000000000000     
   1.7760000000000009        0.0000000000000000        0.0000000000000000     
   1.7820000000000009        0.0000000000000000        0.0000000000000000     
   1.7880000000000009        0.0000000000000000        0.0000000000000000     
   1.7940000000000009        0.0000000000000000        0.0000000000000000     
