   25.000000000000000       0.27014427489749315        4.3471093486426200E-003
   25.250000000000000       0.26780420812287559        4.3910477157283294E-003
   25.500000000000000       0.27070484518359872        4.3761295765964454E-003
   25.750000000000000       0.28285151140529274        4.7847585409250644E-003
   26.000000000000000       0.28482873995797531        4.5658337788081456E-003
   26.250000000000000       0.28194674412417053        4.3792357249033157E-003
   26.500000000000000       0.28599669658936056        4.4264368678690862E-003
   26.750000000000000       0.28817170076662207        4.6773362483046891E-003
   27.000000000000000       0.29989577593999656        4.8209574125704724E-003
   27.250000000000000       0.29947831598626218        4.8025548797959779E-003
   27.500000000000000       0.30133720475090936        4.4495774669794904E-003
   27.750000000000000       0.30890044953195311        5.2308732973483946E-003
   28.000000000000000       0.30973565606935233        4.9228210412926117E-003
   28.250000000000000       0.30681702749595219        4.7671168427821974E-003
   28.500000000000000       0.30248571527643642        4.4668693299031855E-003
   28.750000000000000       0.31328360866113986        4.8203631909981273E-003
   29.000000000000000       0.31714482234056091        4.7821239203631296E-003
   29.250000000000000       0.31928702113576207        4.8566488650102898E-003
   29.500000000000000       0.33350726960549743        5.3917394976427061E-003
   29.750000000000000       0.32892034973880502        5.1388561277061363E-003
   30.000000000000000       0.32316828806032694        4.7749290098311652E-003
   30.250000000000000       0.33131631913735254        4.8852652747653066E-003
   30.500000000000000       0.33591879444847711        4.8484841866637211E-003
   30.750000000000000       0.34374550361258754        5.3593598243412517E-003
   31.000000000000000       0.34584314958983292        4.8715428121449307E-003
   31.250000000000000       0.35150642807953159        5.6348908560419977E-003
   31.500000000000000       0.34358298195523251        4.7474193264756713E-003
   31.750000000000000       0.34992445006476547        4.9160842391467278E-003
   32.000000000000000       0.36428395414443693        5.7315061584100602E-003
   32.250000000000000       0.36480363652452275        5.2069021333953757E-003
   32.500000000000000       0.36475977189051495        4.9865670138771892E-003
   32.750000000000000       0.36686834121876477        5.2341927148057488E-003
   33.000000000000000       0.37101121061751324        5.0863359178297384E-003
   33.250000000000000       0.37480802381944189        5.2341365580812604E-003
   33.500000000000000       0.38049185547045006        5.5110592369166508E-003
   33.750000000000000       0.38105774684413324        5.2975217147181626E-003
   34.000000000000000       0.38872879363831869        5.5769971908818782E-003
   34.250000000000000       0.38796916340518189        5.1490777736519344E-003
   34.500000000000000       0.41638568718952856        5.9352879732051493E-003
   34.750000000000000       0.40201566052997645        5.6502022097985665E-003
   35.000000000000000       0.40456020806051124        5.3386930374914737E-003
   35.250000000000000       0.41228215484745068        5.6537060763410885E-003
   35.500000000000000       0.42399551762590476        5.7593619396805245E-003
   35.750000000000000       0.42474707134912321        5.6617230254652319E-003
   36.000000000000000       0.42476436937326423        5.6123981603832893E-003
   36.250000000000000       0.43663929199882617        5.8926825942699898E-003
   36.500000000000000       0.44287307981925583        5.8032411674436395E-003
   36.750000000000000       0.44479581295849802        6.0446867728259834E-003
   37.000000000000000       0.44937888874605036        5.5168801206852179E-003
   37.250000000000000       0.46958601759187707        6.2816171489531794E-003
   37.500000000000000       0.47206324723260407        6.1420905699587575E-003
   37.750000000000000       0.47736622975259235        6.2084404957095159E-003
   38.000000000000000       0.47346695899892904        6.1047403400398756E-003
   38.250000000000000       0.48643665907005224        5.9868491422294329E-003
   38.500000000000000       0.48920599980158225        5.8038012370084805E-003
   38.750000000000000       0.50610289988023749        6.5946684065310091E-003
   39.000000000000000       0.50531781128597475        6.2073217941057118E-003
   39.250000000000000       0.52282339332279426        6.2135262487448854E-003
   39.500000000000000       0.54095749923599656        6.8162801404008490E-003
   39.750000000000000       0.54250023565026695        6.6329816690082529E-003
   40.000000000000000       0.54990305158014430        6.6937116695031922E-003
   40.250000000000000       0.56779092111917062        6.6872127491685134E-003
   40.500000000000000       0.57386951662533858        6.6121686094730700E-003
   40.750000000000000       0.58440055736924013        6.7949806532309424E-003
   41.000000000000000       0.60625808532339853        7.0572100648535422E-003
   41.250000000000000       0.61879200301465875        6.8574906924586572E-003
   41.500000000000000       0.63792128623802358        7.1226655847353784E-003
   41.750000000000000       0.64303694033728975        7.0023723262985478E-003
   42.000000000000000       0.67078579358550150        7.3552420057668762E-003
   42.250000000000000       0.68590860503778039        7.2311206500314321E-003
   42.500000000000000       0.70739759943647507        7.3576600508656782E-003
   42.750000000000000       0.75474064070095404        7.8157054496163642E-003
   43.000000000000000       0.77627035105848663        7.7364477662468616E-003
   43.250000000000000       0.81377988660061917        7.9216785847709241E-003
   43.500000000000000       0.88433581966916441        8.7206333192091593E-003
   43.750000000000000       0.91122238335581884        8.6278567865017662E-003
   44.000000000000000       0.97535844350227774        8.7094784589771372E-003
   44.250000000000000        1.0516430273921784        9.3708739626695760E-003
   44.500000000000000        1.1358214673046028        9.8769819268170970E-003
   44.750000000000000        1.1967529448399499        9.8244128448569928E-003
   45.000000000000000        1.2056373973850827        9.9229763570814998E-003
   45.250000000000000        1.1245253691338846        9.7974483071569928E-003
   45.500000000000000       0.91342915667741775        8.5041903543047626E-003
   45.750000000000000       0.68590535067126379        6.6389444617759334E-003
   46.000000000000000       0.53458886642904235        5.9109503196785934E-003
   46.250000000000000       0.41905348665175113        4.7645760156407053E-003
   46.500000000000000       0.34825494587406924        3.9317832280589653E-003
   46.750000000000000       0.30065858311521493        3.3157131226028294E-003
   47.000000000000000       0.26343882211646907        2.9236702993977238E-003
   47.250000000000000       0.23595045983635987        2.4040810499900553E-003
   47.500000000000000       0.21652481326704859        2.2507022394887793E-003
   47.750000000000000       0.19960280133239838        1.9186619075062623E-003
   48.000000000000000       0.18750146755464006        1.7003669270662589E-003
   48.250000000000000       0.17706871177444367        1.4964273782482763E-003
   48.500000000000000       0.16915877597722870        1.3397490553508638E-003
   48.750000000000000       0.16429497547439015        1.2074198824234142E-003
   49.000000000000000       0.15857519751750870        1.0289042060106280E-003
   49.250000000000000       0.15671396774865781        9.0484141897879912E-004
   49.500000000000000       0.15495814341757427        7.5643285935186324E-004
   49.750000000000000       0.13797212087785679        5.3259149618606501E-004
   50.000000000000000        0.0000000000000000        0.0000000000000000     
   50.250000000000000        0.0000000000000000        0.0000000000000000     
   50.500000000000000        0.0000000000000000        0.0000000000000000     
   50.750000000000000        0.0000000000000000        0.0000000000000000     
   51.000000000000000        0.0000000000000000        0.0000000000000000     
   51.250000000000000        0.0000000000000000        0.0000000000000000     
   51.500000000000000        0.0000000000000000        0.0000000000000000     
   51.750000000000000        0.0000000000000000        0.0000000000000000     
   52.000000000000000        0.0000000000000000        0.0000000000000000     
   52.250000000000000        0.0000000000000000        0.0000000000000000     
   52.500000000000000        0.0000000000000000        0.0000000000000000     
   52.750000000000000        0.0000000000000000        0.0000000000000000     
   53.000000000000000        0.0000000000000000        0.0000000000000000     
   53.250000000000000        0.0000000000000000        0.0000000000000000     
   53.500000000000000        0.0000000000000000        0.0000000000000000     
   53.750000000000000        0.0000000000000000        0.0000000000000000     
   54.000000000000000        0.0000000000000000        0.0000000000000000     
   54.250000000000000        0.0000000000000000        0.0000000000000000     
   54.500000000000000        0.0000000000000000        0.0000000000000000     
   54.750000000000000        0.0000000000000000        0.0000000000000000     
   55.000000000000000        0.0000000000000000        0.0000000000000000     
   55.250000000000000        0.0000000000000000        0.0000000000000000     
   55.500000000000000        0.0000000000000000        0.0000000000000000     
   55.750000000000000        0.0000000000000000        0.0000000000000000     
   56.000000000000000        0.0000000000000000        0.0000000000000000     
   56.250000000000000        0.0000000000000000        0.0000000000000000     
   56.500000000000000        0.0000000000000000        0.0000000000000000     
   56.750000000000000        0.0000000000000000        0.0000000000000000     
   57.000000000000000        0.0000000000000000        0.0000000000000000     
   57.250000000000000        0.0000000000000000        0.0000000000000000     
   57.500000000000000        0.0000000000000000        0.0000000000000000     
   57.750000000000000        0.0000000000000000        0.0000000000000000     
   58.000000000000000        0.0000000000000000        0.0000000000000000     
   58.250000000000000        0.0000000000000000        0.0000000000000000     
   58.500000000000000        0.0000000000000000        0.0000000000000000     
   58.750000000000000        0.0000000000000000        0.0000000000000000     
   59.000000000000000        0.0000000000000000        0.0000000000000000     
   59.250000000000000        0.0000000000000000        0.0000000000000000     
   59.500000000000000        0.0000000000000000        0.0000000000000000     
   59.750000000000000        0.0000000000000000        0.0000000000000000     
   60.000000000000000        0.0000000000000000        0.0000000000000000     
   60.250000000000000        0.0000000000000000        0.0000000000000000     
   60.500000000000000        0.0000000000000000        0.0000000000000000     
   60.750000000000000        0.0000000000000000        0.0000000000000000     
   61.000000000000000        0.0000000000000000        0.0000000000000000     
   61.250000000000000        0.0000000000000000        0.0000000000000000     
   61.500000000000000        0.0000000000000000        0.0000000000000000     
   61.750000000000000        0.0000000000000000        0.0000000000000000     
   62.000000000000000        0.0000000000000000        0.0000000000000000     
   62.250000000000000        0.0000000000000000        0.0000000000000000     
   62.500000000000000        0.0000000000000000        0.0000000000000000     
   62.750000000000000        0.0000000000000000        0.0000000000000000     
   63.000000000000000        0.0000000000000000        0.0000000000000000     
   63.250000000000000        0.0000000000000000        0.0000000000000000     
   63.500000000000000        0.0000000000000000        0.0000000000000000     
   63.750000000000000        0.0000000000000000        0.0000000000000000     
   64.000000000000000        0.0000000000000000        0.0000000000000000     
   64.250000000000000        0.0000000000000000        0.0000000000000000     
   64.500000000000000        0.0000000000000000        0.0000000000000000     
   64.750000000000000        0.0000000000000000        0.0000000000000000     
   65.000000000000000        0.0000000000000000        0.0000000000000000     
   65.250000000000000        0.0000000000000000        0.0000000000000000     
   65.500000000000000        0.0000000000000000        0.0000000000000000     
   65.750000000000000        0.0000000000000000        0.0000000000000000     
   66.000000000000000        0.0000000000000000        0.0000000000000000     
   66.250000000000000        0.0000000000000000        0.0000000000000000     
   66.500000000000000        0.0000000000000000        0.0000000000000000     
   66.750000000000000        0.0000000000000000        0.0000000000000000     
   67.000000000000000        0.0000000000000000        0.0000000000000000     
   67.250000000000000        0.0000000000000000        0.0000000000000000     
   67.500000000000000        0.0000000000000000        0.0000000000000000     
   67.750000000000000        0.0000000000000000        0.0000000000000000     
   68.000000000000000        0.0000000000000000        0.0000000000000000     
   68.250000000000000        0.0000000000000000        0.0000000000000000     
   68.500000000000000        0.0000000000000000        0.0000000000000000     
   68.750000000000000        0.0000000000000000        0.0000000000000000     
   69.000000000000000        0.0000000000000000        0.0000000000000000     
   69.250000000000000        0.0000000000000000        0.0000000000000000     
   69.500000000000000        0.0000000000000000        0.0000000000000000     
   69.750000000000000        0.0000000000000000        0.0000000000000000     
   70.000000000000000        0.0000000000000000        0.0000000000000000     
   70.250000000000000        0.0000000000000000        0.0000000000000000     
   70.500000000000000        0.0000000000000000        0.0000000000000000     
   70.750000000000000        0.0000000000000000        0.0000000000000000     
   71.000000000000000        0.0000000000000000        0.0000000000000000     
   71.250000000000000        0.0000000000000000        0.0000000000000000     
   71.500000000000000        0.0000000000000000        0.0000000000000000     
   71.750000000000000        0.0000000000000000        0.0000000000000000     
   72.000000000000000        0.0000000000000000        0.0000000000000000     
   72.250000000000000        0.0000000000000000        0.0000000000000000     
   72.500000000000000        0.0000000000000000        0.0000000000000000     
   72.750000000000000        0.0000000000000000        0.0000000000000000     
   73.000000000000000        0.0000000000000000        0.0000000000000000     
   73.250000000000000        0.0000000000000000        0.0000000000000000     
   73.500000000000000        0.0000000000000000        0.0000000000000000     
   73.750000000000000        0.0000000000000000        0.0000000000000000     
   74.000000000000000        0.0000000000000000        0.0000000000000000     
   74.250000000000000        0.0000000000000000        0.0000000000000000     
   74.500000000000000        0.0000000000000000        0.0000000000000000     
   74.750000000000000        0.0000000000000000        0.0000000000000000     
