   0.0000000000000000       0.10532101212598756        1.6140719243420057E-004
  0.50000000000000000        1.1202657166373165E-002   5.0969429533399049E-005
   1.0000000000000000        6.5633888903386013E-003   3.7727389824894614E-005
   1.5000000000000000        4.6241881830519091E-003   3.1196593127301042E-005
   2.0000000000000000        3.4783922789134278E-003   2.7177133413876010E-005
   2.5000000000000000        2.7420277995616241E-003   2.3870605388251292E-005
   3.0000000000000000        2.3436016716190402E-003   2.3140351581417586E-005
   3.5000000000000000        1.9969045699114482E-003   2.0728092177068748E-005
   4.0000000000000000        1.6605945442202436E-003   1.9492941741456406E-005
   4.5000000000000000        1.4478342671120485E-003   1.8464051618623087E-005
   5.0000000000000000        1.2813621910285860E-003   1.7767043186755266E-005
   5.5000000000000000        1.1753438527596766E-003   1.9354887059534691E-005
   6.0000000000000000        1.0291199509459956E-003   1.5517666790070814E-005
   6.5000000000000000        9.2421707243280549E-004   1.4809478051379481E-005
   7.0000000000000000        8.3827059426711242E-004   1.4664144671539150E-005
   7.5000000000000000        7.4680253388874373E-004   1.3680437161167712E-005
   8.0000000000000000        6.6444353940742305E-004   1.2871126217793866E-005
   8.5000000000000000        6.3308529275279914E-004   1.2856939718548897E-005
   9.0000000000000000        5.5601936900067294E-004   1.1631577317358225E-005
   9.5000000000000000        5.1033436756472940E-004   1.1018085447853090E-005
   10.000000000000000        4.8494893846539553E-004   1.1114174536440099E-005
   10.500000000000000        4.3579120486936858E-004   1.1025567688748752E-005
   11.000000000000000        4.0824331075045946E-004   1.1256643547543863E-005
   11.500000000000000        3.5655755305061151E-004   1.0852194863922060E-005
   12.000000000000000        3.3065473116873954E-004   1.1065051581136215E-005
   12.500000000000000        2.9780613041685143E-004   9.3125960565545335E-006
   13.000000000000000        2.6921202654637654E-004   8.1299611075077782E-006
   13.500000000000000        2.7065974928254175E-004   9.2817266073600814E-006
   14.000000000000000        2.6067055896087130E-004   1.4461242847933868E-005
   14.500000000000000        2.1285189251632477E-004   7.4865668783167462E-006
   15.000000000000000        2.0530583203649322E-004   7.5096262939992147E-006
   15.500000000000000        1.7536013092193212E-004   6.9848830161427031E-006
   16.000000000000000        1.9072950483461649E-004   2.0695865979614563E-005
   16.500000000000000        1.5259819710823969E-004   6.9281888647597575E-006
   17.000000000000000        1.2959642249486412E-004   5.8633574003397357E-006
   17.500000000000000        1.1876168603562114E-004   6.0021041775564684E-006
   18.000000000000000        1.0349949178837621E-004   7.4217979734959954E-006
   18.500000000000000        7.4704611387107955E-005   3.9859441216453609E-006
   19.000000000000000        7.1877557274878590E-005   4.5487944070676552E-006
   19.500000000000000        6.3167279475353437E-005   4.3123560697126522E-006
   20.000000000000000        4.7882436246459909E-005   4.5348765423836071E-006
   20.500000000000000        3.7076375198506292E-005   2.7013005731231816E-006
   21.000000000000000        2.3314521212467812E-005   1.9055815312741560E-006
   21.500000000000000        1.8919387597760538E-005   1.5605574789273645E-006
   22.000000000000000        1.7696444289045310E-005   1.7598672448165953E-006
   22.500000000000000        1.5161133779712690E-005   1.5376383648910801E-006
   23.000000000000000        1.3801772322245183E-005   1.3890044331237905E-006
   23.500000000000000        9.6262551966253256E-006   8.7856457732012719E-007
   24.000000000000000        1.1501466981905385E-005   1.1414353420044085E-006
   24.500000000000000        1.0128808435655886E-005   1.6799649797613659E-006
   25.000000000000000        8.4930362195478415E-006   8.7846692547581252E-007
   25.500000000000000        9.1667930090730824E-006   1.4995831495721936E-006
   26.000000000000000        5.5640485418112020E-006   6.1953034547686803E-007
   26.500000000000000        5.5016051787043671E-006   5.2359909046954492E-007
   27.000000000000000        5.4749675196347103E-006   6.0036451338434154E-007
   27.500000000000000        4.8161240435273039E-006   6.0781327213926736E-007
   28.000000000000000        5.1786498732324333E-006   7.0565845600493168E-007
   28.500000000000000        4.2799191723086503E-006   5.9157646191576060E-007
   29.000000000000000        3.5197539797397120E-006   4.5886075833684077E-007
   29.500000000000000        3.4151244813999362E-006   4.6810719254663473E-007
   30.000000000000000        3.2401270258693906E-006   5.0914588319444575E-007
   30.500000000000000        2.5487685887521556E-006   3.7918838184176530E-007
   31.000000000000000        2.3292399207766746E-006   2.5535991599054647E-007
   31.500000000000000        1.9694602090025711E-006   2.3327453992451415E-007
   32.000000000000000        2.2515652906327915E-006   4.5929165680806774E-007
   32.500000000000000        1.9814873642720703E-006   2.6562409322312663E-007
   33.000000000000000        1.5861599584730488E-006   1.6074148142824969E-007
   33.500000000000000        1.4970630709733462E-006   8.2041650242219277E-008
   34.000000000000000        1.4768127776132094E-006   9.9160591498036350E-008
   34.500000000000000        1.4776590586660334E-006   1.5121714684004307E-007
   35.000000000000000        1.2464734998450616E-006   1.1617335636454170E-007
   35.500000000000000        1.1195389458022249E-006   5.6447970625218147E-008
   36.000000000000000        1.0961701218363427E-006   1.1855445547363770E-007
   36.500000000000000        1.0212660811030741E-006   1.1096734716234084E-007
   37.000000000000000        9.2070068401238561E-007   6.1940754277434160E-008
   37.500000000000000        8.7960852122401333E-007   6.6294524110220023E-008
   38.000000000000000        8.9536377046834845E-007   4.9846120406739742E-008
   38.500000000000000        7.0084887296520947E-007   4.8214348932939766E-008
   39.000000000000000        7.1461951070280955E-007   5.1441281685803803E-008
   39.500000000000000        6.8074680788125516E-007   3.2081838889899561E-008
   40.000000000000000        5.8969217396572336E-007   2.4490669157156436E-008
   40.500000000000000        5.9344147302076956E-007   5.2024272563742431E-008
   41.000000000000000        5.6007073913712298E-007   2.4507763029048374E-008
   41.500000000000000        5.8217759219210542E-007   3.9912518102079666E-008
   42.000000000000000        4.7850456147419560E-007   2.4349858717201597E-008
   42.500000000000000        4.7334739920317427E-007   2.1710512302485694E-008
   43.000000000000000        4.2044395863209610E-007   1.9252664925269896E-008
   43.500000000000000        3.9837524704270302E-007   1.8034027976340722E-008
   44.000000000000000        3.7117954832199065E-007   1.5073883017751699E-008
   44.500000000000000        3.8015495068751418E-007   4.6698409109669221E-008
   45.000000000000000        3.3331574803959975E-007   1.3898323224977657E-008
   45.500000000000000        1.6777949644267075E-006   1.3319272092835742E-006
   46.000000000000000        3.1549585889548895E-007   1.4924060893082126E-008
   46.500000000000000        2.9281940178885867E-007   2.7183624735074736E-008
   47.000000000000000        2.6925347835628156E-007   1.3093028444122306E-008
   47.500000000000000        2.9693646971000135E-007   3.3268605598091719E-008
   48.000000000000000        2.6042513861232541E-007   1.4210401183784826E-008
   48.500000000000000        2.4188008544954742E-007   1.0838883969940627E-008
   49.000000000000000        2.1844026987459541E-007   1.0387469514587697E-008
   49.500000000000000        2.2225043922725674E-007   2.0616268707968891E-008
   50.000000000000000        1.9431369821817996E-007   1.3354838605012854E-008
   50.500000000000000        1.8816505764467115E-007   9.1587039035753205E-009
   51.000000000000000        1.6907259337252025E-007   7.8784825283177071E-009
   51.500000000000000        1.6123780540910107E-007   8.8341917261727818E-009
   52.000000000000000        1.5267472872360950E-007   7.1203779201696138E-009
   52.500000000000000        1.4697051090110663E-007   9.1779386909249120E-009
   53.000000000000000        1.4722302382859434E-007   1.0154073638693300E-008
   53.500000000000000        1.3082305220602947E-007   7.6354869347338978E-009
   54.000000000000000        1.1290133565614303E-007   5.2659744129973251E-009
   54.500000000000000        1.0751235825197138E-007   6.2077036837501129E-009
   55.000000000000000        1.1776707374784616E-007   1.1736422707665980E-008
   55.500000000000000        8.9648687745376381E-008   4.3833235109222615E-009
   56.000000000000000        9.2138725816596192E-008   5.3612189167639338E-009
   56.500000000000000        8.6870490937009142E-008   4.4399624827358423E-009
   57.000000000000000        8.5605626094593661E-008   6.1679225419410733E-009
   57.500000000000000        7.3407538239979994E-008   5.8125352863311179E-009
   58.000000000000000        7.5869972986579860E-008   8.1609519467865123E-009
   58.500000000000000        5.8823001499613656E-008   2.8830688936288127E-009
   59.000000000000000        6.2020786297554166E-008   3.1463621679598035E-009
   59.500000000000000        5.1177533645496754E-008   2.7489674248099688E-009
   60.000000000000000        5.5169333467005818E-008   5.0805977203240329E-009
   60.500000000000000        4.8423141933897246E-008   2.8139081892464635E-009
   61.000000000000000        4.0366052557082441E-008   2.1898625926398844E-009
   61.500000000000000        5.2211165081042670E-008   1.0829420099708565E-008
   62.000000000000000        3.8560378324464914E-008   2.8754666458837970E-009
   62.500000000000000        3.5036975963586527E-008   2.2794804269612479E-009
   63.000000000000000        3.3333225784330189E-008   2.1827460707952070E-009
   63.500000000000000        2.6251965403420714E-008   1.5171496342498361E-009
   64.000000000000000        2.4635792321858679E-008   1.8397104256424534E-009
   64.500000000000000        2.2787820891982902E-008   1.4785385154010923E-009
   65.000000000000000        2.2721314888746941E-008   2.3657893624242339E-009
   65.500000000000000        1.7778207917675924E-008   1.0569456697207379E-009
   66.000000000000000        1.8035561321973270E-008   1.3039044564826306E-009
   66.500000000000000        1.3156801202145861E-008   1.2015849763604927E-009
   67.000000000000000        1.2868993973573292E-008   1.0724255240253521E-009
   67.500000000000000        9.7983196778527408E-009   5.6325951330330035E-010
   68.000000000000000        1.1152947631084028E-008   1.2571063951286634E-009
   68.500000000000000        6.8453601662926507E-009   5.5986284082563679E-010
   69.000000000000000        7.1197885120616232E-009   6.5285543574647373E-010
   69.500000000000000        6.5720529780649234E-009   9.9257536924176836E-010
   70.000000000000000        4.8741914496407225E-009   6.0248252730282125E-010
   70.500000000000000        2.9526367229081711E-009   2.2113299572661222E-010
   71.000000000000000        2.4077105977267434E-009   2.4729848586162642E-010
   71.500000000000000        3.7153015992531939E-009   1.7870943338385134E-009
   72.000000000000000        1.5552888946972325E-009   3.0094484950464428E-010
   72.500000000000000        2.0091244960225161E-009   7.0630204948637881E-010
   73.000000000000000        7.8446918411045769E-010   1.6161512860242986E-010
   73.500000000000000        1.7330573603905254E-009   8.8104240584841884E-010
   74.000000000000000        1.0014981217146950E-009   3.0570400065488641E-010
   74.500000000000000        2.1603959120382241E-010   1.0682296942744323E-010
   75.000000000000000        2.7175101250176927E-010   1.2557389291285645E-010
   75.500000000000000        4.5534334528131101E-010   1.7849928807467356E-010
   76.000000000000000        7.3788369183760586E-010   2.8334018378349347E-010
   76.500000000000000        2.3515858683061361E-010   8.3157749885769156E-011
   77.000000000000000        4.9762719231978818E-010   2.3790485038438656E-010
   77.500000000000000        7.0408201604635545E-010   4.4889378253943354E-010
   78.000000000000000        1.3665808616717495E-010   6.6142602757686229E-011
   78.500000000000000        5.6410535103332844E-011   3.5791645456007404E-011
   79.000000000000000        1.7332832100149892E-010   1.3441691839353519E-010
   79.500000000000000        1.2270833032228724E-010   7.1777201486470582E-011
   80.000000000000000        1.8885019584803296E-011   1.0165933711469679E-011
   80.500000000000000        2.2140271755900099E-011   1.2618707263610647E-011
   81.000000000000000        1.9507661466650722E-010   1.4214872223279103E-010
   81.500000000000000        1.9656971783700105E-011   1.3767246837445743E-011
   82.000000000000000       -4.3755305362628318E-012   9.2987375396386058E-012
   82.500000000000000        4.0210215723008566E-011   2.9071694938311657E-011
   83.000000000000000        1.2390655328260259E-010   8.8873874340651872E-011
   83.500000000000000        9.5845105409261585E-012   6.3884769959532480E-012
   84.000000000000000        5.8139660428460277E-011   2.9518880323539126E-011
   84.500000000000000        4.1340370400641944E-012   6.5318059389486193E-012
   85.000000000000000        3.5319781245344849E-012   2.6508560702730304E-012
   85.500000000000000        1.4014932025799171E-011   1.0416044258593682E-011
   86.000000000000000        4.8952933947095547E-013   4.9333285121921122E-013
   86.500000000000000        1.4996189483114714E-012   1.5015284359324866E-012
   87.000000000000000        1.0709885457674661E-012   1.0657514408040055E-012
   87.500000000000000        9.3819896146277144E-013   8.9226890937016997E-013
   88.000000000000000        0.0000000000000000        0.0000000000000000     
   88.500000000000000        0.0000000000000000        0.0000000000000000     
   89.000000000000000        0.0000000000000000        0.0000000000000000     
   89.500000000000000        0.0000000000000000        0.0000000000000000     
   90.000000000000000        0.0000000000000000        0.0000000000000000     
   90.500000000000000        0.0000000000000000        0.0000000000000000     
   91.000000000000000        0.0000000000000000        0.0000000000000000     
   91.500000000000000        0.0000000000000000        0.0000000000000000     
   92.000000000000000        0.0000000000000000        0.0000000000000000     
   92.500000000000000        0.0000000000000000        0.0000000000000000     
   93.000000000000000        0.0000000000000000        0.0000000000000000     
   93.500000000000000        0.0000000000000000        0.0000000000000000     
   94.000000000000000        0.0000000000000000        0.0000000000000000     
   94.500000000000000        0.0000000000000000        0.0000000000000000     
   95.000000000000000        0.0000000000000000        0.0000000000000000     
   95.500000000000000        0.0000000000000000        0.0000000000000000     
   96.000000000000000        0.0000000000000000        0.0000000000000000     
   96.500000000000000        0.0000000000000000        0.0000000000000000     
   97.000000000000000        0.0000000000000000        0.0000000000000000     
   97.500000000000000        0.0000000000000000        0.0000000000000000     
   98.000000000000000        0.0000000000000000        0.0000000000000000     
   98.500000000000000        0.0000000000000000        0.0000000000000000     
   99.000000000000000        0.0000000000000000        0.0000000000000000     
   99.500000000000000        0.0000000000000000        0.0000000000000000     
