   86.000000000000000        3.4140459062368339E-003   8.1918172580505873E-005
   86.049999999999997        3.4371164379408421E-003   8.1059040617029838E-005
   86.099999999999994        3.5723984364020127E-003   8.9365062922099899E-005
   86.149999999999991        3.4165790553278403E-003   8.4548409819119847E-005
   86.199999999999989        3.6222491122817292E-003   8.6843940574534269E-005
   86.249999999999986        3.6218108880910795E-003   8.9530641022960006E-005
   86.299999999999983        3.6837673321722581E-003   9.7556840698929105E-005
   86.349999999999980        3.7167634787527277E-003   8.5585511165830639E-005
   86.399999999999977        3.9317617097831461E-003   9.0250090088602917E-005
   86.449999999999974        3.9069911928482229E-003   9.2219403563308563E-005
   86.499999999999972        3.8770984537666022E-003   8.7854629250435926E-005
   86.549999999999969        4.1599508435268013E-003   9.6071463575010107E-005
   86.599999999999966        4.1526731583371203E-003   9.4512302409900106E-005
   86.649999999999963        3.9982309491970978E-003   9.1578003482900772E-005
   86.699999999999960        4.1308064982337640E-003   9.5161698373983378E-005
   86.749999999999957        4.2320814684860012E-003   9.4538183449607076E-005
   86.799999999999955        4.3658095859617965E-003   9.2171509126146023E-005
   86.849999999999952        4.4274247725770120E-003   9.4764817859382584E-005
   86.899999999999949        4.4173964958530900E-003   9.5711350295649820E-005
   86.949999999999946        4.4202204597612784E-003   9.3962730570336180E-005
   86.999999999999943        4.8216596822611415E-003   1.0076921793406599E-004
   87.049999999999940        4.8527566796362246E-003   1.0276942596834823E-004
   87.099999999999937        4.7677840014454008E-003   9.7474550102038840E-005
   87.149999999999935        4.8548516374578741E-003   1.0041823247725808E-004
   87.199999999999932        4.9865815674671136E-003   1.0065407032112669E-004
   87.249999999999929        5.0889789647822516E-003   1.0412990752639425E-004
   87.299999999999926        5.1460120928880741E-003   1.0046721910732522E-004
   87.349999999999923        5.2975847729566173E-003   1.0199684325101696E-004
   87.399999999999920        5.3627055977364790E-003   1.0234117979826917E-004
   87.449999999999918        5.4554159602437802E-003   1.0728328164914785E-004
   87.499999999999915        5.8184640537436447E-003   1.0958647196528900E-004
   87.549999999999912        5.7252500831723226E-003   1.0858130489005995E-004
   87.599999999999909        5.7059542945281693E-003   1.0530417364539776E-004
   87.649999999999906        5.9371310110550839E-003   1.0861467371301302E-004
   87.699999999999903        6.1658909629941465E-003   1.1189426276583845E-004
   87.749999999999901        6.2901869160353133E-003   1.0995580771485207E-004
   87.799999999999898        6.4780101418566447E-003   1.1242678020646632E-004
   87.849999999999895        6.3505813405706855E-003   1.1451493823420668E-004
   87.899999999999892        6.7693305418064214E-003   1.1518566241903591E-004
   87.949999999999889        7.0644790253985811E-003   1.1993187343219169E-004
   87.999999999999886        7.0207869501023590E-003   1.1801483263896933E-004
   88.049999999999883        7.1387428631732577E-003   1.2038247382857116E-004
   88.099999999999881        7.2180534417158031E-003   1.2159054323825449E-004
   88.149999999999878        7.4620661680349053E-003   1.2390187172469876E-004
   88.199999999999875        7.5616049830971206E-003   1.2450220595538298E-004
   88.249999999999872        7.7565408429986276E-003   1.2459519610061662E-004
   88.299999999999869        8.0214626325901400E-003   1.2810992629904753E-004
   88.349999999999866        8.2087432958682736E-003   1.2873268353077557E-004
   88.399999999999864        8.4010524782136050E-003   1.2697449332325846E-004
   88.449999999999861        8.8478240335306841E-003   1.3225944882878671E-004
   88.499999999999858        8.8105507141467091E-003   1.3287182116629160E-004
   88.549999999999855        9.1221059842503064E-003   1.3444537385166037E-004
   88.599999999999852        9.2259547764485562E-003   1.4195531230244826E-004
   88.649999999999849        9.7282201469187125E-003   1.4179164650834539E-004
   88.699999999999847        9.8462811141076228E-003   1.3993083197330817E-004
   88.749999999999844        1.0046765619520974E-002   1.4021640875378137E-004
   88.799999999999841        9.9581141721780363E-003   1.3805656101899892E-004
   88.849999999999838        1.0590544634161642E-002   1.6313786493408431E-004
   88.899999999999835        1.1178230437929019E-002   1.5148109764128362E-004
   88.949999999999832        1.1417225233229961E-002   1.4591335198387703E-004
   88.999999999999829        1.1678341673539464E-002   1.5164183391908011E-004
   89.049999999999827        1.1866721738434279E-002   1.5273454834558001E-004
   89.099999999999824        1.2107626971468782E-002   1.5081905787147392E-004
   89.149999999999821        1.2570769229433532E-002   1.5542017888097318E-004
   89.199999999999818        1.3028727748619788E-002   1.5885780821306081E-004
   89.249999999999815        1.3425225782218411E-002   1.6544997395945697E-004
   89.299999999999812        1.3824356871222141E-002   1.5861521104105526E-004
   89.349999999999810        1.4227350411014658E-002   1.6559547292484665E-004
   89.399999999999807        1.4377549137048150E-002   1.6301623017425873E-004
   89.449999999999804        1.5308038579801200E-002   1.6902393838786990E-004
   89.499999999999801        1.5697482894952621E-002   1.7564755720241297E-004
   89.549999999999798        1.6098130232852458E-002   1.7654923337600870E-004
   89.599999999999795        1.6893470124386654E-002   1.8019941954992174E-004
   89.649999999999793        1.7520069033475680E-002   1.8384352991925406E-004
   89.699999999999790        1.7746988501782444E-002   1.8534299132818568E-004
   89.749999999999787        1.8685514111104178E-002   1.8767334968390278E-004
   89.799999999999784        1.8814046485343325E-002   1.8455121734793596E-004
   89.849999999999781        1.9485214884529783E-002   1.9039099989752450E-004
   89.899999999999778        2.0364620853286167E-002   1.9625205877935373E-004
   89.949999999999775        2.1167025351619979E-002   2.0143121043423933E-004
   89.999999999999773        2.1989375329457203E-002   2.0099485277504182E-004
   90.049999999999770        2.2498186631830012E-002   2.0661465117402121E-004
   90.099999999999767        2.3576148461736501E-002   2.0789821261753440E-004
   90.149999999999764        2.4335266258036895E-002   2.1461128630040482E-004
   90.199999999999761        2.4757593691303471E-002   2.1242352836080267E-004
   90.249999999999758        2.5896504704933057E-002   2.1684312347158017E-004
   90.299999999999756        2.6850926826439959E-002   2.2282142885616182E-004
   90.349999999999753        2.7453339393790258E-002   2.2121360212514808E-004
   90.399999999999750        2.8299718529277446E-002   2.2742996153477917E-004
   90.449999999999747        2.9083910516328165E-002   2.2911158969709153E-004
   90.499999999999744        2.9919634391365489E-002   2.3372605078603726E-004
   90.549999999999741        3.0792303616811470E-002   2.3785176496078221E-004
   90.599999999999739        3.1876194574278073E-002   2.4199582943138946E-004
   90.649999999999736        3.2141068918530809E-002   2.3853011843095323E-004
   90.699999999999733        3.2883852198702448E-002   2.4282633056836123E-004
   90.749999999999730        3.3522854328237053E-002   2.4480889857101117E-004
   90.799999999999727        3.4129132155507821E-002   2.4832946387012855E-004
   90.849999999999724        3.4788931340883483E-002   2.4973434468329725E-004
   90.899999999999721        3.5164119439599850E-002   2.5025731785029604E-004
   90.949999999999719        3.5733305109443482E-002   2.5091535037975141E-004
   90.999999999999716        3.5913445444178634E-002   2.5589644168135266E-004
   91.049999999999713        3.6271799677573720E-002   2.5306314510523521E-004
   91.099999999999710        3.5945797071943321E-002   2.5216175073055404E-004
   91.149999999999707        3.6202030852303071E-002   2.5674621939995965E-004
   91.199999999999704        3.5695404938826926E-002   2.5177542387507071E-004
   91.249999999999702        3.5646669895005367E-002   2.5468106912388536E-004
   91.299999999999699        3.4852719963286823E-002   2.4592631183095520E-004
   91.349999999999696        3.4914726418753414E-002   2.5074345556452002E-004
   91.399999999999693        3.4656120484690009E-002   2.4824900158659406E-004
   91.449999999999690        3.3790951920785947E-002   2.4808420029756925E-004
   91.499999999999687        3.3169145072485098E-002   2.4168704167766469E-004
   91.549999999999685        3.2744304461296544E-002   2.4035279055458923E-004
   91.599999999999682        3.1463137031947676E-002   2.3671011138336201E-004
   91.649999999999679        3.0816375376125641E-002   2.3373756126753177E-004
   91.699999999999676        2.9829072011080263E-002   2.2955145358068157E-004
   91.749999999999673        2.8448830652797814E-002   2.2121275814765580E-004
   91.799999999999670        2.7846467257309410E-002   2.1879553978666549E-004
   91.849999999999667        2.7265179057783823E-002   2.1722659460086794E-004
   91.899999999999665        2.6459811913509240E-002   2.1615348365763536E-004
   91.949999999999662        2.5571763501747294E-002   2.1148143197348624E-004
   91.999999999999659        2.4546934049722482E-002   2.0612137073275805E-004
   92.049999999999656        2.3628420618707558E-002   2.0291033489697351E-004
   92.099999999999653        2.2664448410639634E-002   2.0025841874942091E-004
   92.149999999999650        2.1754409751800242E-002   1.9751406706314950E-004
   92.199999999999648        2.1128954865895951E-002   1.9320869272316217E-004
   92.249999999999645        2.0063951532825853E-002   1.8751479675022486E-004
   92.299999999999642        1.9110719173737134E-002   1.8060284906612747E-004
   92.349999999999639        1.8700688939207614E-002   1.8173119321550338E-004
   92.399999999999636        1.7835281636018999E-002   1.7583094120093016E-004
   92.449999999999633        1.7081151703054302E-002   1.7392096251511361E-004
   92.499999999999631        1.6684058727752801E-002   1.6863069831541267E-004
   92.549999999999628        1.5673982045228553E-002   1.6400320554902750E-004
   92.599999999999625        1.5147821749339371E-002   1.5986571534517435E-004
   92.649999999999622        1.4775967686436842E-002   1.6275905779731159E-004
   92.699999999999619        1.4012444413773566E-002   1.5597059786702817E-004
   92.749999999999616        1.3616704497540537E-002   1.5422605193953843E-004
   92.799999999999613        1.3360582450554822E-002   1.5399185826024450E-004
   92.849999999999611        1.2727205875716449E-002   1.4971944631148000E-004
   92.899999999999608        1.2199697065245766E-002   1.4333262371817913E-004
   92.949999999999605        1.1801494062212781E-002   1.4394101169692720E-004
   92.999999999999602        1.1375129447902166E-002   1.4234240855433525E-004
   93.049999999999599        1.0988458099452385E-002   1.3850408044055530E-004
   93.099999999999596        1.0430978934304844E-002   1.3335553323921907E-004
   93.149999999999594        1.0245939375826537E-002   1.3496807375846436E-004
   93.199999999999591        9.7085396984495243E-003   1.2610970682183750E-004
   93.249999999999588        9.4987759155541040E-003   1.2760941558356552E-004
   93.299999999999585        9.1670613008830292E-003   1.2534770078343789E-004
   93.349999999999582        8.8214750204393191E-003   1.2659790772372227E-004
   93.399999999999579        8.5185626330043559E-003   1.2001112414370016E-004
   93.449999999999577        8.1168683800716974E-003   1.1405615686543933E-004
   93.499999999999574        7.9785860252436589E-003   1.1805952736436248E-004
   93.549999999999571        7.7617983535397828E-003   1.1491333587156781E-004
   93.599999999999568        7.4866660830466393E-003   1.1161541724977123E-004
   93.649999999999565        7.2548717929372362E-003   1.1187081520094837E-004
   93.699999999999562        6.9155585573737501E-003   1.0511136166952216E-004
   93.749999999999559        6.7218483187932894E-003   1.0481896314968796E-004
   93.799999999999557        6.8209256485492432E-003   1.0908161463163595E-004
   93.849999999999554        6.4944308794849630E-003   1.0245041827997577E-004
   93.899999999999551        6.2551026994829596E-003   1.0026663248840097E-004
   93.949999999999548        6.2053355360099432E-003   1.0073344430836176E-004
   93.999999999999545        5.8873114309308415E-003   1.0014444683238267E-004
   94.049999999999542        5.5764297730580220E-003   9.3038943565459164E-005
   94.099999999999540        5.5216337538503803E-003   9.4911382552298297E-005
   94.149999999999537        5.4760102824168849E-003   9.2137048499085718E-005
   94.199999999999534        5.1638589563293502E-003   9.2714591467118684E-005
   94.249999999999531        5.2047462223749098E-003   9.1482502532014173E-005
   94.299999999999528        4.8966268277683021E-003   8.7385615973015993E-005
   94.349999999999525        4.8823579294273861E-003   8.5893312764779190E-005
   94.399999999999523        4.7116448277167910E-003   8.5076775632918214E-005
   94.449999999999520        4.6059260145003764E-003   8.4468944735650921E-005
   94.499999999999517        4.4229056157258084E-003   8.4809731269891179E-005
   94.549999999999514        4.3595515512745960E-003   8.4721584370603899E-005
   94.599999999999511        4.2849715573156427E-003   8.1681130506623255E-005
   94.649999999999508        4.1574595608819421E-003   7.8684242558387405E-005
   94.699999999999505        4.0690064411624365E-003   8.0004479515372899E-005
   94.749999999999503        3.8651646742916363E-003   7.6613770924761765E-005
   94.799999999999500        3.7979540904249571E-003   7.6349290920620693E-005
   94.849999999999497        3.4613110646404639E-003   7.1208984639741080E-005
   94.899999999999494        3.7804813439778024E-003   7.6580862499731536E-005
   94.949999999999491        3.6865918848079130E-003   7.6091988128292162E-005
   94.999999999999488        3.4756178823225625E-003   7.2954039505659479E-005
   95.049999999999486        3.4034161826189758E-003   7.0004684709891652E-005
   95.099999999999483        3.3578763584421437E-003   7.2571949868085913E-005
   95.149999999999480        3.3094762400030443E-003   7.1338726957276846E-005
   95.199999999999477        3.0763371081679427E-003   6.6114531822282485E-005
   95.249999999999474        3.0561236654857212E-003   6.9337184307879035E-005
   95.299999999999471        3.0048970284951436E-003   6.6439236389881660E-005
   95.349999999999469        3.0491583454957472E-003   6.7183782192822107E-005
   95.399999999999466        2.9865418928682330E-003   6.6659325745876860E-005
   95.449999999999463        2.8664893072009737E-003   6.5982624590831156E-005
   95.499999999999460        2.8504476565501423E-003   6.4530207458235155E-005
   95.549999999999457        2.7225371524805192E-003   6.0168210646475588E-005
   95.599999999999454        2.8146889245941973E-003   6.4450065247558653E-005
   95.649999999999451        2.6466007210370693E-003   6.1802301663752140E-005
   95.699999999999449        2.6499882450839521E-003   6.6549621943665611E-005
   95.749999999999446        2.5057487221800227E-003   5.9939352670760322E-005
   95.799999999999443        2.5201962508063880E-003   6.3265176084442164E-005
   95.849999999999440        2.5114119715070340E-003   5.8775066547157161E-005
   95.899999999999437        2.3840470459003064E-003   5.8015079287987545E-005
   95.949999999999434        2.3162908214703535E-003   5.5472880779415419E-005
