   0.0000000000000000        153.25757971164543       0.11834801670664917     
   1.0000000000000000E-002   96.531786434913485       0.18003601568493513     
   1.9999999999999997E-002   107.33546730405159       0.30266259266182588     
   2.9999999999999999E-002   120.04150960707763       0.43725526686326127     
   4.0000000000000001E-002   113.22629577575682       0.45700932484333912     
   5.0000000000000003E-002   105.41457646580935       0.46770153901334000     
   6.0000000000000005E-002   97.969070829248466       0.47619725092507126     
   7.0000000000000007E-002   88.629152811701303       0.47918285854128323     
   8.0000000000000002E-002   74.155867031702854       0.48459134323131370     
   8.9999999999999997E-002   46.887168490140830       0.39468793209067193     
   9.9999999999999992E-002   24.021401280934221       0.28007109498352056     
  0.10999999999999999        12.499745556787163       0.18538282321097962     
  0.11999999999999998        7.3994172426460416       0.12779304582092238     
  0.12999999999999998        4.9564092084696298       0.10424307657910445     
  0.13999999999999999        3.2047877460729666        7.1727557540926246E-002
  0.14999999999999999        2.3491438820208237        5.5103361339048154E-002
  0.16000000000000000        1.8165246556317989        5.2363429498771367E-002
  0.17000000000000001        1.5166078737614239        4.8008482823894916E-002
  0.18000000000000002        1.1171712726029461        3.3326761083992781E-002
  0.19000000000000003       0.95866998913125256        3.4795774684118125E-002
  0.20000000000000004       0.84113767671987971        3.0993446163436838E-002
  0.21000000000000005       0.67431224860241767        2.5407146280944249E-002
  0.22000000000000006       0.59948896351900360        2.4991748825992453E-002
  0.23000000000000007       0.47381832892291309        2.0028807153266871E-002
  0.24000000000000005       0.42243229127390924        1.7641556160551103E-002
  0.25000000000000006       0.39422416408200350        2.1068434002353559E-002
  0.26000000000000006       0.34535165291886882        1.9862546088857059E-002
  0.27000000000000007       0.27453111939527697        1.2581658383601561E-002
  0.28000000000000008       0.24268016023680522        1.2398234975000049E-002
  0.29000000000000009       0.24930224097427903        1.8447507152356969E-002
  0.30000000000000010       0.22485194478394552        1.4774379580985856E-002
  0.31000000000000011       0.19380946783765338        1.5786582566318548E-002
  0.32000000000000012       0.15920591950314431        8.7812909323787530E-003
  0.33000000000000013       0.14439938612921435        9.3352601543572715E-003
  0.34000000000000014       0.12423899092182565        7.6034739689191692E-003
  0.35000000000000014       0.13358223520514526        1.0880454351414772E-002
  0.36000000000000015       0.11022310327786161        8.9288613738746046E-003
  0.37000000000000016       0.11128154524144629        1.2026845619413869E-002
  0.38000000000000017       0.10082264443957248        7.6256580481269074E-003
  0.39000000000000018        8.7363043924116715E-002   5.6908841609104059E-003
  0.40000000000000019        8.9637157983944726E-002   1.0635168389535760E-002
  0.41000000000000020        9.9544864114803275E-002   1.4507050488154618E-002
  0.42000000000000021        6.4472659965073939E-002   5.3938219388850548E-003
  0.43000000000000022        7.3397043037860807E-002   1.6561268489121133E-002
  0.44000000000000022        5.9151812589040606E-002   6.2235917843158238E-003
  0.45000000000000023        4.7964354327634837E-002   4.2202719411690232E-003
  0.46000000000000024        5.3858477017901189E-002   6.0598200589828573E-003
  0.47000000000000025        5.4433402252568978E-002   7.9847279706796361E-003
  0.48000000000000026        4.6543309826838325E-002   8.0590696889753614E-003
  0.49000000000000021        3.3243526150890809E-002   3.5147151315933897E-003
  0.50000000000000022        3.8519915147344312E-002   4.2260557849324318E-003
  0.51000000000000023        3.1826433220956532E-002   3.7551789150863362E-003
  0.52000000000000024        3.0145903285597690E-002   2.9368917902120482E-003
  0.53000000000000025        3.8666442279789492E-002   7.3925861053158442E-003
  0.54000000000000026        2.5675089205092715E-002   4.5076772708548003E-003
  0.55000000000000027        2.2573820438900008E-002   2.4524372852445979E-003
  0.56000000000000028        3.1676278288641758E-002   6.3037060313535093E-003
  0.57000000000000028        2.3845938941321084E-002   3.7305911095429703E-003
  0.58000000000000029        2.7650397353129821E-002   6.1278124054011951E-003
  0.59000000000000030        1.6328904797179047E-002   2.0750489175072741E-003
  0.60000000000000031        2.3914789142676772E-002   5.0091667955884161E-003
  0.61000000000000032        1.3011139455046009E-002   1.8217873550198083E-003
  0.62000000000000033        1.4966880554044928E-002   2.2298872698759812E-003
  0.63000000000000034        1.4368811726946424E-002   3.4239055852530501E-003
  0.64000000000000035        1.8277206445820815E-002   6.1296649256105369E-003
  0.65000000000000036        6.7323650422874979E-003   1.0969889279102141E-003
  0.66000000000000036        1.2450019029927735E-002   4.9808551182583989E-003
  0.67000000000000037        7.7969047234911059E-003   1.8248387859252824E-003
  0.68000000000000038        6.3870501108831456E-003   2.4118626145034189E-003
  0.69000000000000039        7.3394884988261149E-003   2.2533618339621820E-003
  0.70000000000000040        3.3653991160925434E-003   7.4486168165069410E-004
  0.71000000000000041        3.9125825220545623E-003   1.1307214581585774E-003
  0.72000000000000042        3.3750578964485524E-003   1.6263559683592803E-003
  0.73000000000000043        4.6640275161340312E-004   2.4080308857826361E-004
  0.74000000000000044        2.7509278622397907E-003   2.2204589921510738E-003
  0.75000000000000044        0.0000000000000000        0.0000000000000000     
  0.76000000000000045        0.0000000000000000        0.0000000000000000     
  0.77000000000000046        0.0000000000000000        0.0000000000000000     
  0.78000000000000047        0.0000000000000000        0.0000000000000000     
  0.79000000000000048        0.0000000000000000        0.0000000000000000     
  0.80000000000000049        0.0000000000000000        0.0000000000000000     
  0.81000000000000050        0.0000000000000000        0.0000000000000000     
  0.82000000000000051        0.0000000000000000        0.0000000000000000     
  0.83000000000000052        0.0000000000000000        0.0000000000000000     
  0.84000000000000052        0.0000000000000000        0.0000000000000000     
  0.85000000000000053        0.0000000000000000        0.0000000000000000     
  0.86000000000000054        0.0000000000000000        0.0000000000000000     
  0.87000000000000055        0.0000000000000000        0.0000000000000000     
  0.88000000000000056        0.0000000000000000        0.0000000000000000     
  0.89000000000000057        0.0000000000000000        0.0000000000000000     
  0.90000000000000058        0.0000000000000000        0.0000000000000000     
  0.91000000000000059        0.0000000000000000        0.0000000000000000     
  0.92000000000000060        0.0000000000000000        0.0000000000000000     
  0.93000000000000060        0.0000000000000000        0.0000000000000000     
  0.94000000000000061        0.0000000000000000        0.0000000000000000     
  0.95000000000000062        0.0000000000000000        0.0000000000000000     
  0.96000000000000063        0.0000000000000000        0.0000000000000000     
  0.97000000000000064        0.0000000000000000        0.0000000000000000     
  0.98000000000000065        0.0000000000000000        0.0000000000000000     
  0.99000000000000066        0.0000000000000000        0.0000000000000000     
   1.0000000000000007        0.0000000000000000        0.0000000000000000     
   1.0100000000000007        0.0000000000000000        0.0000000000000000     
   1.0200000000000007        0.0000000000000000        0.0000000000000000     
   1.0300000000000007        0.0000000000000000        0.0000000000000000     
   1.0400000000000007        0.0000000000000000        0.0000000000000000     
   1.0500000000000007        0.0000000000000000        0.0000000000000000     
   1.0600000000000007        0.0000000000000000        0.0000000000000000     
   1.0700000000000007        0.0000000000000000        0.0000000000000000     
   1.0800000000000007        0.0000000000000000        0.0000000000000000     
   1.0900000000000007        0.0000000000000000        0.0000000000000000     
   1.1000000000000008        0.0000000000000000        0.0000000000000000     
   1.1100000000000008        0.0000000000000000        0.0000000000000000     
   1.1200000000000008        0.0000000000000000        0.0000000000000000     
   1.1300000000000008        0.0000000000000000        0.0000000000000000     
   1.1400000000000008        0.0000000000000000        0.0000000000000000     
   1.1500000000000008        0.0000000000000000        0.0000000000000000     
   1.1600000000000008        0.0000000000000000        0.0000000000000000     
   1.1700000000000008        0.0000000000000000        0.0000000000000000     
   1.1800000000000008        0.0000000000000000        0.0000000000000000     
   1.1900000000000008        0.0000000000000000        0.0000000000000000     
   1.2000000000000008        0.0000000000000000        0.0000000000000000     
   1.2100000000000009        0.0000000000000000        0.0000000000000000     
   1.2200000000000009        0.0000000000000000        0.0000000000000000     
   1.2300000000000009        0.0000000000000000        0.0000000000000000     
   1.2400000000000009        0.0000000000000000        0.0000000000000000     
   1.2500000000000009        0.0000000000000000        0.0000000000000000     
   1.2600000000000009        0.0000000000000000        0.0000000000000000     
   1.2700000000000009        0.0000000000000000        0.0000000000000000     
   1.2800000000000009        0.0000000000000000        0.0000000000000000     
   1.2900000000000009        0.0000000000000000        0.0000000000000000     
   1.3000000000000009        0.0000000000000000        0.0000000000000000     
   1.3100000000000009        0.0000000000000000        0.0000000000000000     
   1.3200000000000010        0.0000000000000000        0.0000000000000000     
   1.3300000000000010        0.0000000000000000        0.0000000000000000     
   1.3400000000000010        0.0000000000000000        0.0000000000000000     
   1.3500000000000010        0.0000000000000000        0.0000000000000000     
   1.3600000000000010        0.0000000000000000        0.0000000000000000     
   1.3700000000000010        0.0000000000000000        0.0000000000000000     
   1.3800000000000010        0.0000000000000000        0.0000000000000000     
   1.3900000000000010        0.0000000000000000        0.0000000000000000     
   1.4000000000000010        0.0000000000000000        0.0000000000000000     
   1.4100000000000010        0.0000000000000000        0.0000000000000000     
   1.4200000000000010        0.0000000000000000        0.0000000000000000     
   1.4300000000000010        0.0000000000000000        0.0000000000000000     
   1.4400000000000011        0.0000000000000000        0.0000000000000000     
   1.4500000000000011        0.0000000000000000        0.0000000000000000     
   1.4600000000000011        0.0000000000000000        0.0000000000000000     
   1.4700000000000011        0.0000000000000000        0.0000000000000000     
   1.4800000000000011        0.0000000000000000        0.0000000000000000     
   1.4900000000000011        0.0000000000000000        0.0000000000000000     
   1.5000000000000011        0.0000000000000000        0.0000000000000000     
   1.5100000000000011        0.0000000000000000        0.0000000000000000     
   1.5200000000000011        0.0000000000000000        0.0000000000000000     
   1.5300000000000011        0.0000000000000000        0.0000000000000000     
   1.5400000000000011        0.0000000000000000        0.0000000000000000     
   1.5500000000000012        0.0000000000000000        0.0000000000000000     
   1.5600000000000012        0.0000000000000000        0.0000000000000000     
   1.5700000000000012        0.0000000000000000        0.0000000000000000     
   1.5800000000000012        0.0000000000000000        0.0000000000000000     
   1.5900000000000012        0.0000000000000000        0.0000000000000000     
   1.6000000000000012        0.0000000000000000        0.0000000000000000     
   1.6100000000000012        0.0000000000000000        0.0000000000000000     
   1.6200000000000012        0.0000000000000000        0.0000000000000000     
   1.6300000000000012        0.0000000000000000        0.0000000000000000     
   1.6400000000000012        0.0000000000000000        0.0000000000000000     
   1.6500000000000012        0.0000000000000000        0.0000000000000000     
   1.6600000000000013        0.0000000000000000        0.0000000000000000     
   1.6700000000000013        0.0000000000000000        0.0000000000000000     
   1.6800000000000013        0.0000000000000000        0.0000000000000000     
   1.6900000000000013        0.0000000000000000        0.0000000000000000     
   1.7000000000000013        0.0000000000000000        0.0000000000000000     
   1.7100000000000013        0.0000000000000000        0.0000000000000000     
   1.7200000000000013        0.0000000000000000        0.0000000000000000     
   1.7300000000000013        0.0000000000000000        0.0000000000000000     
   1.7400000000000013        0.0000000000000000        0.0000000000000000     
   1.7500000000000013        0.0000000000000000        0.0000000000000000     
   1.7600000000000013        0.0000000000000000        0.0000000000000000     
   1.7700000000000014        0.0000000000000000        0.0000000000000000     
   1.7800000000000014        0.0000000000000000        0.0000000000000000     
   1.7900000000000014        0.0000000000000000        0.0000000000000000     
   1.8000000000000014        0.0000000000000000        0.0000000000000000     
   1.8100000000000014        0.0000000000000000        0.0000000000000000     
   1.8200000000000014        0.0000000000000000        0.0000000000000000     
   1.8300000000000014        0.0000000000000000        0.0000000000000000     
   1.8400000000000014        0.0000000000000000        0.0000000000000000     
   1.8500000000000014        0.0000000000000000        0.0000000000000000     
   1.8600000000000014        0.0000000000000000        0.0000000000000000     
   1.8700000000000014        0.0000000000000000        0.0000000000000000     
   1.8800000000000014        0.0000000000000000        0.0000000000000000     
   1.8900000000000015        0.0000000000000000        0.0000000000000000     
   1.9000000000000015        0.0000000000000000        0.0000000000000000     
   1.9100000000000015        0.0000000000000000        0.0000000000000000     
   1.9200000000000015        0.0000000000000000        0.0000000000000000     
   1.9300000000000015        0.0000000000000000        0.0000000000000000     
   1.9400000000000015        0.0000000000000000        0.0000000000000000     
   1.9500000000000015        0.0000000000000000        0.0000000000000000     
   1.9600000000000015        0.0000000000000000        0.0000000000000000     
   1.9700000000000015        0.0000000000000000        0.0000000000000000     
   1.9800000000000015        0.0000000000000000        0.0000000000000000     
   1.9900000000000013        0.0000000000000000        0.0000000000000000     
