  -2.0000000000000000        0.0000000000000000        0.0000000000000000     
  -1.9800000000000000        0.0000000000000000        0.0000000000000000     
  -1.9600000000000000        0.0000000000000000        0.0000000000000000     
  -1.9399999999999999        0.0000000000000000        0.0000000000000000     
  -1.9199999999999999        0.0000000000000000        0.0000000000000000     
  -1.8999999999999999        0.0000000000000000        0.0000000000000000     
  -1.8799999999999999        0.0000000000000000        0.0000000000000000     
  -1.8599999999999999        0.0000000000000000        0.0000000000000000     
  -1.8399999999999999        0.0000000000000000        0.0000000000000000     
  -1.8199999999999998        0.0000000000000000        0.0000000000000000     
  -1.7999999999999998        0.0000000000000000        0.0000000000000000     
  -1.7799999999999998        0.0000000000000000        0.0000000000000000     
  -1.7599999999999998        0.0000000000000000        0.0000000000000000     
  -1.7399999999999998        0.0000000000000000        0.0000000000000000     
  -1.7199999999999998        0.0000000000000000        0.0000000000000000     
  -1.6999999999999997        0.0000000000000000        0.0000000000000000     
  -1.6799999999999997        0.0000000000000000        0.0000000000000000     
  -1.6599999999999997        0.0000000000000000        0.0000000000000000     
  -1.6399999999999997        0.0000000000000000        0.0000000000000000     
  -1.6199999999999997        0.0000000000000000        0.0000000000000000     
  -1.5999999999999996        0.0000000000000000        0.0000000000000000     
  -1.5799999999999996        0.0000000000000000        0.0000000000000000     
  -1.5599999999999996        0.0000000000000000        0.0000000000000000     
  -1.5399999999999996        0.0000000000000000        0.0000000000000000     
  -1.5199999999999996        0.0000000000000000        0.0000000000000000     
  -1.4999999999999996        0.0000000000000000        0.0000000000000000     
  -1.4799999999999995        0.0000000000000000        0.0000000000000000     
  -1.4599999999999995        0.0000000000000000        0.0000000000000000     
  -1.4399999999999995        0.0000000000000000        0.0000000000000000     
  -1.4199999999999995        0.0000000000000000        0.0000000000000000     
  -1.3999999999999995        0.0000000000000000        0.0000000000000000     
  -1.3799999999999994        0.0000000000000000        0.0000000000000000     
  -1.3599999999999994        0.0000000000000000        0.0000000000000000     
  -1.3399999999999994        0.0000000000000000        0.0000000000000000     
  -1.3199999999999994        0.0000000000000000        0.0000000000000000     
  -1.2999999999999994        0.0000000000000000        0.0000000000000000     
  -1.2799999999999994        0.0000000000000000        0.0000000000000000     
  -1.2599999999999993        9.4967490314130199E-005   3.9882684413775664E-006
  -1.2399999999999993        7.8600974347299481E-004   1.2477462590450813E-005
  -1.2199999999999993        1.6813787565636185E-003   1.8557080924205859E-005
  -1.1999999999999993        2.5961138312634389E-003   2.3407834474803901E-005
  -1.1799999999999993        3.4107914704923910E-003   2.6985188471538825E-005
  -1.1599999999999993        3.9265384202382403E-003   2.9104507236546837E-005
  -1.1399999999999992        4.4432667367280253E-003   3.1044960130997991E-005
  -1.1199999999999992        4.8000795777487937E-003   3.2167630148880131E-005
  -1.0999999999999992        5.0302324789992994E-003   3.2885583468204959E-005
  -1.0799999999999992        5.2857010579640418E-003   3.3635928516751231E-005
  -1.0599999999999992        5.5060936360233972E-003   3.4193372327079076E-005
  -1.0399999999999991        5.7400256028193467E-003   3.4875100751295199E-005
  -1.0199999999999991        5.9332092236597791E-003   3.5347134040388556E-005
 -0.99999999999999911        6.2037023909568773E-003   3.6174558006978565E-005
 -0.97999999999999909        6.3201478937500097E-003   3.6324536701836917E-005
 -0.95999999999999908        6.5313195206352804E-003   3.6851118225157417E-005
 -0.93999999999999906        6.7562562332052125E-003   3.7550459443338163E-005
 -0.91999999999999904        6.9312602954175757E-003   3.7936974487827452E-005
 -0.89999999999999902        7.0782693632955029E-003   3.8289437659900012E-005
 -0.87999999999999901        7.2415043477651771E-003   3.8671177795299848E-005
 -0.85999999999999899        7.5001525316300737E-003   3.9340645945193004E-005
 -0.83999999999999897        7.6797993408073174E-003   3.9745836660269962E-005
 -0.81999999999999895        7.7227260949893715E-003   3.9789955554407032E-005
 -0.79999999999999893        7.8500919194928655E-003   4.0054922474853862E-005
 -0.77999999999999892        8.0020457911318937E-003   4.0410620044938761E-005
 -0.75999999999999890        8.1686909937383808E-003   4.0805414167770920E-005
 -0.73999999999999888        8.3216953949901973E-003   4.1150127361470678E-005
 -0.71999999999999886        8.5193448190555680E-003   4.1612239710505522E-005
 -0.69999999999999885        8.6046957882098124E-003   4.1858700833408219E-005
 -0.67999999999999883        8.8252768094818461E-003   4.2366321544703285E-005
 -0.65999999999999881        8.8474450787184179E-003   4.2313152058687344E-005
 -0.63999999999999879        9.1018936499418224E-003   4.2947080755653501E-005
 -0.61999999999999877        9.1117502855684734E-003   4.2951014806530001E-005
 -0.59999999999999876        9.2395074264095944E-003   4.3192967402675331E-005
 -0.57999999999999874        9.3090544342821976E-003   4.3400574749741830E-005
 -0.55999999999999872        9.3613978114975814E-003   4.3471924312585500E-005
 -0.53999999999999870        9.4251464012472252E-003   4.3611170601079521E-005
 -0.51999999999999869        9.6129865122881741E-003   4.4088411921699952E-005
 -0.49999999999999867        9.6096628909179190E-003   4.4028734063039276E-005
 -0.47999999999999865        9.7223720308154942E-003   4.4208718676810609E-005
 -0.45999999999999863        9.8010360599466283E-003   4.4439238642741547E-005
 -0.43999999999999861        9.8424441874667267E-003   4.4450687500062884E-005
 -0.41999999999999860        9.9280085600301667E-003   4.4674055298628503E-005
 -0.39999999999999858        1.0005804514819701E-002   4.4914963357599372E-005
 -0.37999999999999856        1.0016093154982395E-002   4.4960245498160263E-005
 -0.35999999999999854        1.0016846633019381E-002   4.4806206919487334E-005
 -0.33999999999999853        1.0133185655955005E-002   4.5215027845917155E-005
 -0.31999999999999851        1.0100227572613713E-002   4.4960357799936187E-005
 -0.29999999999999849        1.0133359576958861E-002   4.4981405243120699E-005
 -0.27999999999999847        1.0156182121016792E-002   4.5197035373176401E-005
 -0.25999999999999845        1.0248655495050848E-002   4.5304819704835000E-005
 -0.23999999999999846        1.0265086190193418E-002   4.5359151273837556E-005
 -0.21999999999999847        1.0183832075629970E-002   4.5082250996785577E-005
 -0.19999999999999848        1.0189432808680850E-002   4.5135537474963726E-005
 -0.17999999999999849        1.0190415107965121E-002   4.5074093598667061E-005
 -0.15999999999999850        1.0181214100933396E-002   4.5121688619264445E-005
 -0.13999999999999851        1.0221575954201570E-002   4.5125379469756418E-005
 -0.11999999999999851        1.0204763015090740E-002   4.5054481368377253E-005
  -9.9999999999998507E-002   1.0224634918484181E-002   4.5105412529103857E-005
  -7.9999999999998503E-002   1.0208798841428156E-002   4.4974344955142962E-005
  -5.9999999999998499E-002   1.0146650341803910E-002   4.4863503502725686E-005
  -3.9999999999998495E-002   1.0237245317846026E-002   4.5057604263844486E-005
  -1.9999999999998495E-002   1.0265732093392385E-002   4.5175412219709695E-005
   1.5057399771478686E-015   1.0167633654239561E-002   4.4946623227711869E-005
   2.0000000000001506E-002   1.0063984249143381E-002   4.4677773702337711E-005
   4.0000000000001507E-002   1.0129017335080681E-002   4.4848185343848892E-005
   6.0000000000001510E-002   1.0137483972134981E-002   4.4824144476350855E-005
   8.0000000000001514E-002   1.0133796842373137E-002   4.4881697255498848E-005
  0.10000000000000152        1.0126944191573600E-002   4.4862122782253459E-005
  0.12000000000000151        1.0122221445964492E-002   4.4726693600992964E-005
  0.14000000000000151        1.0061381129649891E-002   4.4584828725133140E-005
  0.16000000000000150        1.0112822005552920E-002   4.4740122450281247E-005
  0.18000000000000149        1.0075106451790954E-002   4.4655596839858452E-005
  0.20000000000000148        1.0061117238172787E-002   4.4725968084453072E-005
  0.22000000000000147        9.9641739673894513E-003   4.4454075955002336E-005
  0.24000000000000146        1.0026605528841310E-002   4.4612641780984082E-005
  0.26000000000000145        1.0053215857992369E-002   4.4737262700874009E-005
  0.28000000000000147        9.9063451907911854E-003   4.4352331100461533E-005
  0.30000000000000149        9.9166209806825448E-003   4.4526450620390381E-005
  0.32000000000000151        9.8604139312193102E-003   4.4346658308629470E-005
  0.34000000000000152        9.7346052063268275E-003   4.3959170551757799E-005
  0.36000000000000154        9.6881651576827977E-003   4.3867694319321477E-005
  0.38000000000000156        9.6075141375641174E-003   4.3752278463749757E-005
  0.40000000000000158        9.6687169064528840E-003   4.3966809294113582E-005
  0.42000000000000159        9.6305568229591507E-003   4.3880913102478529E-005
  0.44000000000000161        9.5166191906925785E-003   4.3649353310497295E-005
  0.46000000000000163        9.3816808868083870E-003   4.3231091528545614E-005
  0.48000000000000165        9.2783606823649625E-003   4.2948695991019913E-005
  0.50000000000000167        9.2656668452110198E-003   4.2907517868139276E-005
  0.52000000000000168        9.1473790667045973E-003   4.2678943256747280E-005
  0.54000000000000170        9.0498534881224522E-003   4.2484343126656430E-005
  0.56000000000000172        8.9447391335831464E-003   4.2262010641786995E-005
  0.58000000000000174        8.8016805956568078E-003   4.1838862025435979E-005
  0.60000000000000175        8.6917428892117274E-003   4.1605960393646553E-005
  0.62000000000000177        8.5614859552137056E-003   4.1375128545860076E-005
  0.64000000000000179        8.3752582024616880E-003   4.0777032238259242E-005
  0.66000000000000181        8.3035880876851619E-003   4.0614650879693893E-005
  0.68000000000000183        8.1888113095446302E-003   4.0509661197526460E-005
  0.70000000000000184        8.0493609070659937E-003   3.9986480743135425E-005
  0.72000000000000186        7.8608708935546806E-003   3.9420154233519428E-005
  0.74000000000000188        7.7329917324730274E-003   3.9158146980197497E-005
  0.76000000000000190        7.5779957131719092E-003   3.8702700513949416E-005
  0.78000000000000191        7.3992415407506795E-003   3.8211140610914938E-005
  0.80000000000000193        7.2600483182201610E-003   3.7869610823770314E-005
  0.82000000000000195        6.9778039329168595E-003   3.6956413719764654E-005
  0.84000000000000197        6.8208472741386143E-003   3.6607058020155985E-005
  0.86000000000000199        6.6883252691207398E-003   3.6138080089592922E-005
  0.88000000000000200        6.4340491508978288E-003   3.5280960605881888E-005
  0.90000000000000202        6.2944708389979795E-003   3.4952934040946049E-005
  0.92000000000000204        6.0580931575510439E-003   3.4115707413662663E-005
  0.94000000000000206        5.8804917373385260E-003   3.3637242918442641E-005
  0.96000000000000207        5.6874827476946785E-003   3.3035716635395711E-005
  0.98000000000000198        5.4650474577110052E-003   3.2234746839753991E-005
   1.0000000000000020        5.2624993818031398E-003   3.1607697293349740E-005
   1.0200000000000020        4.9900031246218144E-003   3.0654912573678308E-005
   1.0400000000000020        4.7814792591712625E-003   2.9909896145576350E-005
   1.0600000000000021        4.5461596420626905E-003   2.9161831150292604E-005
   1.0800000000000021        4.2466706165239232E-003   2.8000814272969211E-005
   1.1000000000000021        3.9943189835751547E-003   2.7111055526103211E-005
   1.1200000000000021        3.6398673923095999E-003   2.5792974805323619E-005
   1.1400000000000021        3.2700941311468194E-003   2.4207034880840804E-005
   1.1600000000000021        2.7709783062425989E-003   2.2111095823574575E-005
   1.1800000000000022        2.0514108346108683E-003   1.8742707034899724E-005
   1.2000000000000022        1.3464996337458745E-003   1.4976401706210602E-005
   1.2200000000000022        6.1122398040313209E-004   9.8611424437094962E-006
   1.2400000000000022        6.3612043142272320E-005   2.7727331447105684E-006
   1.2600000000000022        0.0000000000000000        0.0000000000000000     
   1.2800000000000022        0.0000000000000000        0.0000000000000000     
   1.3000000000000023        0.0000000000000000        0.0000000000000000     
   1.3200000000000023        0.0000000000000000        0.0000000000000000     
   1.3400000000000023        0.0000000000000000        0.0000000000000000     
   1.3600000000000023        0.0000000000000000        0.0000000000000000     
   1.3800000000000023        0.0000000000000000        0.0000000000000000     
   1.4000000000000024        0.0000000000000000        0.0000000000000000     
   1.4200000000000024        0.0000000000000000        0.0000000000000000     
   1.4400000000000024        0.0000000000000000        0.0000000000000000     
   1.4600000000000024        0.0000000000000000        0.0000000000000000     
   1.4800000000000024        0.0000000000000000        0.0000000000000000     
   1.5000000000000024        0.0000000000000000        0.0000000000000000     
   1.5200000000000025        0.0000000000000000        0.0000000000000000     
   1.5400000000000025        0.0000000000000000        0.0000000000000000     
   1.5600000000000025        0.0000000000000000        0.0000000000000000     
   1.5800000000000025        0.0000000000000000        0.0000000000000000     
   1.6000000000000025        0.0000000000000000        0.0000000000000000     
   1.6200000000000025        0.0000000000000000        0.0000000000000000     
   1.6400000000000026        0.0000000000000000        0.0000000000000000     
   1.6600000000000026        0.0000000000000000        0.0000000000000000     
   1.6800000000000026        0.0000000000000000        0.0000000000000000     
   1.7000000000000026        0.0000000000000000        0.0000000000000000     
   1.7200000000000026        0.0000000000000000        0.0000000000000000     
   1.7400000000000027        0.0000000000000000        0.0000000000000000     
   1.7600000000000027        0.0000000000000000        0.0000000000000000     
   1.7800000000000027        0.0000000000000000        0.0000000000000000     
   1.8000000000000027        0.0000000000000000        0.0000000000000000     
   1.8200000000000027        0.0000000000000000        0.0000000000000000     
   1.8400000000000027        0.0000000000000000        0.0000000000000000     
   1.8600000000000028        0.0000000000000000        0.0000000000000000     
   1.8800000000000028        0.0000000000000000        0.0000000000000000     
   1.9000000000000028        0.0000000000000000        0.0000000000000000     
   1.9200000000000028        0.0000000000000000        0.0000000000000000     
   1.9400000000000028        0.0000000000000000        0.0000000000000000     
   1.9600000000000029        0.0000000000000000        0.0000000000000000     
   1.9800000000000026        0.0000000000000000        0.0000000000000000     
