 -0.50000000000000000        1.9367179824428753E-002   3.1039400707858203E-003
 -0.49500000000000000        2.6746432649514078E-002   5.1356640119522724E-003
 -0.48999999999999999        2.6219402793565740E-002   5.5355860687594793E-003
 -0.48499999999999999        2.0138445778237125E-002   3.2201470409628321E-003
 -0.47999999999999998        2.0834756841599137E-002   2.8461032578011177E-003
 -0.47499999999999998        2.7890828816079863E-002   6.3106057058051248E-003
 -0.46999999999999997        2.4547695382093483E-002   3.6824065361737044E-003
 -0.46499999999999997        2.8426979369323573E-002   5.5598037514845485E-003
 -0.45999999999999996        3.5551149620771036E-002   9.1080423467892416E-003
 -0.45499999999999996        2.6518664503924868E-002   3.8130446809186255E-003
 -0.44999999999999996        3.9459456775628121E-002   8.5859312626464131E-003
 -0.44499999999999995        3.4300555263045061E-002   6.7272391134385583E-003
 -0.43999999999999995        3.5799777395915437E-002   6.6351367815541346E-003
 -0.43499999999999994        3.1927404674716019E-002   6.6233375720236637E-003
 -0.42999999999999994        3.7925043793822465E-002   6.8961915507078806E-003
 -0.42499999999999993        5.9619337785991766E-002   1.9912650106284589E-002
 -0.41999999999999993        4.0416018437692922E-002   6.6458281709891771E-003
 -0.41499999999999992        4.2606804933079993E-002   6.7265153497795098E-003
 -0.40999999999999992        5.4506811411379870E-002   8.9952050262969568E-003
 -0.40499999999999992        4.3194407885402818E-002   5.6189102851770404E-003
 -0.39999999999999991        4.0687829225408999E-002   5.2579783179743317E-003
 -0.39499999999999991        4.6401313697238281E-002   5.0683498496125008E-003
 -0.38999999999999990        4.5396805450649821E-002   5.1006875066721465E-003
 -0.38499999999999990        5.5173567798886991E-002   9.4160216521988315E-003
 -0.37999999999999989        6.0889406517176663E-002   9.0519010698850572E-003
 -0.37499999999999989        6.7022227131968981E-002   1.2540614210225723E-002
 -0.36999999999999988        5.8482010226890820E-002   6.2370636057986041E-003
 -0.36499999999999988        6.5160285392722769E-002   6.7696860476831105E-003
 -0.35999999999999988        6.8983825244295180E-002   7.6312323473517038E-003
 -0.35499999999999987        6.2739082613728722E-002   6.6409612487672524E-003
 -0.34999999999999987       0.13183803548397391        5.0393678762772648E-002
 -0.34499999999999986        9.1049735650515329E-002   1.3100424334371806E-002
 -0.33999999999999986        8.9899169916266619E-002   9.9977799480718086E-003
 -0.33499999999999985        8.5455434628299187E-002   1.0746966413763168E-002
 -0.32999999999999985       0.10441846863275535        1.3254770042708393E-002
 -0.32499999999999984        9.8777356406344677E-002   1.2500820188012768E-002
 -0.31999999999999984       0.10522350591641366        1.4258381498552278E-002
 -0.31499999999999984       0.10686193089649122        9.5234143983295022E-003
 -0.30999999999999983       0.11613302045862466        1.1467564040724482E-002
 -0.30499999999999983       0.12348681294839260        1.2768934329508524E-002
 -0.29999999999999982       0.13680849324017777        3.3786841679808735E-002
 -0.29499999999999982       0.12858934633890212        1.2477126330485961E-002
 -0.28999999999999981       0.13614075165412190        1.9847805526144811E-002
 -0.28499999999999981       0.14739358492128024        1.1408241809750407E-002
 -0.27999999999999980       0.19145237037734100        1.8926993061125625E-002
 -0.27499999999999980       0.15980491126346383        1.2792892933003414E-002
 -0.26999999999999980       0.15632400834899976        1.5081027770971995E-002
 -0.26499999999999979       0.18648535340018454        1.6222379019762142E-002
 -0.25999999999999979       0.20262529428847217        1.5568641371406391E-002
 -0.25499999999999978       0.18281702034603489        1.3869653755359902E-002
 -0.24999999999999978       0.22452445913672672        1.8183180990674452E-002
 -0.24499999999999977       0.25814170478509296        1.8956292289292929E-002
 -0.23999999999999977       0.24269118949757501        1.5807997000438355E-002
 -0.23499999999999976       0.28547183145008592        2.3772773679294826E-002
 -0.22999999999999976       0.34234217583962168        2.7180716663803079E-002
 -0.22499999999999976       0.37010410691660950        3.5925658928103024E-002
 -0.21999999999999975       0.35780630979220912        3.1450731833277491E-002
 -0.21499999999999975       0.39172849612229443        3.0938463344762673E-002
 -0.20999999999999974       0.37752669533771460        2.6039504666306452E-002
 -0.20499999999999974       0.44563342025412650        2.4517024820907826E-002
 -0.19999999999999973       0.44751244140436192        2.8672587206552802E-002
 -0.19499999999999973       0.54927647989650807        3.2004142526826242E-002
 -0.18999999999999972       0.56110810039987857        2.9464990175118680E-002
 -0.18499999999999972       0.73909620557414246        5.3470797017318404E-002
 -0.17999999999999972       0.70088143013877335        4.5153028751404783E-002
 -0.17499999999999971       0.91199474876886877       0.14931506640426068     
 -0.16999999999999971       0.90029831980768160        7.2357268957893683E-002
 -0.16499999999999970       0.98045558466938088        7.3169523972908504E-002
 -0.15999999999999970        1.0797887162330098        7.4755055107423377E-002
 -0.15499999999999969        1.2725946597977822        6.3343975414729345E-002
 -0.14999999999999969        1.5498854228763170        8.4848869775778726E-002
 -0.14499999999999968        1.5959494261414755        6.8884697938927306E-002
 -0.13999999999999968        1.8728960339344587        9.9299160142028345E-002
 -0.13499999999999968        2.2204494115426856       0.10172641429833146     
 -0.12999999999999967        2.5242150621216357       0.10503248721320180     
 -0.12499999999999967        2.9157041366304419       0.13042913615269969     
 -0.11999999999999966        3.4962325222278134       0.14452494912451347     
 -0.11499999999999966        4.0670345420883098       0.14333713223822517     
 -0.10999999999999965        4.7915791063122510       0.17041272264882115     
 -0.10499999999999965        5.5813035907854580       0.17459781223177984     
  -9.9999999999999645E-002   6.5342533017888034       0.19179709191312877     
  -9.4999999999999640E-002   7.3868674560382086       0.18918393464377101     
  -8.9999999999999636E-002   9.3192622629607058       0.23522272511161640     
  -8.4999999999999631E-002   11.693154206704341       0.26712718711056838     
  -7.9999999999999627E-002   14.834470086216623       0.33033791628209808     
  -7.4999999999999623E-002   19.128093551446117       0.36524481215203647     
  -6.9999999999999618E-002   26.715118252395932       0.54984060095350373     
  -6.4999999999999614E-002   35.841213850684689       0.55172159792332176     
  -5.9999999999999616E-002   51.758702434159211       0.69033813793456056     
  -5.4999999999999619E-002   76.728370169737218       0.89864421365169100     
  -4.9999999999999621E-002   113.02557290186066        1.0811691120172460     
  -4.4999999999999624E-002   156.79714206421241        1.2505758163999428     
  -3.9999999999999626E-002   187.12734713740568        1.2881719516550350     
  -3.4999999999999629E-002   197.19054679823037        1.1632957602761478     
  -2.9999999999999628E-002   191.20039869571252        1.0215220469358843     
  -2.4999999999999627E-002   187.62443329608513       0.93093062433361096     
  -1.9999999999999626E-002   184.28350685557464       0.79170910133088601     
  -1.4999999999999625E-002   190.21471518071112       0.68724832041371497     
  -9.9999999999996238E-003   218.19975131429317       0.64145706525050850     
  -4.9999999999996237E-003   389.79043371554184       0.59960325156323369     
   3.7643499428696714E-016   389.63503255178176       0.61709714890171963     
   5.0000000000003765E-003   216.38845907682503       0.61323608150038433     
   1.0000000000000377E-002   190.34962951457823       0.70004865605165323     
   1.5000000000000378E-002   182.63237949254972       0.78622721001228546     
   2.0000000000000379E-002   186.78423928398388       0.92225584460301369     
   2.5000000000000380E-002   192.91044068742656        1.0698105642626865     
   3.0000000000000377E-002   196.26136707892198        1.1758714604945693     
   3.5000000000000378E-002   187.25799876893163        1.2426559603662146     
   4.0000000000000376E-002   158.10856164329451        1.2290872140755649     
   4.5000000000000373E-002   112.33142574038000        1.0736789158021720     
   5.0000000000000371E-002   76.998671812845714       0.85118676099857837     
   5.5000000000000368E-002   51.182268752794613       0.66180982402692590     
   6.0000000000000366E-002   35.533197814320630       0.53858498522254949     
   6.5000000000000363E-002   26.649259185441448       0.47676670658429843     
   7.0000000000000367E-002   19.977993810221701       0.38775530229042887     
   7.5000000000000372E-002   15.896260564618498       0.35346705053347727     
   8.0000000000000376E-002   12.604675973657924       0.31274969886895154     
   8.5000000000000381E-002   9.3356383357710744       0.22380256349687974     
   9.0000000000000385E-002   7.8134499347641624       0.21511532192742799     
   9.5000000000000390E-002   6.6517995450408582       0.21284418201999891     
  0.10000000000000039        5.1050416102446547       0.15256867812798527     
  0.10500000000000040        4.6848660132519901       0.15613594099473030     
  0.11000000000000040        3.8614478397813263       0.18167278110480503     
  0.11500000000000041        3.6073748377802692       0.15577766626780554     
  0.12000000000000041        2.7382625348084120       0.10071457310960211     
  0.12500000000000042        2.5755361013282845       0.10934003473754578     
  0.13000000000000042        2.2234504556693664       0.11309054120383837     
  0.13500000000000043        2.2068631126203062       0.30217275720155279     
  0.14000000000000043        1.7705281423197721       0.11557219462858621     
  0.14500000000000043        1.3779153887707059        8.0003540945325552E-002
  0.15000000000000044        1.2489515272715408        6.7804853335513213E-002
  0.15500000000000044        1.0797486634742781        5.5672368112464538E-002
  0.16000000000000045        1.0158155935851172        7.6856015374523648E-002
  0.16500000000000045       0.88153412451071611        4.7034628106670542E-002
  0.17000000000000046       0.68564163734647365        3.8295403339300371E-002
  0.17500000000000046       0.79768839680576109        9.1438929004615990E-002
  0.18000000000000047       0.64075440997492494        3.4068163968577897E-002
  0.18500000000000047       0.57092926640188502        3.0595325743735705E-002
  0.19000000000000047       0.46415455590483706        2.1996977930235813E-002
  0.19500000000000048       0.50416957972578080        2.8128188995966859E-002
  0.20000000000000048       0.47448136965476445        5.3102274061433301E-002
  0.20500000000000049       0.45152374665898848        3.7565847365017023E-002
  0.21000000000000049       0.33807098041042677        1.7768525948593641E-002
  0.21500000000000050       0.33136594865485869        2.6817201662470022E-002
  0.22000000000000050       0.33309432764260971        2.1047036350447218E-002
  0.22500000000000051       0.30907471329546765        2.3362488891654931E-002
  0.23000000000000051       0.26194230405913188        1.7375691241402660E-002
  0.23500000000000051       0.24147265382897698        2.8718278597313702E-002
  0.24000000000000052       0.24236086192430886        1.6780617052386159E-002
  0.24500000000000050       0.23890651328866866        1.8566332785319807E-002
  0.25000000000000050       0.19867049389681127        1.3844174427540641E-002
  0.25500000000000050       0.20893283059397186        1.7806011922474278E-002
  0.26000000000000051       0.16154257293131058        9.4983425103367970E-003
  0.26500000000000051       0.20012986735659877        2.8430812683075748E-002
  0.27000000000000052       0.17291234757417784        1.6820573472183173E-002
  0.27500000000000052       0.16172671439506245        2.2957801193763214E-002
  0.28000000000000053       0.14664401702086138        1.2228879246683855E-002
  0.28500000000000053       0.14397176256816185        1.1842973987511884E-002
  0.29000000000000054       0.14169241784280559        1.6201940704221148E-002
  0.29500000000000054       0.11111567519857600        1.0127667220968226E-002
  0.30000000000000054       0.10898500936461963        8.6764582790215886E-003
  0.30500000000000055       0.10270094574555295        9.1508723749392420E-003
  0.31000000000000055        9.1091247873463010E-002   6.5056204798043466E-003
  0.31500000000000056        9.2623959664764999E-002   9.4016020014508119E-003
  0.32000000000000056        8.7811834511062573E-002   1.4203985229923959E-002
  0.32500000000000057        8.5604159149284570E-002   8.9169929797939182E-003
  0.33000000000000057        7.8080620428204447E-002   7.3147562175661755E-003
  0.33500000000000058       0.10594460901928110        2.3802971592325698E-002
  0.34000000000000058        7.2380072701115905E-002   9.6164279135546229E-003
  0.34500000000000058        6.8449136959492174E-002   8.1617059252138448E-003
  0.35000000000000059        5.3637506929261447E-002   4.5101683787522979E-003
  0.35500000000000059        5.1962504475486476E-002   4.4949655677888282E-003
  0.36000000000000060        7.1928302411783815E-002   1.1764784603167258E-002
  0.36500000000000060        7.5010133574828566E-002   1.1580387829082330E-002
  0.37000000000000061        5.3776674346546635E-002   6.4454192156701926E-003
  0.37500000000000061        6.3436522292080050E-002   9.4470920906817336E-003
  0.38000000000000062        5.2759094285727171E-002   7.5104879444704590E-003
  0.38500000000000062        4.3501646138669650E-002   6.1901852145052469E-003
  0.39000000000000062        5.6654799290616002E-002   1.0752904186852208E-002
  0.39500000000000063        3.8349625593914805E-002   4.4800212184987502E-003
  0.40000000000000063       0.16895837853137297       0.12964599566768736     
  0.40500000000000064        5.1196682190061897E-002   7.5368084529311178E-003
  0.41000000000000064        4.7866063044482550E-002   6.7786361336537298E-003
  0.41500000000000065        4.5502213477282505E-002   7.1562005758963338E-003
  0.42000000000000065        4.2809639983845224E-002   7.2321204066927340E-003
  0.42500000000000066        2.9811592644681119E-002   3.4716831633337802E-003
  0.43000000000000066        3.3907755841407761E-002   7.6907829768848848E-003
  0.43500000000000066        4.4206122549045733E-002   1.1153475417823995E-002
  0.44000000000000067        2.5068466619653403E-002   3.1305220242848412E-003
  0.44500000000000067        4.4995040869205742E-002   8.4151891605252702E-003
  0.45000000000000068        3.4198769985592806E-002   5.0048401510954669E-003
  0.45500000000000068        2.1204739269575043E-002   2.1838862252485081E-003
  0.46000000000000069        2.8858409306188972E-002   9.2025011910863291E-003
  0.46500000000000069        3.2640813623527401E-002   6.4633956297673401E-003
  0.47000000000000069        4.0221418962074297E-002   1.0155785733538595E-002
  0.47500000000000070        2.0034703697698927E-002   3.1579434482708183E-003
  0.48000000000000070        2.2091970608198536E-002   3.2017195492146980E-003
  0.48500000000000071        2.1964211969360423E-002   3.5709757805426237E-003
  0.49000000000000071        2.6578545859672023E-002   5.3293549845931662E-003
  0.49500000000000066        2.2517685753758052E-002   5.4513739898991763E-003
